version 2
run Pipelined_3Teachers-66-20190105-10:57:32-15700
attr configname Pipelined_3Teachers
attr datetime 20190105-10:57:32
attr experiment Pipelined_3Teachers
attr inifile ../simulations/omnetpp.ini
attr iterationvars "$0=\"uniform\""
attr iterationvarsf uniform-
attr measurement "$0=\"uniform\""
attr network PipelinedExamSession
attr processid 15700
attr repetition 66
attr replication #66
attr resultdir results
attr runnumber 66
attr seedset 66
param **.teachersNumber 3
param **.answerTimeDistribution "\"uniform\""
param **.minUniform 300
param **.maxUniform 900
param **.scaleLognormal 6.2854
param **.shapeLognormal 0.4724

vector 0 PipelinedExamSession examinationTime:vector ETV
attr source examFinished
vector 1 PipelinedExamSession studentID:vector ETV
attr source student
0	3210	260111.423350358401	1988.8312209863
0	3217	260540.34475092778	1606.7274993751
0	3226	261429.942684201543	1778.1088298187
0	3239	262726.822102535536	2385.4784578085
0	3246	263293.38648095729	2138.9207324479
0	3257	264157.304218551164	2242.0096384361
0	3262	264625.712762027999	1898.8906594925
0	3271	265413.923803623786	2116.4846110158
0	3280	266417.486803606173	2260.182585055
0	3291	267071.708507370225	2039.8159878328
0	3294	267502.604753617219	1577.2198438179
0	3307	268699.630344612545	1990.1507962961
0	3316	269370.389263657875	1777.8002490755
0	3327	270443.64424282687	2080.6472755037
0	3336	270966.842377418673	1746.2119321804
0	3347	272175.917186541504	2521.476468863
0	3356	272996.993804443649	2544.4704626687
0	3363	273874.234027275837	2574.576543225
0	3370	274353.351576346926	2177.4343898054
0	3379	275092.068069661058	2095.0742652174
0	3388	275735.297422204188	1842.5773347728
0	3397	276233.141303993784	1533.0519480631
0	3410	277244.495145510905	1854.5065512881
0	3415	277651.046816306212	1762.0345274918
0	3424	278417.297325236746	1976.7507537268
0	3435	279581.075929803797	2336.5807842929
0	3442	280050.642658537277	1938.1572186481
0	3453	280941.655963752443	2071.0591959301
0	3460	281369.741806481058	1631.7339755595
0	3471	282466.704393737042	2106.4755211584
0	3478	283092.509744642326	1944.48200427
0	3489	283886.229172674963	2102.9831482563
0	3500	284959.321023384133	2417.0129624661
0	3509	285553.460011817539	2332.7820409555
0	3514	285997.81329701657	1910.5117196683
0	3525	286979.027170501674	2019.7061471175
0	3532	287727.520041586855	2174.0600297693
0	3543	288632.741442555586	2250.2039254177
0	3552	289585.161608364458	2353.7799200043
0	3559	290038.900629803563	1989.8233365733
0	3572	291173.58298846523	2311.3103257958
0	3577	291739.638680918167	2027.6301617268
0	3590	292695.343483099739	2113.0757204723
0	3599	293336.162400618221	2162.579412153
0	3606	293907.704275427412	2036.6623135284
0	3613	294241.27976163293	1545.9362785332
0	3622	295103.505228459861	1767.3428278416
0	3631	295713.638834562178	1731.0210732277
0	3640	296138.701867545049	1530.6360520888
0	3651	297048.435111064489	1687.2395412996
0	3660	297653.407846810321	1624.1796287242
0	3667	298339.835237944524	1860.6409222819
0	3676	299053.235525731023	1795.9135120735
0	3685	299515.809495141756	1742.7152424585
0	3696	300823.291250690843	2295.0217923615
0	3707	301741.282452084149	2485.7620830182
0	3716	302539.28548903207	2496.6816333588
0	3723	303221.406134963061	2293.3972449973
0	3730	303763.038195529978	2021.7557434458
0	3743	305006.696515018145	2467.4110259861
0	3748	305327.314820699418	2048.6662334763
0	3761	306204.116574721436	2050.5948987789
0	3768	306873.092575231592	1866.3960602134
0	3775	307437.317371694396	1805.6576970499
0	3784	308088.375751627634	1884.2591769062
0	3793	309202.86492928865	2145.4235777725
0	3804	309896.926782745893	1979.1876399424
0	3813	310613.896261621292	1815.7732880674
0	3820	310963.351395400266	1620.0294250622
0	3829	311510.747956344883	1596.5450882446
0	3842	313071.725501166682	2403.6150919274
0	3851	313666.380684077765	2165.8098789398
0	3856	314249.173003714557	1949.3831754662
0	3867	315191.667510196592	2119.9420090299
0	3874	315756.957471370723	2090.576787293
0	3887	316716.755193471935	2316.5298391599
0	3894	317040.995868667987	1749.4999132119
0	3903	317862.091812165481	1946.3905875105
0	3914	318589.390927786034	1872.6357343141
0	3921	319302.929022582274	1944.3058183417
0	3928	319931.766618881401	1997.6253546774
0	3937	320549.668189091634	1960.2772613056
0	3948	321840.726557001498	2394.741193112
0	3957	322386.001162882921	2057.0765718352
0	3964	322711.929852794883	1628.8180220872
0	3975	323706.997993821305	1839.2784551717
0	3982	324276.354579906938	1683.3110969514
0	3993	325048.000951716703	1730.4915649351
0	4000	325876.666816044625	2157.1961774491
0	4011	326475.849180528921	1858.8255677372
0	4018	326963.354578893659	1494.131010538
0	4029	328177.9515848961	2131.7803986836
0	4036	328770.82833331081	1931.6147654783
0	4045	329272.092039417502	1618.7278958503
0	4058	330545.304573001367	2123.3425126411
0	4065	330878.943651728359	1964.2565775197
0	4074	331357.243850687546	1697.3558869679
0	4081	331713.222859567059	1167.9182865657
0	4092	333035.296154022244	2069.6506630629
0	4101	333975.870528258411	2265.1036382653
0	4108	334650.361685408307	2147.2389423754
0	4117	335369.645401323242	2100.344367139
0	4126	336085.771357873482	2041.0242191982
0	4137	336844.464286789325	2031.3963398337
0	4144	337151.465432625291	1501.1565099936
0	4155	338115.637307614115	1917.3345881514
0	4162	338983.51625902581	2004.5716321561
0	4173	340099.73792787644	2336.2734180875
0	4184	340777.509604347898	2225.9542515501
0	4191	341554.218551097466	2141.6653529741
0	4198	341973.626393917976	1779.073362099
0	4207	342703.604689613013	1926.0950852651
0	4216	343814.132548263325	2187.4418701977
0	4227	344666.675912914827	2191.935100453
0	4238	345546.960056852579	2213.9697601553
0	4247	346183.64586699757	2199.3543648161
0	4256	347050.805341685221	2281.5727658104
0	4261	347505.092149693549	1958.132092841
0	4272	348511.310038017139	2327.6641710196
0	4279	348976.090704510019	1925.2853628248
0	4292	350153.815879672796	2265.8384403214
0	4301	350739.169807964966	2121.2435833644
0	4306	351184.099734714285	1914.7596267052
0	4315	351689.910193439604	1536.0943137668
0	4326	352898.373635625497	2159.2038276605
0	4335	353675.110219605297	2053.802331537
0	4346	354456.733204191581	2087.6813553739
0	4351	354954.781586537168	1913.6493934784
0	4364	356032.520762225644	2147.9534021113
0	4373	356867.054842226238	2410.3216380347
0	4380	357302.281230082766	2166.0499686375
0	4389	358172.627050615878	2140.1062883902
0	4396	358662.747309403525	1795.6924671773
0	4405	359413.167946971984	1937.6397966407
0	4416	360435.134808998587	2090.5604678672
0	4423	360863.324970100106	1737.1803535614
0	4434	361492.242993833529	1636.3501396962
0	4445	362568.498867424236	2011.3524855115
0	4452	363106.132884789289	2092.6524266135
0	4459	363603.71895809661	1900.2188392449
0	4468	364524.191679898681	1955.6928124744
0	4477	364965.905682044134	1754.6111172996
0	4488	365751.392397237972	1769.9257110246
0	4495	366621.487589646161	1844.8773784563
0	4504	367404.980129236385	2002.5896294508
0	4515	368328.252668352828	2114.616924338
0	4522	369132.067523198233	2165.0468906388
0	4531	370398.128827940702	2570.798551105
0	4540	370770.682767871797	2048.0635729618
0	4549	371761.484722467169	2143.2104387786
0	4562	372838.999525783613	2383.8862598408
0	4569	373623.81694545041	2347.3657432012
0	4576	374279.427531408176	2200.872541219
0	4587	375467.418824834779	2628.4192990512
0	4598	376300.356036191836	2572.4831916858
0	4607	376954.998185299367	2337.1552348137
0	4612	377280.224318755821	1774.8064296786
0	4625	378399.313914030821	2098.957877839
0	4632	378722.32353896837	1767.325353669
0	4639	379852.532189665393	2309.7572749481
0	4650	380594.975416827978	2195.6615027972
0	4661	381400.361268036099	2195.8637859207
0	4670	382052.670855866777	2015.447188681
0	4677	382732.450732262837	2044.3416663911
0	4684	383392.940910626235	1992.5796425901
0	4693	383938.734610984135	1886.0637551174
0	4704	384598.045857343856	1804.8795305192
0	4711	385147.959436476264	1567.7375642583
0	4720	385678.200725605745	1494.7175090667
0	4729	386506.999793462488	1725.6021541078
0	4742	387616.615229425985	2304.0934821591
0	4747	388048.657402396235	1905.6762937456
0	4756	388595.662037003818	1747.1183214337
0	4769	389840.20849023949	2223.5932608135
0	4774	390398.37807985026	1911.4150120877
0	4783	390841.562069579993	1586.649081856
0	4794	391385.492144152555	1545.2836539131
0	4801	391957.89741771299	1452.5454830378
0	4810	392682.842248817939	1656.8987694103
0	4821	393890.995893906835	2210.9249691479
0	4828	394517.831074912134	2158.4020804614
0	4837	395025.743294740129	1855.2450028248
0	4848	396132.932509621639	2105.623027822
0	4857	396640.866883797605	1855.3970839363
0	4864	397398.334366735105	2099.7373185586
0	4875	398339.718783320892	2160.0041186437
0	4884	399091.231386177276	2234.5309561584
0	4891	399450.598625466262	1736.464286875
0	4900	400030.638221930747	1614.4789146725
0	4911	401299.586316151579	2048.0973428115
0	4918	401777.853470575099	1819.8510359041
0	4927	402429.436148610001	1582.8668134287
0	4936	403184.808901743998	1730.1440868527
0	4947	404182.224721647834	2182.3009300511
0	4958	404975.438046036323	2227.6466522366
0	4965	405673.946685344016	2044.2483587656
0	4976	406180.637320457062	1974.0366839804
0	4981	406795.689098769835	1820.2510527335
0	4990	407564.384465944058	1752.2752898745
0	5003	408525.411557313091	2344.774236856
0	5012	409258.752384642175	2244.8218740989
0	5019	409882.114021992347	2067.9953989573
0	5028	410472.059051133729	1946.6474938206
0	5035	411230.206268141083	1971.4538834989
0	5044	411604.451029049268	1617.2711140942
0	5053	412689.936479833013	1862.1795851737
0	5062	413267.298913467712	1834.8526006099
0	5073	414582.275055907704	2350.9136427194
0	5080	415127.298137638755	2175.2581000328
0	5089	416015.715857595242	2173.1103468686
0	5098	416770.02675826665	2138.3587345015
0	5107	417269.083868851922	1960.1455628872
0	5118	418168.141003511883	2002.6827346534
0	5129	418984.151184791736	1952.4340622127
0	5134	419433.567784773223	1728.9296715986
0	5145	420307.832560362332	2050.0122929458
0	5156	421489.525919174813	2505.3747343831
0	5163	422153.085418883749	2282.2152154986
0	5172	422879.598666960411	2134.4044670463
0	5179	423566.602584952526	2077.0766657777
0	5192	424671.438373904713	2297.3970464431
0	5199	425221.984762139656	2053.9499719162
0	5210	425979.498924175315	2048.9799736999
0	5217	426528.093840228431	1856.6554663237
0	5220	426864.734701998569	1568.5508654919
0	5237	428484.548086440229	2505.0491622649
0	5246	429019.297225261145	2147.4990089424
0	5251	429348.612952977457	1612.8672153689
0	5260	429834.872062224933	1350.3239757847
0	5273	431239.411174273157	2220.113949012
0	5282	432050.92933452692	2436.0987325665
0	5287	432613.037277711594	2213.6317627039
0	5296	433267.605755198785	2028.1945809256
0	5307	434188.690527062901	2137.761192536
0	5316	434820.834825933018	1940.0864779484
0	5323	435426.820712210649	1735.9908648301
0	5332	436388.929628161752	2027.4446063675
0	5343	437472.229803213888	2296.496967366
0	5350	437961.780062550718	1958.4064648021
0	5363	439070.081001520196	2224.3234619033
0	5368	439399.909757310564	1849.9398472253
0	5377	440144.807291636282	1768.4909014497
0	5390	441200.713107269297	2130.6321057491
0	5397	441948.070017714093	2129.9121620134
0	5404	442484.722883580292	2009.3932783697
0	5415	443611.830589547793	2411.1174822785
0	5426	444150.08576461118	2100.1661439892
0	5431	444476.396261388476	1644.7749529034
0	5442	445426.081331446807	1739.9670754094
0	5449	446365.505808591883	2215.4200439807
0	5458	446825.291146617423	1956.7308244295
0	5467	447754.365309141617	2073.649492627
0	5480	448700.630504312035	2176.8509702291
0	5489	449590.278976131272	2401.8459187355
0	5494	449914.497741730925	2006.843324611
0	5503	450662.849699333351	1962.2191950213
0	5512	451444.422645634082	1854.1436695028
0	5523	452130.487493891311	1772.7915993892
0	5532	452743.096970720259	1553.9117516018
0	5539	453394.216042058585	1634.8800082225
0	5548	453956.392416078639	1806.3056804705
0	5559	454751.620400603903	1941.3632351439
0	5570	455626.684200111819	1937.9305173643
0	5575	456121.017056750176	2043.9180479385
0	5586	456927.364654094023	2117.9873462766
0	5595	457898.489904357163	2271.8057042453
0	5602	458412.331594666509	1941.8533621822
0	5613	459265.957501390991	1961.880995566
0	5622	460246.752006048379	2163.2351671346
0	5633	461191.683517210228	2375.3658332862
0	5638	461715.995181212244	2242.5234179478
0	5647	462244.690704625143	1946.3713798206
0	5658	463532.901308219923	2341.2177910097
0	5665	463952.17901724395	2018.5428634286
0	5676	464722.802914772226	1995.0060747564
0	5683	465756.813733466013	2129.7323432285
0	5694	466276.878253603398	1880.5168372113
0	5705	467364.314319938465	2070.7169146277
0	5710	467829.03346633543	1938.4792007972
0	5719	468677.48663448733	2019.4736455567
0	5730	469194.715082505762	1830.4007625673
0	5741	469978.149783611342	1798.2512357645
0	5746	470336.479623941749	1496.6329355724
0	5755	471314.73943269816	1942.6036239602
0	5768	472074.711401760624	2096.5616181493
0	5775	472584.688618825794	1746.6962011065
0	5782	473390.211618365765	1861.9540337473
0	5791	473888.803007360593	1814.0916056
0	5800	474825.529967621015	1966.8234289158
0	5811	475853.985236864582	2293.0461378302
0	5820	476777.195553621322	2320.4633535817
0	5827	477125.170823698908	1928.1132051721
0	5836	477774.086963664786	1760.7248903252
0	5845	478638.830614322842	1742.0430297498
0	5854	479142.455343436495	1775.6346500013
0	5865	479976.705310866282	1918.0500273127
0	5876	480760.122429393277	1970.7460222766
0	5883	481377.499571302951	1755.1751913037
0	5894	482283.181832777381	2066.1832608283
0	5899	482764.311324572235	2004.188895179
0	5912	483810.758202849001	2404.3428801466
0	5917	484149.741765623957	1866.5599328466
0	5930	485337.617195863322	2225.9197548497
0	5939	485975.009800633461	2164.2515977845
0	5948	486726.549205463425	2270.7254664972
0	5957	487328.950134571687	1991.3329387084
0	5964	488011.137792980344	2036.1279923469
0	5971	488498.352936096535	1771.8037306331
0	5984	489591.761222435207	2262.8110878635
0	5991	490442.906203446955	2272.0719343051
0	6000	490921.402194723533	1929.6800645068
0	6009	491673.792103584902	2082.0308811497
0	6016	492147.193965548696	1699.9810909387
0	6027	493289.450950082438	2224.4969326537
0	6034	493877.152964472817	1916.0150576849
0	6043	494446.228220919193	1608.1268808804
0	6052	495515.204149950342	2065.9777150489
0	6061	496456.61922767763	2321.8797447626
0	6074	497280.084082949952	2268.9327729866
0	6079	497662.690212344796	1761.468170397
0	6092	498531.689521623821	1811.4135167096
0	6099	499019.362906459765	1739.2788235098
0	6102	499398.717753030406	1339.4953204785
0	6115	500493.535624304832	1961.846102681
0	6126	501353.229580633388	1943.5833037365
0	6133	501818.519169325055	1692.4767239951
0	6146	502944.238407723651	2148.3288606629
0	6155	503675.539992749736	2187.679206999
0	6164	504573.312355019197	2338.7243684381
0	6169	505033.463987382174	2089.2255796585
0	6182	506254.849857604176	2579.3098648544
0	6191	507036.03250086312	2462.7201458439
0	6196	507547.9112438858	2173.0840919539
0	6209	508344.447178300515	2089.5973206963
0	6218	509196.93366196011	2160.901161097
0	6225	509586.176928319082	1894.2096718121
0	6236	510417.949069244832	2073.5018909443
0	6243	510908.309110812888	1711.3754488528
0	6250	511376.524811005265	1419.5033204276
0	6259	512249.283405533105	1831.3343362883
0	6268	513042.871602997228	1746.5224400628
0	6277	513868.803404644176	2061.4184108097
0	6286	514492.060508485928	2053.0097858515
0	6297	515182.25701740016	1910.7439833228
0	6304	515854.358666343659	1768.4174455237
0	6315	516606.830101646528	1908.8077523746
0	6326	517356.217748438985	2083.6869486608
0	6331	517759.717548033268	1677.9194065835
0	6342	518816.573183471383	2034.631048562
0	6353	519527.025416214065	2170.8076677751
0	6360	519932.52342282799	1848.0744495057
0	6369	520568.049415480391	1647.3648555111
0	6376	521178.137602983088	1651.112186769
0	6389	521912.022524932446	1890.1868180372
0	6396	522325.274652242707	1633.7379360572
0	6403	522941.380049614282	1651.004776312
0	6412	523848.090097960131	1936.0675730277
0	6421	524401.65345962164	1787.4111156911
0	6434	525594.838284608023	2382.9008739442
0	6439	526013.230242999317	2007.5096589513
0	6448	526351.227325201081	1465.3986975085
0	6457	526738.189732655929	1143.3514480479
0	6470	528147.652934398548	2105.2288227249
0	6479	529017.447093408601	2555.1170805003
0	6486	529532.697191415401	2215.5675336253
0	6493	529914.861870836513	1767.208936438
0	6502	530695.45705458154	1678.0099611729
0	6515	531634.775722632232	1721.0748694371
0	6520	532335.056077363017	2094.4549371488
0	6529	532820.554692344788	1800.6219944917
0	6538	533667.307403963107	2032.5316813309
0	6547	534501.562569849242	2086.0701686237
0	6556	535355.045673251201	2238.3854250424
0	6565	536273.868532106329	2260.022522416
0	6576	537169.224267359872	2312.4333977234
0	6585	538170.038952212829	2535.3730366565
0	6592	538642.252067523126	2143.3700195979
0	6605	539699.606468947654	2322.7495042607
0	6614	540494.42376466473	2237.7145710401
0	6623	541084.777237521535	1942.8510664031
0	6630	541542.52266981644	1842.9162008688
0	6639	542240.953154303185	1746.5293896385
0	6648	543079.320739209704	1994.5435016882
0	6657	543863.019958790444	2137.8873609938
0	6668	544615.637196600489	2240.5162374023
0	6677	545434.654654841922	2221.9943193253
0	6686	546070.925457961909	2146.6241647024
0	6691	546556.964057218335	1941.3268606178
0	6700	546969.31920940993	1534.664554568
0	6711	548148.869449133106	2077.9439911712
0	6718	548565.70779969921	1924.2584967054
0	6729	549742.056988366001	2363.9167291112
0	6736	550114.591127308138	1845.1978007331
0	6745	550877.88971308624	1799.8098010663
0	6754	551358.963321754761	1600.1706069801
0	6767	552736.943212291278	2175.2685008571
0	6774	553446.347909420781	2380.7273810729
0	6783	553904.685280239261	2025.6989297457
0	6792	554557.962565915711	1821.0193536244
0	6801	555352.18562227679	1898.7046034541
0	6812	556223.138895956852	2062.1078568511
0	6819	556711.628544190951	2054.0805249475
0	6830	557782.608096348174	2333.2074715756
0	6835	558221.322130551614	1998.1832345948
0	6844	558787.955216830648	1782.37196845
0	6855	559585.258818464405	1802.6507221162
0	6862	560305.444861063785	1914.4585783593
0	6873	561320.037302328326	2144.360849401
0	6880	562002.038365462847	2025.4319317639
0	6891	562772.532720118813	2010.8985287603
0	6898	563458.450476871855	1833.788695978
0	6909	564542.167496122472	2266.4661984891
0	6916	565204.903280362539	2186.7031547707
0	6925	565839.538348512777	1948.5010528006
0	6936	566798.496596887761	2025.2825605217
0	6943	567168.230933742651	1728.4494771156
0	6952	568078.681844752335	1982.4038285762
0	6965	568879.871563240939	2031.8840141874
0	6972	569556.025515077689	2070.2604110353
0	6983	570451.788352942148	2198.2964232098
0	6992	571197.138804523328	2317.2672412824
0	6997	571737.188191618824	2013.053091662
0	7010	572612.132222950512	2160.3438700084
0	7015	573140.208272868821	1943.0694683455
0	7028	574069.153737556243	2040.4862889089
0	7033	574728.85254202416	2116.7203190736
0	7042	575280.525180045569	2023.1629899703
0	7055	576435.341367032432	2366.1876294762
0	7060	576865.878372034111	1996.3235083502
0	7073	577773.746492900007	2182.6534019317
0	7080	578476.63523051893	2041.2938634865
0	7087	578870.37960123276	1798.0096607935
0	7100	580314.503232250044	2540.75673935
0	7109	581143.531092675457	2549.9117849395
0	7118	581883.37583416147	2450.3306074999
0	7123	582214.023266919012	1899.520034669
0	7132	582901.396567421089	1757.8654747456
0	7141	583275.226722657735	1391.8508884963
0	7152	584510.531253833379	1890.9783359617
0	7159	585148.399551445674	1922.8823427111
0	7172	586490.42166746227	2520.4581352416
0	7179	587162.953876610901	2387.8905208781
0	7188	588055.131380679142	2400.5256033037
0	7197	588735.035032918733	2244.6133654565
0	7204	589173.272739909644	1826.8356306944
0	7213	589783.943377761225	1585.0762459449
0	7222	590845.137764141019	1972.1892911475
0	7231	591619.399853842388	1876.074353233
0	7242	592838.986215507667	2308.6708833463
0	7253	593572.149844095166	2263.0404266529
0	7262	594359.224696783404	2308.7032914162
0	7267	594697.325215023066	1841.5545492433
0	7276	595579.412216926049	2007.2623728309
0	7287	596407.635701727177	2048.4110049438
0	7296	597005.538369482439	1758.062777482
0	7307	597672.812544275131	1839.5774623845
0	7312	598116.703270236086	1697.4662245251
0	7321	599035.194508452024	1885.7417867985
0	7330	599635.567019227948	1962.7544749528
0	7339	600314.572819322405	1796.4907635469
0	7348	600894.244829099682	1789.2904527951
0	7359	602069.565649749768	2178.3516081981
0	7366	602870.248760003653	2270.5702548847
0	7379	603723.286889959183	2256.2474603299
0	7388	604522.172743314934	2168.6512622517
1	3210	260111.423350358401	355
1	3217	260540.34475092778	356
1	3226	261429.942684201543	357
1	3239	262726.822102535536	358
1	3246	263293.38648095729	359
1	3257	264157.304218551164	360
1	3262	264625.712762027999	361
1	3271	265413.923803623786	362
1	3280	266417.486803606173	363
1	3291	267071.708507370225	364
1	3294	267502.604753617219	365
1	3307	268699.630344612545	366
1	3316	269370.389263657875	367
1	3327	270443.64424282687	368
1	3336	270966.842377418673	369
1	3347	272175.917186541504	370
1	3356	272996.993804443649	371
1	3363	273874.234027275837	372
1	3370	274353.351576346926	373
1	3379	275092.068069661058	374
1	3388	275735.297422204188	375
1	3397	276233.141303993784	376
1	3410	277244.495145510905	377
1	3415	277651.046816306212	378
1	3424	278417.297325236746	379
1	3435	279581.075929803797	380
1	3442	280050.642658537277	381
1	3453	280941.655963752443	382
1	3460	281369.741806481058	383
1	3471	282466.704393737042	384
1	3478	283092.509744642326	385
1	3489	283886.229172674963	386
1	3500	284959.321023384133	387
1	3509	285553.460011817539	388
1	3514	285997.81329701657	389
1	3525	286979.027170501674	390
1	3532	287727.520041586855	391
1	3543	288632.741442555586	392
1	3552	289585.161608364458	393
1	3559	290038.900629803563	394
1	3572	291173.58298846523	395
1	3577	291739.638680918167	396
1	3590	292695.343483099739	397
1	3599	293336.162400618221	398
1	3606	293907.704275427412	399
1	3613	294241.27976163293	400
1	3622	295103.505228459861	401
1	3631	295713.638834562178	402
1	3640	296138.701867545049	403
1	3651	297048.435111064489	404
1	3660	297653.407846810321	405
1	3667	298339.835237944524	406
1	3676	299053.235525731023	407
1	3685	299515.809495141756	408
1	3696	300823.291250690843	409
1	3707	301741.282452084149	410
1	3716	302539.28548903207	411
1	3723	303221.406134963061	412
1	3730	303763.038195529978	413
1	3743	305006.696515018145	414
1	3748	305327.314820699418	415
1	3761	306204.116574721436	416
1	3768	306873.092575231592	417
1	3775	307437.317371694396	418
1	3784	308088.375751627634	419
1	3793	309202.86492928865	420
1	3804	309896.926782745893	421
1	3813	310613.896261621292	422
1	3820	310963.351395400266	423
1	3829	311510.747956344883	424
1	3842	313071.725501166682	425
1	3851	313666.380684077765	426
1	3856	314249.173003714557	427
1	3867	315191.667510196592	428
1	3874	315756.957471370723	429
1	3887	316716.755193471935	430
1	3894	317040.995868667987	431
1	3903	317862.091812165481	432
1	3914	318589.390927786034	433
1	3921	319302.929022582274	434
1	3928	319931.766618881401	435
1	3937	320549.668189091634	436
1	3948	321840.726557001498	437
1	3957	322386.001162882921	438
1	3964	322711.929852794883	439
1	3975	323706.997993821305	440
1	3982	324276.354579906938	441
1	3993	325048.000951716703	442
1	4000	325876.666816044625	443
1	4011	326475.849180528921	444
1	4018	326963.354578893659	445
1	4029	328177.9515848961	446
1	4036	328770.82833331081	447
1	4045	329272.092039417502	448
1	4058	330545.304573001367	449
1	4065	330878.943651728359	450
1	4074	331357.243850687546	451
1	4081	331713.222859567059	452
1	4092	333035.296154022244	453
1	4101	333975.870528258411	454
1	4108	334650.361685408307	455
1	4117	335369.645401323242	456
1	4126	336085.771357873482	457
1	4137	336844.464286789325	458
1	4144	337151.465432625291	459
1	4155	338115.637307614115	460
1	4162	338983.51625902581	461
1	4173	340099.73792787644	462
1	4184	340777.509604347898	463
1	4191	341554.218551097466	464
1	4198	341973.626393917976	465
1	4207	342703.604689613013	466
1	4216	343814.132548263325	467
1	4227	344666.675912914827	468
1	4238	345546.960056852579	469
1	4247	346183.64586699757	470
1	4256	347050.805341685221	471
1	4261	347505.092149693549	472
1	4272	348511.310038017139	473
1	4279	348976.090704510019	474
1	4292	350153.815879672796	475
1	4301	350739.169807964966	476
1	4306	351184.099734714285	477
1	4315	351689.910193439604	478
1	4326	352898.373635625497	479
1	4335	353675.110219605297	480
1	4346	354456.733204191581	481
1	4351	354954.781586537168	482
1	4364	356032.520762225644	483
1	4373	356867.054842226238	484
1	4380	357302.281230082766	485
1	4389	358172.627050615878	486
1	4396	358662.747309403525	487
1	4405	359413.167946971984	488
1	4416	360435.134808998587	489
1	4423	360863.324970100106	490
1	4434	361492.242993833529	491
1	4445	362568.498867424236	492
1	4452	363106.132884789289	493
1	4459	363603.71895809661	494
1	4468	364524.191679898681	495
1	4477	364965.905682044134	496
1	4488	365751.392397237972	497
1	4495	366621.487589646161	498
1	4504	367404.980129236385	499
1	4515	368328.252668352828	500
1	4522	369132.067523198233	501
1	4531	370398.128827940702	502
1	4540	370770.682767871797	503
1	4549	371761.484722467169	504
1	4562	372838.999525783613	505
1	4569	373623.81694545041	506
1	4576	374279.427531408176	507
1	4587	375467.418824834779	508
1	4598	376300.356036191836	509
1	4607	376954.998185299367	510
1	4612	377280.224318755821	511
1	4625	378399.313914030821	512
1	4632	378722.32353896837	513
1	4639	379852.532189665393	514
1	4650	380594.975416827978	515
1	4661	381400.361268036099	516
1	4670	382052.670855866777	517
1	4677	382732.450732262837	518
1	4684	383392.940910626235	519
1	4693	383938.734610984135	520
1	4704	384598.045857343856	521
1	4711	385147.959436476264	522
1	4720	385678.200725605745	523
1	4729	386506.999793462488	524
1	4742	387616.615229425985	525
1	4747	388048.657402396235	526
1	4756	388595.662037003818	527
1	4769	389840.20849023949	528
1	4774	390398.37807985026	529
1	4783	390841.562069579993	530
1	4794	391385.492144152555	531
1	4801	391957.89741771299	532
1	4810	392682.842248817939	533
1	4821	393890.995893906835	534
1	4828	394517.831074912134	535
1	4837	395025.743294740129	536
1	4848	396132.932509621639	537
1	4857	396640.866883797605	538
1	4864	397398.334366735105	539
1	4875	398339.718783320892	540
1	4884	399091.231386177276	541
1	4891	399450.598625466262	542
1	4900	400030.638221930747	543
1	4911	401299.586316151579	544
1	4918	401777.853470575099	545
1	4927	402429.436148610001	546
1	4936	403184.808901743998	547
1	4947	404182.224721647834	548
1	4958	404975.438046036323	549
1	4965	405673.946685344016	550
1	4976	406180.637320457062	551
1	4981	406795.689098769835	552
1	4990	407564.384465944058	553
1	5003	408525.411557313091	554
1	5012	409258.752384642175	555
1	5019	409882.114021992347	556
1	5028	410472.059051133729	557
1	5035	411230.206268141083	558
1	5044	411604.451029049268	559
1	5053	412689.936479833013	560
1	5062	413267.298913467712	561
1	5073	414582.275055907704	562
1	5080	415127.298137638755	563
1	5089	416015.715857595242	564
1	5098	416770.02675826665	565
1	5107	417269.083868851922	566
1	5118	418168.141003511883	567
1	5129	418984.151184791736	568
1	5134	419433.567784773223	569
1	5145	420307.832560362332	570
1	5156	421489.525919174813	571
1	5163	422153.085418883749	572
1	5172	422879.598666960411	573
1	5179	423566.602584952526	574
1	5192	424671.438373904713	575
1	5199	425221.984762139656	576
1	5210	425979.498924175315	577
1	5217	426528.093840228431	578
1	5220	426864.734701998569	579
1	5237	428484.548086440229	580
1	5246	429019.297225261145	581
1	5251	429348.612952977457	582
1	5260	429834.872062224933	583
1	5273	431239.411174273157	584
1	5282	432050.92933452692	585
1	5287	432613.037277711594	586
1	5296	433267.605755198785	587
1	5307	434188.690527062901	588
1	5316	434820.834825933018	589
1	5323	435426.820712210649	590
1	5332	436388.929628161752	591
1	5343	437472.229803213888	592
1	5350	437961.780062550718	593
1	5363	439070.081001520196	594
1	5368	439399.909757310564	595
1	5377	440144.807291636282	596
1	5390	441200.713107269297	597
1	5397	441948.070017714093	598
1	5404	442484.722883580292	599
1	5415	443611.830589547793	600
1	5426	444150.08576461118	601
1	5431	444476.396261388476	602
1	5442	445426.081331446807	603
1	5449	446365.505808591883	604
1	5458	446825.291146617423	605
1	5467	447754.365309141617	606
1	5480	448700.630504312035	607
1	5489	449590.278976131272	608
1	5494	449914.497741730925	609
1	5503	450662.849699333351	610
1	5512	451444.422645634082	611
1	5523	452130.487493891311	612
1	5532	452743.096970720259	613
1	5539	453394.216042058585	614
1	5548	453956.392416078639	615
1	5559	454751.620400603903	616
1	5570	455626.684200111819	617
1	5575	456121.017056750176	618
1	5586	456927.364654094023	619
1	5595	457898.489904357163	620
1	5602	458412.331594666509	621
1	5613	459265.957501390991	622
1	5622	460246.752006048379	623
1	5633	461191.683517210228	624
1	5638	461715.995181212244	625
1	5647	462244.690704625143	626
1	5658	463532.901308219923	627
1	5665	463952.17901724395	628
1	5676	464722.802914772226	629
1	5683	465756.813733466013	630
1	5694	466276.878253603398	631
1	5705	467364.314319938465	632
1	5710	467829.03346633543	633
1	5719	468677.48663448733	634
1	5730	469194.715082505762	635
1	5741	469978.149783611342	636
1	5746	470336.479623941749	637
1	5755	471314.73943269816	638
1	5768	472074.711401760624	639
1	5775	472584.688618825794	640
1	5782	473390.211618365765	641
1	5791	473888.803007360593	642
1	5800	474825.529967621015	643
1	5811	475853.985236864582	644
1	5820	476777.195553621322	645
1	5827	477125.170823698908	646
1	5836	477774.086963664786	647
1	5845	478638.830614322842	648
1	5854	479142.455343436495	649
1	5865	479976.705310866282	650
1	5876	480760.122429393277	651
1	5883	481377.499571302951	652
1	5894	482283.181832777381	653
1	5899	482764.311324572235	654
1	5912	483810.758202849001	655
1	5917	484149.741765623957	656
1	5930	485337.617195863322	657
1	5939	485975.009800633461	658
1	5948	486726.549205463425	659
1	5957	487328.950134571687	660
1	5964	488011.137792980344	661
1	5971	488498.352936096535	662
1	5984	489591.761222435207	663
1	5991	490442.906203446955	664
1	6000	490921.402194723533	665
1	6009	491673.792103584902	666
1	6016	492147.193965548696	667
1	6027	493289.450950082438	668
1	6034	493877.152964472817	669
1	6043	494446.228220919193	670
1	6052	495515.204149950342	671
1	6061	496456.61922767763	672
1	6074	497280.084082949952	673
1	6079	497662.690212344796	674
1	6092	498531.689521623821	675
1	6099	499019.362906459765	676
1	6102	499398.717753030406	677
1	6115	500493.535624304832	678
1	6126	501353.229580633388	679
1	6133	501818.519169325055	680
1	6146	502944.238407723651	681
1	6155	503675.539992749736	682
1	6164	504573.312355019197	683
1	6169	505033.463987382174	684
1	6182	506254.849857604176	685
1	6191	507036.03250086312	686
1	6196	507547.9112438858	687
1	6209	508344.447178300515	688
1	6218	509196.93366196011	689
1	6225	509586.176928319082	690
1	6236	510417.949069244832	691
1	6243	510908.309110812888	692
1	6250	511376.524811005265	693
1	6259	512249.283405533105	694
1	6268	513042.871602997228	695
1	6277	513868.803404644176	696
1	6286	514492.060508485928	697
1	6297	515182.25701740016	698
1	6304	515854.358666343659	699
1	6315	516606.830101646528	700
1	6326	517356.217748438985	701
1	6331	517759.717548033268	702
1	6342	518816.573183471383	703
1	6353	519527.025416214065	704
1	6360	519932.52342282799	705
1	6369	520568.049415480391	706
1	6376	521178.137602983088	707
1	6389	521912.022524932446	708
1	6396	522325.274652242707	709
1	6403	522941.380049614282	710
1	6412	523848.090097960131	711
1	6421	524401.65345962164	712
1	6434	525594.838284608023	713
1	6439	526013.230242999317	714
1	6448	526351.227325201081	715
1	6457	526738.189732655929	716
1	6470	528147.652934398548	717
1	6479	529017.447093408601	718
1	6486	529532.697191415401	719
1	6493	529914.861870836513	720
1	6502	530695.45705458154	721
1	6515	531634.775722632232	722
1	6520	532335.056077363017	723
1	6529	532820.554692344788	724
1	6538	533667.307403963107	725
1	6547	534501.562569849242	726
1	6556	535355.045673251201	727
1	6565	536273.868532106329	728
1	6576	537169.224267359872	729
1	6585	538170.038952212829	730
1	6592	538642.252067523126	731
1	6605	539699.606468947654	732
1	6614	540494.42376466473	733
1	6623	541084.777237521535	734
1	6630	541542.52266981644	735
1	6639	542240.953154303185	736
1	6648	543079.320739209704	737
1	6657	543863.019958790444	738
1	6668	544615.637196600489	739
1	6677	545434.654654841922	740
1	6686	546070.925457961909	741
1	6691	546556.964057218335	742
1	6700	546969.31920940993	743
1	6711	548148.869449133106	744
1	6718	548565.70779969921	745
1	6729	549742.056988366001	746
1	6736	550114.591127308138	747
1	6745	550877.88971308624	748
1	6754	551358.963321754761	749
1	6767	552736.943212291278	750
1	6774	553446.347909420781	751
1	6783	553904.685280239261	752
1	6792	554557.962565915711	753
1	6801	555352.18562227679	754
1	6812	556223.138895956852	755
1	6819	556711.628544190951	756
1	6830	557782.608096348174	757
1	6835	558221.322130551614	758
1	6844	558787.955216830648	759
1	6855	559585.258818464405	760
1	6862	560305.444861063785	761
1	6873	561320.037302328326	762
1	6880	562002.038365462847	763
1	6891	562772.532720118813	764
1	6898	563458.450476871855	765
1	6909	564542.167496122472	766
1	6916	565204.903280362539	767
1	6925	565839.538348512777	768
1	6936	566798.496596887761	769
1	6943	567168.230933742651	770
1	6952	568078.681844752335	771
1	6965	568879.871563240939	772
1	6972	569556.025515077689	773
1	6983	570451.788352942148	774
1	6992	571197.138804523328	775
1	6997	571737.188191618824	776
1	7010	572612.132222950512	777
1	7015	573140.208272868821	778
1	7028	574069.153737556243	779
1	7033	574728.85254202416	780
1	7042	575280.525180045569	781
1	7055	576435.341367032432	782
1	7060	576865.878372034111	783
1	7073	577773.746492900007	784
1	7080	578476.63523051893	785
1	7087	578870.37960123276	786
1	7100	580314.503232250044	787
1	7109	581143.531092675457	788
1	7118	581883.37583416147	789
1	7123	582214.023266919012	790
1	7132	582901.396567421089	791
1	7141	583275.226722657735	792
1	7152	584510.531253833379	793
1	7159	585148.399551445674	794
1	7172	586490.42166746227	795
1	7179	587162.953876610901	796
1	7188	588055.131380679142	797
1	7197	588735.035032918733	798
1	7204	589173.272739909644	799
1	7213	589783.943377761225	800
1	7222	590845.137764141019	801
1	7231	591619.399853842388	802
1	7242	592838.986215507667	803
1	7253	593572.149844095166	804
1	7262	594359.224696783404	805
1	7267	594697.325215023066	806
1	7276	595579.412216926049	807
1	7287	596407.635701727177	808
1	7296	597005.538369482439	809
1	7307	597672.812544275131	810
1	7312	598116.703270236086	811
1	7321	599035.194508452024	812
1	7330	599635.567019227948	813
1	7339	600314.572819322405	814
1	7348	600894.244829099682	815
1	7359	602069.565649749768	816
1	7366	602870.248760003653	817
1	7379	603723.286889959183	818
1	7388	604522.172743314934	819

