version 2
run Pipelined_3Teachers-76-20190105-10:57:35-24424
attr configname Pipelined_3Teachers
attr datetime 20190105-10:57:35
attr experiment Pipelined_3Teachers
attr inifile ../simulations/omnetpp.ini
attr iterationvars "$0=\"uniform\""
attr iterationvarsf uniform-
attr measurement "$0=\"uniform\""
attr network PipelinedExamSession
attr processid 24424
attr repetition 76
attr replication #76
attr resultdir results
attr runnumber 76
attr seedset 76
param **.teachersNumber 3
param **.answerTimeDistribution "\"uniform\""
param **.minUniform 300
param **.maxUniform 900
param **.scaleLognormal 6.2854
param **.shapeLognormal 0.4724

vector 0 PipelinedExamSession examinationTime:vector ETV
attr source examFinished
vector 1 PipelinedExamSession studentID:vector ETV
attr source student
0	3194	260094.948420440794	2160.5129756033
0	3201	260535.207398934306	1729.5965346973
0	3210	260945.014936896057	1510.4872342665
0	3217	261678.601286932842	1583.652866492
0	3226	262872.470637084932	2319.7685097344
0	3239	263871.866159979269	2453.8128308952
0	3246	264638.92317381689	2378.7372933235
0	3255	265332.384817069412	2240.2211939916
0	3264	266065.378172043726	2193.5120120645
0	3271	266691.797511884958	1943.1608002167
0	3280	267225.023104995503	1805.2898340393
0	3289	267965.982202906175	1824.1896485444
0	3298	268940.988155035317	2084.2269327957
0	3311	269737.029194226503	2249.8576442711
0	3318	270462.450792314499	2148.3079024125
0	3325	270882.378090033322	1854.8806205392
0	3334	271844.582214485869	2107.5530202594
0	3343	272843.917519273251	2224.2527117953
0	3354	273293.869285611451	1815.2739060111
0	3361	274001.574846776218	1933.5131260101
0	3374	275378.894831333325	2500.9763285983
0	3383	276260.028474032895	2512.8367218655
0	3390	276840.256713330762	2323.5667797737
0	3401	277709.076807182299	2330.181975849
0	3408	278092.500056605803	1832.4715825729
0	3415	278712.792574334907	1864.6244023461
0	3424	279812.821316113712	2103.7445089314
0	3433	280326.322465762513	1718.2984228246
0	3442	281495.587015757354	2114.0124382451
0	3453	282433.867028681578	2248.5125457868
0	3460	282981.641553109528	1909.1857442167
0	3471	283808.207184774818	1898.6129575409
0	3480	284683.249398507196	1917.7772888448
0	3487	285373.758692387509	1910.8127409127
0	3496	286096.449251566099	1879.4701438397
0	3509	287031.04815892877	2075.7809209172
0	3518	287921.206449391338	2192.9132563993
0	3527	288745.882226759586	2423.4267194755
0	3536	289478.86021058077	2447.812051652
0	3543	289884.035604726542	1962.8291553352
0	3550	290414.90296111444	1669.0207343549
0	3563	291336.653416603823	1857.7932060231
0	3572	292230.08196526209	2302.6992714498
0	3579	292630.083194235359	2005.1139415707
0	3586	293319.436893146504	1982.7834765427
0	3595	294151.97361689063	1921.8916516285
0	3606	294645.870854565894	1774.7508572415
0	3609	295010.694383969551	1385.2572026197
0	3622	296205.052900593749	1962.5094016548
0	3633	297016.446273308268	1940.5021861196
0	3640	297692.963195499053	1826.8657743931
0	3651	298878.779524471631	2340.2534030378
0	3658	299502.253491058966	2163.2795683108
0	3667	300062.501251045635	1884.0644014534
0	3680	301241.00019405598	2206.1941802502
0	3689	301831.43509333024	1953.9141118526
0	3696	302451.417738385519	1878.4531208687
0	3707	303331.562278652584	2090.5620845966
0	3712	303731.38459911572	1899.9495057855
0	3723	304899.4729251601	2397.2195821814
0	3730	305356.683095125501	2025.1208164729
0	3735	305682.341196527725	1489.2101710662
0	3744	306511.970709962791	1525.4217106383
0	3759	308006.912634708008	2243.9886584412
0	3766	308339.809474954402	1786.4430097863
0	3777	309775.170084647854	2360.9934126958
0	3784	310359.70022007825	2214.7360671312
0	3793	311010.392701998373	2000.3953455482
0	3802	311757.581643713658	1907.7027923428
0	3813	312767.57355965676	2099.0707109682
0	3822	313703.454325720689	2308.6357015651
0	3829	314207.027727412081	2031.2484464608
0	3840	315175.523521425223	2152.3647594731
0	3847	315640.435994742459	1779.1095782071
0	3856	316568.546985229498	2021.3853419758
0	3865	317170.3024256509	1910.4087977204
0	3874	318056.194595200961	2089.9135316256
0	3887	319201.29458969461	2515.9298508894
0	3894	319572.354410961291	2041.6945508681
0	3903	320197.359462082407	1813.2736180443
0	3910	320714.995493413901	1513.7009037193
0	3921	321551.0297523346	1970.89274358
0	3928	322094.816750893389	1887.6039003488
0	3941	323392.934635654112	2333.5198306013
0	3946	323844.148929649984	2214.0429442283
0	3957	324503.673910349628	2004.8372654244
0	3964	324930.640540458283	1537.7059048042
0	3975	325998.131125560051	1973.6394781619
0	3984	326672.058179788313	2124.0642119665
0	3991	327276.380404271207	1934.5746074338
0	4000	327942.596554616488	1831.3141096383
0	4009	328691.88655964101	1899.8805586249
0	4018	329538.817151868737	1869.7123434395
0	4031	330167.796372575707	1792.6879628096
0	4040	330730.779148824535	1592.5983188208
0	4047	331332.370319589995	1765.162876714
0	4054	331643.148049246542	1475.3516766708
0	4065	332984.574983920924	2253.7958350964
0	4072	333308.780046226479	1891.5783535223
0	4083	334257.355735357873	1976.3315806165
0	4090	335257.386377686658	2157.9414436128
0	4101	335933.341236133152	2218.5856731143
0	4108	336324.842867301801	1759.7434196156
0	4117	336898.453679122054	1582.6633527875
0	4128	337889.544614218199	1918.5915166978
0	4135	338390.826812898764	1740.6709014438
0	4148	339489.441504003503	2315.8088386059
0	4155	340241.221153177344	2244.0546378493
0	4166	341098.39239525611	2332.2892914992
0	4173	341734.647843288281	2245.2063392848
0	4180	342242.207941040419	1942.671673419
0	4191	343061.065248632826	1962.6728533767
0	4200	343734.322748472937	1941.4456356782
0	4211	344531.752446619817	2136.3147329539
0	4220	345399.254706781381	2225.677755056
0	4229	346265.520672127628	2431.6688489635
0	4234	346629.063629172766	2097.3111825529
0	4243	347007.130901562074	1607.8761947807
0	4254	348120.850795973116	1855.3301238455
0	4261	348607.196403667354	1618.2799980976
0	4270	349296.12929807047	1812.2325267177
0	4283	350272.841655788967	2018.5179519933
0	4290	350743.323415517831	1772.4017506465
0	4301	351370.248542027572	1874.2054826114
0	4310	352094.315191917146	1821.4735361282
0	4315	352432.817910751352	1574.7168397531
0	4328	353736.382018821338	2366.1334767938
0	4333	354070.271347928816	1975.9561560117
0	4346	355361.386483954289	2485.5397597421
0	4355	356236.603579251119	2500.2215604298
0	4360	356544.819476455473	1984.1522502713
0	4373	357942.377426242479	2580.9909422882
0	4382	358772.39570282402	2535.7921235729
0	4389	359454.133114870661	2346.5596376918
0	4400	360248.910669609928	2306.5332433674
0	4409	360703.352733375528	1930.9570305515
0	4414	361305.05183595235	1782.872318197
0	4423	361782.820140710124	1533.9094711002
0	4432	362669.613256584877	1966.2605232093
0	4443	363477.954342216276	2075.592324743
0	4454	364544.94521613235	2357.5345722958
0	4461	365249.012037506349	2404.0348957758
0	4468	365683.897103648655	1998.4833152499
0	4479	366398.065473977499	1853.1202578451
0	4486	367008.740954613336	1734.668039158
0	4495	367398.845740081765	1363.1140911486
0	4506	368483.985750284069	1916.4997958578
0	4515	369253.69454249742	1966.7872519232
0	4524	369907.468748465205	2166.3703008089
0	4535	370785.608229646484	2153.8531009108
0	4542	371417.461506603311	1990.80110332
0	4549	371726.138130063216	1788.2396324538
0	4560	372748.14633163626	1962.5381019898
0	4567	373126.111334329496	1673.505685525
0	4576	373605.139452125902	1359.5648703631
0	4585	374480.59467785063	1674.0401728079
0	4598	375289.45733159783	1990.3661814518
0	4607	376148.512664157922	1958.7788783479
0	4612	376641.825419012482	1853.6792825907
0	4623	377490.185844898249	2200.7285133004
0	4632	378129.017883818622	1980.5052196607
0	4641	379075.394528685163	2118.3620883152
0	4652	379782.658695615853	2218.2753721252
0	4657	380272.910630470167	1934.4796182588
0	4666	380859.771901136289	1743.4894629288
0	4675	381784.133333573143	2001.4746379573
0	4684	382832.523724576484	2203.1587474979
0	4697	383963.965667272012	2494.4171525538
0	4704	384501.326293218906	2228.0663742218
0	4715	385408.539365697677	2239.9454008788
0	4720	385902.768417354698	1938.8027500827
0	4731	387011.265523592035	2470.7756033633
0	4738	387534.252008982028	2125.7126432844
0	4749	388210.016482695962	1927.4212178774
0	4756	388770.260230125884	1623.0443690903
0	4765	389222.568672895456	1383.9244998526
0	4774	390268.539099907528	1700.7384763565
0	4785	391182.709172274943	2195.9836286958
0	4794	391533.216163376372	1779.1196419392
0	4801	392372.481690254088	1860.5039112736
0	4810	393160.266734892529	1964.1739853192
0	4819	394078.511716146049	2029.747995548
0	4830	395083.034883812096	2179.5537672937
0	4837	395432.278525549945	1713.5880379938
0	4848	396180.938326288041	1815.8164126799
0	4855	396518.711402546641	1413.6342521757
0	4868	397890.409062523422	2167.7092659753
0	4875	398436.659782798988	2236.0246810131
0	4884	399426.531220693169	2366.3894753437
0	4891	399903.750923043144	2013.3418605197
0	4902	400413.840959686814	1648.867162317
0	4913	401252.61756791736	1750.4734181799
0	4918	401579.356369050248	1505.2528899629
0	4927	402265.775726409657	1813.8218399137
0	4936	403019.668271066649	1767.0507031493
0	4949	404004.270188463879	1914.5354425069
0	4956	404860.465688305003	2209.4604605343
0	4963	405180.583569360924	1787.2460525483
0	4972	405636.507842643213	1632.2376541793
0	4981	406219.952300051254	1353.1309617218
0	4990	406919.98192942704	1641.8754750397
0	4999	407695.996149117154	1900.8319222368
0	5008	408202.614638255936	1721.6166801285
0	5017	409291.138457693186	2049.9192082789
0	5030	410601.091566402492	2561.0865203664
0	5037	411157.818196294856	2270.9914596286
0	5044	411799.444471159977	2063.713726541
0	5057	413032.443401031223	2431.3518346287
0	5062	413594.005612470237	2130.6111800484
0	5073	414461.497825803262	2287.9516053479
0	5080	414891.053221933571	1858.6098209023
0	5089	415745.42831489819	2001.1725137942
0	5102	416872.838736511794	2264.0047999565
0	5111	417655.657610250664	2268.5924566817
0	5116	418315.821372158853	2120.1824425254
0	5129	419104.425514815402	2231.5867783036
0	5136	419529.569624969763	1873.9120147191
0	5143	419996.3799806312	1566.6590142064
0	5156	421003.383057704222	1898.9575428888
0	5165	421874.622955732074	2221.153761819
0	5170	422255.306308530298	2073.019075999
0	5183	422854.781757714253	1851.39870001
0	5188	423340.431271679726	1465.8083159477
0	5201	424346.392344776567	2068.4833454434
0	5206	424837.115644058239	1982.333886344
0	5217	425881.724740471717	2222.7180453949
0	5224	426182.552508730467	1836.1601639539
0	5233	426739.992936607477	1653.4908198752
0	5244	427608.175909705486	1666.8581066653
0	5251	428328.657357953515	1784.5021355432
0	5262	429060.050149681072	1938.8679417316
0	5269	429375.646422151502	1707.720569009
0	5282	430742.389489850054	2238.2494049147
0	5287	431313.307271478722	2045.2883309685
0	5296	431814.48627901266	1794.5808735676
0	5305	432595.904714427913	1853.5152245779
0	5314	433355.994452163602	1773.6871873029
0	5325	434078.900098660986	1912.6844542567
0	5332	434382.466544816296	1448.2060109731
0	5343	435347.395319910745	1758.4032228682
0	5350	435763.606901373739	1644.854569668
0	5359	436177.482110448207	1310.9517775476
0	5368	437064.263349026467	1534.3306790572
0	5379	437932.739972323206	2069.4099124521
0	5388	438764.116349956048	2126.28613282
0	5395	439163.081157719743	1795.87677503
0	5404	440002.651541400728	1942.4756061751
0	5415	440656.777627626461	1840.9624451771
0	5424	441549.682181607959	2108.7390599772
0	5433	442402.479494176832	2100.2097900957
0	5442	443008.392981486422	1936.3278779201
0	5451	443838.34664574827	2038.0224714987
0	5458	444241.222924925414	1687.0736762881
0	5469	445111.563042411608	1790.89023876
0	5480	446006.14058235663	2092.2987316735
0	5489	446635.447837645216	1941.9576079119
0	5498	447497.885457705734	2328.645375045
0	5503	447868.346243491424	1862.2056611348
0	5512	448701.715615997119	2066.2677783519
0	5521	449621.054641250549	2123.1691835448
0	5532	450373.632461763947	2149.1709371097
0	5539	450697.10785774517	1742.6400296856
0	5548	451344.737337436556	1549.2332737427
0	5557	452291.935766860873	1899.8369832058
0	5566	453137.748414091796	1954.4199640397
0	5577	454133.868993865356	2291.199014755
0	5584	454840.023945271999	2149.2169276346
0	5593	455553.434086823866	2201.412518369
0	5602	455964.921538811207	1731.4709116705
0	5615	457540.330441296132	2479.0245513897
0	5620	458093.173687392877	2225.2376143355
0	5631	459055.66709409471	2396.4431677479
0	5640	459960.545706236767	2420.2152649406
0	5651	460955.313000083002	2515.9006702714
0	5660	461728.607788542318	2481.996653555
0	5665	462272.290916740927	2181.2323833816
0	5676	462984.345664316821	2029.0326642338
0	5683	463687.905647931654	1959.2978593893
0	5696	464913.109219539944	2390.0152081624
0	5701	465589.125412562896	2204.5556264464
0	5712	466365.931263752315	2274.3538983632
0	5721	466934.103817306492	2020.9945977665
0	5728	467663.438607892054	1939.5383263472
0	5737	468716.557827405664	2302.2922466509
0	5750	469431.909472681614	2228.2978003845
0	5757	470143.611410725894	2241.3906749804
0	5768	470988.428320409762	2197.7386396844
0	5777	471806.325189024242	2374.4157163426
0	5782	472374.738036934318	2193.8401135616
0	5793	472925.840271217781	1937.411950808
0	5800	473487.286570575121	1680.9613815509
0	5811	474716.559938667375	2167.2595377546
0	5822	475665.324591659042	2408.8446832728
0	5829	476053.684096271205	1992.7360753063
0	5838	476850.615060981395	1966.4020755328
0	5847	477642.920366395297	1977.5957747363
0	5856	478232.008786127003	2093.8396845013
0	5863	478870.226200483772	1857.7563041355
0	5872	479761.441288841921	2049.0919971373
0	5883	480792.807324696365	2242.1018810011
0	5892	481524.474804941598	2113.5475192219
0	5901	482181.686394335735	1879.9770919606
0	5912	483102.985190972718	2011.1498613842
0	5917	483415.743244718792	1769.2450510338
0	5926	484153.12421852726	1845.392990252
0	5935	484849.397643283041	1746.4124523103
0	5944	485637.166148889842	1706.9061402697
0	5957	486951.082960981908	2284.3138525262
0	5966	487387.730650277841	1881.4866058063
0	5971	487717.720925062928	1553.2871986739
0	5984	489077.594817895475	2126.5118569136
0	5991	489850.448036519843	2462.717386242
0	6000	490553.092122590202	2304.7492668964
0	6011	491166.223522927645	2088.6287050322
0	6018	491770.709781115908	1868.6020676047
0	6029	492375.732506951351	1806.7394348793
0	6034	492794.268072070588	1628.0445491429
0	6043	493525.678744073991	1703.9517817553
0	6052	493993.439791537855	1617.7072845865
0	6065	495077.137721562793	2102.3028978612
0	6074	495921.31615527909	2243.8620362431
0	6079	496239.070680085604	2004.3650236912
0	6088	497128.49384034056	2051.3561187778
0	6097	497937.384702684393	2016.0685474053
0	6108	498713.949435995927	1983.6921699811
0	6115	499581.195882288774	2382.8381631989
0	6124	500174.888897035307	2119.2186995409
0	6133	500963.16585433673	2013.0374137312
0	6142	501524.925624718925	1897.350680083
0	6155	502780.132081406227	2353.9200235158
0	6160	503164.429493201933	1876.3448843267
0	6171	504114.289531158319	1970.9736566059
0	6180	504922.24949165251	2142.1174102463
0	6187	505336.367127578742	1678.5409043077
0	6196	505912.981010600961	1745.4701538663
0	6207	506985.313433921002	1981.8507978693
0	6214	507387.569407699667	1750.1927417703
0	6227	508298.222053935788	1970.4195882194
0	6234	509170.805652905292	2035.7803869992
0	6241	509570.916764996983	1966.79105605
0	6250	510472.444752836637	2174.2226989008
0	6263	511335.282796667926	2141.1544136703
0	6268	511953.171353274994	1888.3220472839
0	6279	512559.202183876224	1975.4491317552
0	6286	513094.256536290087	1758.9737396222
0	6295	514178.536366391965	2023.3862006105
0	6306	515327.050980459936	2411.3986248616
0	6313	515652.800344582684	1840.3408347163
0	6322	516475.77574672181	1848.5694007482
0	6333	517423.864893615281	2079.0064821951
0	6344	518076.978359464591	2094.094557222
0	6349	518698.93340338025	2118.4910676442
0	6360	519399.247434642201	1953.9859003387
0	6371	520397.990730637719	2321.0123711731
0	6376	521022.690911265125	2100.5823768675
0	6389	521855.04335733134	2281.5904608462
0	6396	522450.943319359829	2052.9525887221
0	6403	523119.826085306739	1869.6271791123
0	6416	524287.754881801119	2432.7115244698
0	6423	525017.547853617033	2380.8082604315
0	6432	525549.842555634713	2057.3362670839
0	6443	526417.129929224065	2129.3750474229
0	6452	527200.366659835017	2131.7289423198
0	6459	527840.193937160111	2176.4509859495
0	6470	528863.634716346896	2446.5047871228
0	6477	529473.901927750594	2273.5352679156
0	6488	530556.936714286021	2471.6001426335
0	6493	530936.663274094499	2073.0285577476
0	6504	531833.833760954476	2122.0419500023
0	6513	532693.610859615765	2136.6741453297
0	6520	533117.696945602111	2025.9067489766
0	6529	533862.385387625582	2019.3836528342
0	6542	534857.226093113459	2115.8448538743
0	6547	535260.475193895436	1784.656454064
0	6556	536129.329216014631	2110.4248020798
0	6567	537101.612928696014	2244.3868355826
0	6574	537543.514847243242	1934.2939916532
0	6585	538414.948009885884	1970.5758422613
0	6594	539221.767818369008	1979.6731540002
0	6605	540023.666092101521	1992.951689288
0	6612	540570.434323791451	1971.3702344801
0	6619	541099.618858331851	1824.243164761
0	6628	541969.920328957996	1946.2542368565
0	6637	542455.330457724667	1606.6711222753
0	6648	543461.167005496135	1808.3670229185
0	6659	544385.499862628094	2381.8653910887
0	6668	544862.783619342408	2038.0384342745
0	6677	545642.166641447729	2151.4180277009
0	6682	546078.918559988997	1693.4186973609
0	6693	546888.222851883656	2025.4392325412
0	6704	548046.080098813435	2403.9134573657
0	6713	548464.055791776663	2011.6717320867
0	6718	548914.980417955703	1649.1494956892
0	6727	549486.020622029936	1439.9405232165
0	6736	549951.450078142843	1487.3942863662
0	6747	550834.486152185163	1788.2476941682
0	6758	551822.47244068425	2116.96549505
0	6763	552151.64292985577	1872.1479486208
0	6774	553116.612609755284	2134.9526651669
0	6781	553951.034021750129	2128.5615810659
0	6790	554558.194996090642	1876.3917335775
0	6801	555466.881165560371	1967.5939905457
0	6812	556724.385103303976	2499.3574499153
0	6821	557533.765492541752	2496.232969081
0	6826	558092.321847472376	2265.341245383
0	6837	558946.008491702414	2221.6233883984
0	6846	559740.709116077087	2206.9436235353
0	6853	560074.10257849846	1771.6788722668
0	6866	561179.41086189825	2138.7569309212
0	6871	561544.522080430797	1768.5822771862
0	6882	562440.869053686074	1968.5158448294
0	6889	562748.117898730598	1568.7070368323
0	6900	564202.750794030763	2292.4677290954
0	6907	564711.563592078201	2021.8244844116
0	6916	565353.985595656595	1777.7290790342
0	6925	566309.504194138608	1871.4745880105
0	6936	567417.711285827718	2085.2277922444
0	6943	567996.443851199038	1829.6855194028
0	6952	568492.785312468223	1470.9203128237
0	6963	569563.69983181361	2002.7041164692
0	6970	570252.061339421234	2043.4335081372
0	6983	570860.50289799463	1801.1506316252
0	6992	571443.63137874756	1850.1628952567
0	6997	571968.43396243643	1499.1093778051
0	7006	572729.968647658863	1869.4657496642
0	7015	573393.163585010954	1949.5322062634
0	7028	574312.303271144666	2109.0533827431
0	7035	574936.357467435338	1923.9269480109
0	7042	575442.465621326156	1735.7381694484
0	7055	576438.072463776954	2125.7691926323
0	7062	577198.004911188074	2132.3559815995
0	7071	577905.454878089987	2264.5641471259
0	7078	578210.722967656367	1772.6505038794
0	7087	578836.818875279316	1512.7500231843
0	7098	579828.322016168425	1805.3318800405
0	7109	580729.983521439175	1922.5783840287
0	7118	581475.678479019592	2160.3268573992
0	7123	581940.782940527464	2044.4843432866
0	7134	583119.810853293206	2389.827331854
0	7141	583531.338686216663	2055.6602071971
0	7152	584535.177229950245	2236.2027070485
0	7161	585279.32886206549	2103.9928063285
0	7168	586061.274527572136	2115.7904220745
0	7179	586833.322527492459	2127.1901833825
0	7186	587419.065913790877	1837.8488976974
0	7197	588518.617604160722	2039.9306001607
0	7206	589245.425569312688	2013.9556339011
0	7213	589912.683190545108	1996.7166231014
0	7222	590437.342961691361	1715.0804850273
0	7231	591150.905903242569	1666.2636323366
0	7242	592057.024523802142	2023.0434317607
0	7251	592919.605393800925	2257.070775982
0	7262	593745.52254122686	2203.4345678519
0	7269	594582.67712686215	2240.5836522114
0	7276	594921.959136799019	1696.1398475803
0	7287	596056.080536451231	2310.5579952244
0	7294	596564.050434110727	1923.7254156265
0	7303	597669.017812935677	2145.665045036
0	7312	598263.568932144013	1956.9105138537
0	7325	599046.793915936764	1844.7828986216
0	7330	599436.559186968993	1636.8841988035
0	7341	600478.55686317202	1999.0504725371
0	7348	600855.406810389872	1808.6128944531
0	7357	601641.469856165391	1810.2092850488
0	7368	602772.843380598393	2234.3954557087
0	7375	603176.538428245154	1820.2753451653
0	7384	603922.481444478077	1765.3383469675
1	3194	260094.948420440794	353
1	3201	260535.207398934306	354
1	3210	260945.014936896057	355
1	3217	261678.601286932842	356
1	3226	262872.470637084932	357
1	3239	263871.866159979269	358
1	3246	264638.92317381689	359
1	3255	265332.384817069412	360
1	3264	266065.378172043726	361
1	3271	266691.797511884958	362
1	3280	267225.023104995503	363
1	3289	267965.982202906175	364
1	3298	268940.988155035317	365
1	3311	269737.029194226503	366
1	3318	270462.450792314499	367
1	3325	270882.378090033322	368
1	3334	271844.582214485869	369
1	3343	272843.917519273251	370
1	3354	273293.869285611451	371
1	3361	274001.574846776218	372
1	3374	275378.894831333325	373
1	3383	276260.028474032895	374
1	3390	276840.256713330762	375
1	3401	277709.076807182299	376
1	3408	278092.500056605803	377
1	3415	278712.792574334907	378
1	3424	279812.821316113712	379
1	3433	280326.322465762513	380
1	3442	281495.587015757354	381
1	3453	282433.867028681578	382
1	3460	282981.641553109528	383
1	3471	283808.207184774818	384
1	3480	284683.249398507196	385
1	3487	285373.758692387509	386
1	3496	286096.449251566099	387
1	3509	287031.04815892877	388
1	3518	287921.206449391338	389
1	3527	288745.882226759586	390
1	3536	289478.86021058077	391
1	3543	289884.035604726542	392
1	3550	290414.90296111444	393
1	3563	291336.653416603823	394
1	3572	292230.08196526209	395
1	3579	292630.083194235359	396
1	3586	293319.436893146504	397
1	3595	294151.97361689063	398
1	3606	294645.870854565894	399
1	3609	295010.694383969551	400
1	3622	296205.052900593749	401
1	3633	297016.446273308268	402
1	3640	297692.963195499053	403
1	3651	298878.779524471631	404
1	3658	299502.253491058966	405
1	3667	300062.501251045635	406
1	3680	301241.00019405598	407
1	3689	301831.43509333024	408
1	3696	302451.417738385519	409
1	3707	303331.562278652584	410
1	3712	303731.38459911572	411
1	3723	304899.4729251601	412
1	3730	305356.683095125501	413
1	3735	305682.341196527725	414
1	3744	306511.970709962791	415
1	3759	308006.912634708008	416
1	3766	308339.809474954402	417
1	3777	309775.170084647854	418
1	3784	310359.70022007825	419
1	3793	311010.392701998373	420
1	3802	311757.581643713658	421
1	3813	312767.57355965676	422
1	3822	313703.454325720689	423
1	3829	314207.027727412081	424
1	3840	315175.523521425223	425
1	3847	315640.435994742459	426
1	3856	316568.546985229498	427
1	3865	317170.3024256509	428
1	3874	318056.194595200961	429
1	3887	319201.29458969461	430
1	3894	319572.354410961291	431
1	3903	320197.359462082407	432
1	3910	320714.995493413901	433
1	3921	321551.0297523346	434
1	3928	322094.816750893389	435
1	3941	323392.934635654112	436
1	3946	323844.148929649984	437
1	3957	324503.673910349628	438
1	3964	324930.640540458283	439
1	3975	325998.131125560051	440
1	3984	326672.058179788313	441
1	3991	327276.380404271207	442
1	4000	327942.596554616488	443
1	4009	328691.88655964101	444
1	4018	329538.817151868737	445
1	4031	330167.796372575707	446
1	4040	330730.779148824535	447
1	4047	331332.370319589995	448
1	4054	331643.148049246542	449
1	4065	332984.574983920924	450
1	4072	333308.780046226479	451
1	4083	334257.355735357873	452
1	4090	335257.386377686658	453
1	4101	335933.341236133152	454
1	4108	336324.842867301801	455
1	4117	336898.453679122054	456
1	4128	337889.544614218199	457
1	4135	338390.826812898764	458
1	4148	339489.441504003503	459
1	4155	340241.221153177344	460
1	4166	341098.39239525611	461
1	4173	341734.647843288281	462
1	4180	342242.207941040419	463
1	4191	343061.065248632826	464
1	4200	343734.322748472937	465
1	4211	344531.752446619817	466
1	4220	345399.254706781381	467
1	4229	346265.520672127628	468
1	4234	346629.063629172766	469
1	4243	347007.130901562074	470
1	4254	348120.850795973116	471
1	4261	348607.196403667354	472
1	4270	349296.12929807047	473
1	4283	350272.841655788967	474
1	4290	350743.323415517831	475
1	4301	351370.248542027572	476
1	4310	352094.315191917146	477
1	4315	352432.817910751352	478
1	4328	353736.382018821338	479
1	4333	354070.271347928816	480
1	4346	355361.386483954289	481
1	4355	356236.603579251119	482
1	4360	356544.819476455473	483
1	4373	357942.377426242479	484
1	4382	358772.39570282402	485
1	4389	359454.133114870661	486
1	4400	360248.910669609928	487
1	4409	360703.352733375528	488
1	4414	361305.05183595235	489
1	4423	361782.820140710124	490
1	4432	362669.613256584877	491
1	4443	363477.954342216276	492
1	4454	364544.94521613235	493
1	4461	365249.012037506349	494
1	4468	365683.897103648655	495
1	4479	366398.065473977499	496
1	4486	367008.740954613336	497
1	4495	367398.845740081765	498
1	4506	368483.985750284069	499
1	4515	369253.69454249742	500
1	4524	369907.468748465205	501
1	4535	370785.608229646484	502
1	4542	371417.461506603311	503
1	4549	371726.138130063216	504
1	4560	372748.14633163626	505
1	4567	373126.111334329496	506
1	4576	373605.139452125902	507
1	4585	374480.59467785063	508
1	4598	375289.45733159783	509
1	4607	376148.512664157922	510
1	4612	376641.825419012482	511
1	4623	377490.185844898249	512
1	4632	378129.017883818622	513
1	4641	379075.394528685163	514
1	4652	379782.658695615853	515
1	4657	380272.910630470167	516
1	4666	380859.771901136289	517
1	4675	381784.133333573143	518
1	4684	382832.523724576484	519
1	4697	383963.965667272012	520
1	4704	384501.326293218906	521
1	4715	385408.539365697677	522
1	4720	385902.768417354698	523
1	4731	387011.265523592035	524
1	4738	387534.252008982028	525
1	4749	388210.016482695962	526
1	4756	388770.260230125884	527
1	4765	389222.568672895456	528
1	4774	390268.539099907528	529
1	4785	391182.709172274943	530
1	4794	391533.216163376372	531
1	4801	392372.481690254088	532
1	4810	393160.266734892529	533
1	4819	394078.511716146049	534
1	4830	395083.034883812096	535
1	4837	395432.278525549945	536
1	4848	396180.938326288041	537
1	4855	396518.711402546641	538
1	4868	397890.409062523422	539
1	4875	398436.659782798988	540
1	4884	399426.531220693169	541
1	4891	399903.750923043144	542
1	4902	400413.840959686814	543
1	4913	401252.61756791736	544
1	4918	401579.356369050248	545
1	4927	402265.775726409657	546
1	4936	403019.668271066649	547
1	4949	404004.270188463879	548
1	4956	404860.465688305003	549
1	4963	405180.583569360924	550
1	4972	405636.507842643213	551
1	4981	406219.952300051254	552
1	4990	406919.98192942704	553
1	4999	407695.996149117154	554
1	5008	408202.614638255936	555
1	5017	409291.138457693186	556
1	5030	410601.091566402492	557
1	5037	411157.818196294856	558
1	5044	411799.444471159977	559
1	5057	413032.443401031223	560
1	5062	413594.005612470237	561
1	5073	414461.497825803262	562
1	5080	414891.053221933571	563
1	5089	415745.42831489819	564
1	5102	416872.838736511794	565
1	5111	417655.657610250664	566
1	5116	418315.821372158853	567
1	5129	419104.425514815402	568
1	5136	419529.569624969763	569
1	5143	419996.3799806312	570
1	5156	421003.383057704222	571
1	5165	421874.622955732074	572
1	5170	422255.306308530298	573
1	5183	422854.781757714253	574
1	5188	423340.431271679726	575
1	5201	424346.392344776567	576
1	5206	424837.115644058239	577
1	5217	425881.724740471717	578
1	5224	426182.552508730467	579
1	5233	426739.992936607477	580
1	5244	427608.175909705486	581
1	5251	428328.657357953515	582
1	5262	429060.050149681072	583
1	5269	429375.646422151502	584
1	5282	430742.389489850054	585
1	5287	431313.307271478722	586
1	5296	431814.48627901266	587
1	5305	432595.904714427913	588
1	5314	433355.994452163602	589
1	5325	434078.900098660986	590
1	5332	434382.466544816296	591
1	5343	435347.395319910745	592
1	5350	435763.606901373739	593
1	5359	436177.482110448207	594
1	5368	437064.263349026467	595
1	5379	437932.739972323206	596
1	5388	438764.116349956048	597
1	5395	439163.081157719743	598
1	5404	440002.651541400728	599
1	5415	440656.777627626461	600
1	5424	441549.682181607959	601
1	5433	442402.479494176832	602
1	5442	443008.392981486422	603
1	5451	443838.34664574827	604
1	5458	444241.222924925414	605
1	5469	445111.563042411608	606
1	5480	446006.14058235663	607
1	5489	446635.447837645216	608
1	5498	447497.885457705734	609
1	5503	447868.346243491424	610
1	5512	448701.715615997119	611
1	5521	449621.054641250549	612
1	5532	450373.632461763947	613
1	5539	450697.10785774517	614
1	5548	451344.737337436556	615
1	5557	452291.935766860873	616
1	5566	453137.748414091796	617
1	5577	454133.868993865356	618
1	5584	454840.023945271999	619
1	5593	455553.434086823866	620
1	5602	455964.921538811207	621
1	5615	457540.330441296132	622
1	5620	458093.173687392877	623
1	5631	459055.66709409471	624
1	5640	459960.545706236767	625
1	5651	460955.313000083002	626
1	5660	461728.607788542318	627
1	5665	462272.290916740927	628
1	5676	462984.345664316821	629
1	5683	463687.905647931654	630
1	5696	464913.109219539944	631
1	5701	465589.125412562896	632
1	5712	466365.931263752315	633
1	5721	466934.103817306492	634
1	5728	467663.438607892054	635
1	5737	468716.557827405664	636
1	5750	469431.909472681614	637
1	5757	470143.611410725894	638
1	5768	470988.428320409762	639
1	5777	471806.325189024242	640
1	5782	472374.738036934318	641
1	5793	472925.840271217781	642
1	5800	473487.286570575121	643
1	5811	474716.559938667375	644
1	5822	475665.324591659042	645
1	5829	476053.684096271205	646
1	5838	476850.615060981395	647
1	5847	477642.920366395297	648
1	5856	478232.008786127003	649
1	5863	478870.226200483772	650
1	5872	479761.441288841921	651
1	5883	480792.807324696365	652
1	5892	481524.474804941598	653
1	5901	482181.686394335735	654
1	5912	483102.985190972718	655
1	5917	483415.743244718792	656
1	5926	484153.12421852726	657
1	5935	484849.397643283041	658
1	5944	485637.166148889842	659
1	5957	486951.082960981908	660
1	5966	487387.730650277841	661
1	5971	487717.720925062928	662
1	5984	489077.594817895475	663
1	5991	489850.448036519843	664
1	6000	490553.092122590202	665
1	6011	491166.223522927645	666
1	6018	491770.709781115908	667
1	6029	492375.732506951351	668
1	6034	492794.268072070588	669
1	6043	493525.678744073991	670
1	6052	493993.439791537855	671
1	6065	495077.137721562793	672
1	6074	495921.31615527909	673
1	6079	496239.070680085604	674
1	6088	497128.49384034056	675
1	6097	497937.384702684393	676
1	6108	498713.949435995927	677
1	6115	499581.195882288774	678
1	6124	500174.888897035307	679
1	6133	500963.16585433673	680
1	6142	501524.925624718925	681
1	6155	502780.132081406227	682
1	6160	503164.429493201933	683
1	6171	504114.289531158319	684
1	6180	504922.24949165251	685
1	6187	505336.367127578742	686
1	6196	505912.981010600961	687
1	6207	506985.313433921002	688
1	6214	507387.569407699667	689
1	6227	508298.222053935788	690
1	6234	509170.805652905292	691
1	6241	509570.916764996983	692
1	6250	510472.444752836637	693
1	6263	511335.282796667926	694
1	6268	511953.171353274994	695
1	6279	512559.202183876224	696
1	6286	513094.256536290087	697
1	6295	514178.536366391965	698
1	6306	515327.050980459936	699
1	6313	515652.800344582684	700
1	6322	516475.77574672181	701
1	6333	517423.864893615281	702
1	6344	518076.978359464591	703
1	6349	518698.93340338025	704
1	6360	519399.247434642201	705
1	6371	520397.990730637719	706
1	6376	521022.690911265125	707
1	6389	521855.04335733134	708
1	6396	522450.943319359829	709
1	6403	523119.826085306739	710
1	6416	524287.754881801119	711
1	6423	525017.547853617033	712
1	6432	525549.842555634713	713
1	6443	526417.129929224065	714
1	6452	527200.366659835017	715
1	6459	527840.193937160111	716
1	6470	528863.634716346896	717
1	6477	529473.901927750594	718
1	6488	530556.936714286021	719
1	6493	530936.663274094499	720
1	6504	531833.833760954476	721
1	6513	532693.610859615765	722
1	6520	533117.696945602111	723
1	6529	533862.385387625582	724
1	6542	534857.226093113459	725
1	6547	535260.475193895436	726
1	6556	536129.329216014631	727
1	6567	537101.612928696014	728
1	6574	537543.514847243242	729
1	6585	538414.948009885884	730
1	6594	539221.767818369008	731
1	6605	540023.666092101521	732
1	6612	540570.434323791451	733
1	6619	541099.618858331851	734
1	6628	541969.920328957996	735
1	6637	542455.330457724667	736
1	6648	543461.167005496135	737
1	6659	544385.499862628094	738
1	6668	544862.783619342408	739
1	6677	545642.166641447729	740
1	6682	546078.918559988997	741
1	6693	546888.222851883656	742
1	6704	548046.080098813435	743
1	6713	548464.055791776663	744
1	6718	548914.980417955703	745
1	6727	549486.020622029936	746
1	6736	549951.450078142843	747
1	6747	550834.486152185163	748
1	6758	551822.47244068425	749
1	6763	552151.64292985577	750
1	6774	553116.612609755284	751
1	6781	553951.034021750129	752
1	6790	554558.194996090642	753
1	6801	555466.881165560371	754
1	6812	556724.385103303976	755
1	6821	557533.765492541752	756
1	6826	558092.321847472376	757
1	6837	558946.008491702414	758
1	6846	559740.709116077087	759
1	6853	560074.10257849846	760
1	6866	561179.41086189825	761
1	6871	561544.522080430797	762
1	6882	562440.869053686074	763
1	6889	562748.117898730598	764
1	6900	564202.750794030763	765
1	6907	564711.563592078201	766
1	6916	565353.985595656595	767
1	6925	566309.504194138608	768
1	6936	567417.711285827718	769
1	6943	567996.443851199038	770
1	6952	568492.785312468223	771
1	6963	569563.69983181361	772
1	6970	570252.061339421234	773
1	6983	570860.50289799463	774
1	6992	571443.63137874756	775
1	6997	571968.43396243643	776
1	7006	572729.968647658863	777
1	7015	573393.163585010954	778
1	7028	574312.303271144666	779
1	7035	574936.357467435338	780
1	7042	575442.465621326156	781
1	7055	576438.072463776954	782
1	7062	577198.004911188074	783
1	7071	577905.454878089987	784
1	7078	578210.722967656367	785
1	7087	578836.818875279316	786
1	7098	579828.322016168425	787
1	7109	580729.983521439175	788
1	7118	581475.678479019592	789
1	7123	581940.782940527464	790
1	7134	583119.810853293206	791
1	7141	583531.338686216663	792
1	7152	584535.177229950245	793
1	7161	585279.32886206549	794
1	7168	586061.274527572136	795
1	7179	586833.322527492459	796
1	7186	587419.065913790877	797
1	7197	588518.617604160722	798
1	7206	589245.425569312688	799
1	7213	589912.683190545108	800
1	7222	590437.342961691361	801
1	7231	591150.905903242569	802
1	7242	592057.024523802142	803
1	7251	592919.605393800925	804
1	7262	593745.52254122686	805
1	7269	594582.67712686215	806
1	7276	594921.959136799019	807
1	7287	596056.080536451231	808
1	7294	596564.050434110727	809
1	7303	597669.017812935677	810
1	7312	598263.568932144013	811
1	7325	599046.793915936764	812
1	7330	599436.559186968993	813
1	7341	600478.55686317202	814
1	7348	600855.406810389872	815
1	7357	601641.469856165391	816
1	7368	602772.843380598393	817
1	7375	603176.538428245154	818
1	7384	603922.481444478077	819

