version 2
run Pipelined_3Teachers-33-20190105-10:57:25-22248
attr configname Pipelined_3Teachers
attr datetime 20190105-10:57:25
attr experiment Pipelined_3Teachers
attr inifile ../simulations/omnetpp.ini
attr iterationvars "$0=\"uniform\""
attr iterationvarsf uniform-
attr measurement "$0=\"uniform\""
attr network PipelinedExamSession
attr processid 22248
attr repetition 33
attr replication #33
attr resultdir results
attr runnumber 33
attr seedset 33
param **.teachersNumber 3
param **.answerTimeDistribution "\"uniform\""
param **.minUniform 300
param **.maxUniform 900
param **.scaleLognormal 6.2854
param **.shapeLognormal 0.4724

vector 0 PipelinedExamSession examinationTime:vector ETV
attr source examFinished
vector 1 PipelinedExamSession studentID:vector ETV
attr source student
0	3100	260044.44758375177	1983.6063965689
0	3113	260811.367418803292	1962.730079703
0	3122	261663.577453047055	2249.6686967555
0	3127	262131.323016900587	2015.0334045757
0	3138	262861.040367744881	2049.6729489416
0	3145	263361.876160791162	1698.2987077441
0	3154	264374.818560853619	2006.7362407688
0	3163	265427.986920252461	2221.1119785905
0	3172	265872.9779857211	1868.8254482578
0	3181	266648.446359811369	1906.7670498043
0	3192	267879.126707045379	2271.7243757565
0	3199	268494.174086954462	2147.1337714232
0	3208	269465.954402508233	2234.2162821908
0	3221	270043.343202536943	1943.2889597956
0	3228	270607.107966905477	1658.0037523527
0	3239	271446.285158861446	1883.8762211613
0	3248	271949.973690183851	1906.6304876469
0	3257	272826.937805302459	1886.8848101702
0	3262	273212.394475657511	1766.1093167961
0	3271	273834.434041567164	1884.4603513833
0	3280	274569.478162145261	1742.5403568428
0	3289	275200.516222603638	1758.7754270062
0	3298	276380.548552935961	2127.6856844779
0	3307	276863.787149637955	1728.4416133538
0	3316	277600.531921209786	1662.9126647953
0	3325	278439.414780959506	1688.2522055414
0	3338	279516.539158020187	2218.4686558787
0	3345	280200.050352886338	2007.4696430471
0	3352	280785.039402404818	1933.0724358559
0	3363	281646.349589573238	2129.8104315531
0	3374	282252.885663695652	1896.3766501285
0	3379	282857.482973579336	2032.7332202811
0	3388	283319.602991547455	1599.8989441898
0	3399	284476.399373961632	2223.513710266
0	3406	285072.782639879753	2110.9387064818
0	3417	286176.084171189016	2432.0892146789
0	3428	287026.300369855038	2478.3232409041
0	3433	287359.906958928353	1917.7315930836
0	3446	288483.213121723406	2298.8921714947
0	3453	288993.686269037448	1967.3858991824
0	3460	289853.274502186127	2146.1546670645
0	3469	290369.358764123194	1886.1456423998
0	3482	291693.842693790816	2489.4058970734
0	3487	292132.239879481517	2045.3228917904
0	3496	292602.809997461759	1727.2205170244
0	3505	293434.761780733266	1740.9190869424
0	3516	294484.870918281399	1925.1453410368
0	3523	295318.269983259984	1894.4135319907
0	3536	296191.056446358584	2230.6578450836
0	3543	296736.93900103683	2152.4835360702
0	3552	297635.911382082872	2199.8220182955
0	3559	298430.396664328896	2239.3402179703
0	3568	298842.592393280961	1826.2408819981
0	3579	300019.139697309606	2119.2639838904
0	3586	300375.208310550101	1612.7808418125
0	3595	301354.708829429024	1868.9177078661
0	3606	302153.854542318756	2123.69700009
0	3613	302867.126560723434	2175.7303765509
0	3626	303786.126976786206	2222.9663176462
0	3635	304521.6466220096	2070.9729781374
0	3640	304884.709366969789	1962.1806227602
0	3651	305767.301061283822	1981.1740844976
0	3658	306530.641626147578	2008.995004138
0	3671	307401.186350081141	2085.4693362024
0	3678	307923.607939342062	1763.2909335662
0	3687	308616.628702729966	1939.2036330421
0	3698	309690.904842177431	2289.7184920963
0	3703	310009.995198855202	1981.9438914768
0	3712	310539.862388279314	1694.8507790454
0	3725	311710.316035989697	2019.4111938123
0	3732	312188.826020015429	1910.0294703618
0	3741	312982.541543897267	1882.0540950168
0	3752	313961.530314618747	2251.2142786291
0	3761	314848.191349860306	2445.5206487328
0	3768	315561.9954699185	2434.1015436687
0	3777	316411.364940879892	2449.8346262611
0	3786	317239.638811955254	2391.4474620949
0	3797	318272.833018004921	2640.4151146766
0	3804	319056.139345653382	2539.4709157292
0	3813	319619.668072974336	2227.9516759794
0	3822	320488.602131232646	2215.7691132277
0	3829	321255.324394209337	2161.7395055015
0	3842	322054.63304808366	2066.6486260481
0	3851	322906.184602389139	2131.8708159495
0	3858	323236.325937509564	1710.6520513538
0	3867	324342.533657932681	2287.900609849
0	3874	324730.594164552194	1824.4095621631
0	3883	325640.596489235786	1927.5753839873
0	3896	327036.865143338245	2424.6220742818
0	3901	327584.542062319842	2205.2902195137
0	3912	328667.574379406896	2466.5988564491
0	3923	329526.458193501484	2489.5930501632
0	3928	330038.921316945952	2172.000650363
0	3941	330953.659403091324	2249.1469277535
0	3948	331402.434368664426	1875.9761751629
0	3959	332520.753344893483	2240.3917010408
0	3966	333144.688880536733	2191.0294774454
0	3977	334288.133238768233	2630.5620739236
0	3982	334871.451664343504	2350.69831945
0	3995	335898.589521786226	2482.3757360224
0	4002	336708.896244177623	2420.7630054094
0	4013	337674.086472066147	2491.9907241594
0	4022	338423.624180629877	2525.0346588437
0	4027	338749.472234817249	1955.8962239418
0	4036	339448.453554790495	1774.3670827243
0	4049	340631.838816404371	2208.2146357745
0	4058	341181.501901522307	1883.109687455
0	4063	341679.606638476281	1545.3287702054
0	4076	342636.695605656161	2004.8567892518
0	4085	343269.790691463306	2088.288789941
0	4090	343762.883100751817	1695.9896747489
0	4103	344846.613973332598	2209.9183676764
0	4108	345189.883643807872	1920.0929523446
0	4119	346101.293163606926	1976.6526408959
0	4126	346604.29461384195	1757.6806405094
0	4137	347354.161506425619	2043.5359710362
0	4144	348047.94609490785	1848.0854745023
0	4153	348710.084627196222	1772.3488141783
0	4166	349475.833686674044	1713.9924783725
0	4173	350263.554224604771	1999.5426922571
0	4184	351068.976794136718	2273.0851615313
0	4191	351506.128298956931	2030.2946122829
0	4202	352399.344849446818	2096.3188829832
0	4211	353232.902927370772	2163.9261332341
0	4216	353642.668407317281	1969.4462571759
0	4227	354365.656308084756	1966.3114586379
0	4234	354680.184802087054	1447.2818747163
0	4243	355422.771571856022	1636.1999256536
0	4252	356337.92814030315	1913.4836738929
0	4265	357548.286715010211	2336.5381124429
0	4272	358389.259439287737	2387.7542729024
0	4279	358773.380845785171	2008.4623647854
0	4288	359220.816170470819	1672.5294554606
0	4299	359949.335564207315	1540.9075358883
0	4306	360464.09491491507	1552.5927479379
0	4315	361642.251264536783	2173.9511556923
0	4324	362448.938179621503	2273.8836708013
0	4335	363208.959263563187	2242.8863755893
0	4342	363780.641550757021	1918.6689850409
0	4353	364533.691703388498	1867.334169941
0	4364	365634.956481400908	2324.6620807797
0	4373	366267.943941755251	2126.2431460898
0	4378	366811.397100286589	2042.0309626032
0	4387	367649.818080710278	2014.8615993094
0	4400	368686.792963044749	2418.8490212895
0	4405	369105.10462964888	2077.4902829435
0	4416	369788.958772458167	1896.5584432706
0	4427	370730.184360779853	2043.3913977351
0	4436	371570.7726937719	2343.9773091115
0	4441	371890.370298363299	2047.0512368716
0	4450	372626.637589093329	1896.4532283135
0	4463	373902.103764424132	2331.3310706522
0	4472	374407.28831542659	2148.1594839133
0	4477	374873.165363352778	1761.4924706519
0	4490	375779.601756949009	1877.4979925249
0	4499	376522.982708830418	2115.6943934038
0	4504	377127.183108218046	2074.7102469206
0	4517	377792.317027179556	2012.7152702305
0	4526	378604.249609680878	2081.2669008505
0	4531	379075.88454061191	1770.241342904
0	4540	379851.051069935815	2058.7340427563
0	4549	380386.62934410389	1782.379734423
0	4562	381411.105004604938	1933.7162959389
0	4569	382056.582274753633	2006.7434895784
0	4576	382532.134040957349	1849.5881220326
0	4585	383392.128568701478	1981.0235640965
0	4598	384528.96403684284	2345.3673759475
0	4603	385291.400980576905	2305.2605738863
0	4612	385847.054815990883	2153.7209030706
0	4625	387013.215711806002	2484.2516749632
0	4634	387636.757142376187	2238.1362060551
0	4641	388064.7181939334	1881.681184005
0	4648	388570.031138369846	1556.8154265638
0	4659	389923.841863498125	2287.0847211219
0	4666	390570.484299352426	2095.5176625866
0	4677	391206.086378730867	2075.5616672337
0	4684	392068.813289282877	2088.4290221147
0	4693	392495.671817706931	1622.98778845
0	4702	393576.911160210181	1877.0695250016
0	4715	394610.965470783446	2137.4907543417
0	4724	395487.548295361955	2448.7531261984
0	4731	395921.49389307018	2098.5658760648
0	4738	396472.450147988308	1861.4846772049
0	4751	397948.633313225617	2461.0850178637
0	4760	398742.078176233952	2418.5790868476
0	4765	399324.233110388775	2108.5993872955
0	4776	400191.559635568445	2242.9263223428
0	4783	400754.529716307332	2012.4515400734
0	4796	401992.468006862362	2372.5152417552
0	4805	402746.43636415716	2421.3264808059
0	4812	403100.003196811338	1895.416199835
0	4819	403685.395191097667	1692.9271842353
0	4828	404196.809418825468	1450.3730546683
0	4841	405233.710265206209	1922.5665081292
0	4850	405842.881843261457	1949.7602968477
0	4857	406562.594841700084	1999.8587585986
0	4868	407486.96859204214	2253.2583268359
0	4875	408091.107361391223	2248.2255181298
0	4884	408434.739037742875	1785.3474469855
0	4893	409331.930185435377	1844.9615933932
0	4904	410178.809424955435	2081.3730062451
0	4909	410575.966032128818	1672.5806482136
0	4918	411382.647410547398	1901.3326627202
0	4929	412064.703770913222	1885.8943459578
0	4936	412810.435684444421	1956.6322723869
0	4947	413921.544464305081	2189.0410395339
0	4956	414814.29156521339	2195.8117964678
0	4963	415253.729283716567	1884.5249212347
0	4974	415788.246934767851	1578.1661423855
0	4981	416305.892673321107	1438.8480087742
0	4994	417428.337360173502	2153.6549756303
0	4999	417926.08876666058	2032.284587156
0	5008	418632.987896958404	2018.1422921363
0	5017	419219.760453421661	1791.4230932482
0	5026	420342.908400250637	2087.2848449741
0	5037	420928.148424346039	1820.8823458292
0	5044	421416.28345423382	1773.9654018078
0	5053	422039.381967019328	1614.9747638963
0	5062	422900.36377692599	1816.5330117568
0	5073	424154.999048402571	2492.0907205436
0	5080	424798.76402816739	2389.8099420592
0	5091	425568.127419473641	2273.0697365943
0	5100	426129.759607510679	1958.0319930799
0	5107	426664.29988062013	1705.3885314614
0	5118	427566.798584349491	1980.3947266191
0	5125	428190.456729289182	1894.6042235009
0	5134	428729.793078638651	1904.9318626989
0	5145	429762.945835478642	2124.3389599957
0	5154	430244.22254883688	1927.9459646903
0	5165	431065.534061193504	2097.7997164708
0	5172	431709.987454768308	1898.3000474051
0	5179	432271.116475481578	2007.1545565501
0	5190	433437.003038590812	2371.4689773973
0	5197	433738.011194905304	1812.0315912645
0	5210	435010.166985215658	2199.9252676964
0	5217	435481.228139950001	1879.3461429421
0	5228	436460.815253946969	2207.3658912443
0	5233	436818.803366320247	1808.6363811046
0	5246	438004.374029394278	2350.3241609316
0	5253	438667.269156407604	2206.4539024606
0	5262	439329.372573131735	2192.8310462739
0	5269	440060.747577622572	2056.3735482283
0	5278	440904.455669922793	2140.5736860819
0	5289	441793.861424876416	2382.7617420349
0	5296	442371.250979974905	2075.2740872093
0	5305	443027.769016474524	1919.0862029325
0	5316	443944.301454070994	2030.1582437474
0	5325	444708.88776727956	2113.2047062274
0	5336	445578.066634386817	2313.8738974929
0	5341	446151.389586227054	2086.0207545105
0	5352	446743.180300109127	2005.5729397573
0	5359	447243.859926844054	1665.7932924572
0	5368	448080.146936606654	1716.8624382466
0	5381	449320.466199237892	2289.5370553248
0	5390	450101.442759577224	2313.289446244
0	5395	450534.057827666441	1950.245082099
0	5404	451497.529557952697	2177.0633587148
0	5413	451968.988086422944	1867.5453268457
0	5424	453047.552116820627	2105.5847230833
0	5433	453985.118012549395	2201.1621083133
0	5440	454662.885969271923	2088.9330262318
0	5449	455465.500493114853	2046.5863931458
0	5458	456433.952533453742	2218.9341609366
0	5469	457070.34187442627	2025.5283534061
0	5478	457988.885320164302	2215.7688927837
0	5487	458466.591605683827	1829.2242117226
0	5494	459006.569069763684	1794.8098241352
0	5503	460211.432742001528	2129.7713262029
0	5514	461243.25805362318	2291.5024864487
0	5525	462372.709809523116	2586.8833275978
0	5534	463202.656104415695	2534.2291653156
0	5543	464100.766605371649	2608.8079880923
0	5548	464420.755235385189	2048.0454258621
0	5557	464803.31730209295	1600.6611976773
0	5570	466271.785770636091	2171.0191652644
0	5575	466578.295133868272	1982.579427911
0	5584	467325.680900830814	1906.2380395364
0	5593	468592.444203095549	2320.6584324595
0	5602	469100.121639249885	1957.2808471508
0	5615	470081.791270617435	2178.671346372
0	5624	470807.621291047002	2039.1264363192
0	5631	471283.445977186824	1896.8317744788
0	5638	471920.075629279057	1838.2843586616
0	5649	472789.289476722519	1981.6681856755
0	5656	473121.198848448734	1765.8124725334
0	5669	474534.249497903552	2387.1510843281
0	5678	475387.673150142696	2378.8518165238
0	5683	475752.413036394906	2096.6773637105
0	5692	476518.510466767516	1984.260968864
0	5705	477433.164632739541	2045.4914825968
0	5712	477878.371936921072	1726.7423146404
0	5719	478609.34568741363	1712.9705863539
0	5728	479323.794269375545	1890.629636636
0	5737	479997.409902792466	2037.0069515426
0	5748	480737.083856016439	1898.0777614284
0	5755	481619.973043631805	1990.0941446889
0	5766	482162.365887919483	1780.5498464964
0	5773	482873.423819476781	1903.0357200187
0	5782	483577.50720321205	1778.3077687025
0	5791	484617.790767643643	2031.705351267
0	5800	485378.928036382464	2108.2465488464
0	5809	485801.802028762219	1634.3126831576
0	5822	486995.657110121144	1933.1335111521
0	5827	487358.722720155535	1857.8207908664
0	5836	488074.495274853004	1907.3131605517
0	5845	488723.695820476902	1728.0387103558
0	5856	489374.528841069011	1630.305948481
0	5867	490227.034443570343	1824.9033031985
0	5874	490759.479280840648	1897.6140858605
0	5881	491233.335102908356	1854.0659726132
0	5890	492214.809297211511	1987.7748536412
0	5901	493104.023089259906	2209.5042009372
0	5908	493487.932020379274	1730.953665264
0	5919	494204.825407639188	1728.8607771043
0	5926	494587.035783240614	1317.8813109174
0	5937	495619.212336977986	1919.3835033104
0	5948	496708.794006798459	2391.1135206465
0	5957	497594.528256263627	2528.798543103
0	5966	498272.456262353851	2325.4579272587
0	5971	498595.815645111768	1887.0216383133
0	5984	499587.767151882915	1993.2388956193
0	5991	500216.004880517764	1943.5486181639
0	6000	500909.844640083654	1910.4564555455
0	6009	501627.883748011707	2040.1165961288
0	6016	502272.074970603033	1815.9799234942
0	6027	503626.309845596595	2477.0783996209
0	6036	504059.166712313934	2171.2994755246
0	6047	504590.846237260892	1825.3030715045
0	6054	505253.289604699283	1605.5292630102
0	6061	505556.030807504474	1350.7467226591
0	6070	506601.508976798548	2010.6627395377
0	6083	507911.177560687108	2458.4168212954
0	6090	508512.688241573094	2289.6290412638
0	6097	508959.319666307463	1933.9758702088
0	6108	509874.942704848988	1963.7651441619
0	6117	510693.444996373771	2148.3173604123
0	6124	511175.850047590254	1797.7538392413
0	6133	511793.874259712217	1694.0190450288
0	6146	513116.440451284913	2252.8909629676
0	6153	513912.481124186931	2526.0479902849
0	6162	514339.369020983619	2081.3609572593
0	6169	514767.50083579686	1651.0603845119
0	6182	516296.118235727814	2352.1941689774
0	6189	516874.169852212113	2171.0248923395
0	6196	517273.251923220274	1730.673550861
0	6205	518278.780274279457	1982.6620385516
0	6214	519151.151930401144	1959.3155352864
0	6223	519580.166444694665	1582.2041883599
0	6234	521104.251494631213	2343.0455838796
0	6241	521649.376330850688	2085.1258034818
0	6252	522394.405716285151	1937.9959094804
0	6259	523019.563004700509	1702.263490716
0	6268	523483.587478520391	1574.7786600608
0	6279	524279.561512777623	1655.8782977052
0	6288	525138.376589259174	1960.2749959566
0	6297	526029.910346539733	2455.5744240526
0	6308	526747.40361054432	2374.3606517091
0	6317	527609.49421953414	2381.2917973381
0	6324	528236.998738115694	2202.0634601824
0	6333	528976.91090446901	2229.5072939247
0	6344	529817.175449710381	2207.6812301762
0	6351	530321.937076561195	1968.7236792874
0	6360	530907.315796287772	1920.4972893465
0	6369	531658.429730124813	1841.2542804144
0	6376	532486.306658573491	1970.3300565016
0	6389	533613.859656779138	2348.942637071
0	6394	534020.308737410275	1908.3858917467
0	6403	535004.782573599411	2152.8815989383
0	6416	536165.939121739981	2552.0794649608
0	6423	536536.296387668741	2150.0384976156
0	6432	536991.19862043303	1725.0470567029
0	6439	537804.308936465574	1638.3698147256
0	6450	538884.687483776403	2321.9798618462
0	6461	539750.046454416631	2336.6005405784
0	6468	540430.473797069906	2256.1009733006
0	6475	540950.1867867541	1959.7057167906
0	6486	541524.186357669576	1774.1399032529
0	6493	541921.239411458417	1300.4402909428
0	6504	542833.949988568245	1729.8619944602
0	6515	543575.347688281952	1722.8707820177
0	6520	543958.042928203984	1696.4246538933
0	6531	545327.080688998147	2407.4688743334
0	6538	545770.615924196361	2195.2682359144
0	6549	546944.669726863547	2481.4482489601
0	6558	547592.216946417509	2247.9788489174
0	6565	547988.450002111537	1802.1734474692
0	6578	549042.295262357262	2035.3131157346
0	6583	549364.622314414051	1689.0132971574
0	6596	550293.878218252254	1924.2359583266
0	6603	550939.678877312732	1897.3836149555
0	6612	551660.88928836402	1937.9509080201
0	6623	552468.373369798107	2174.4951515459
0	6632	552937.547787185801	1898.2369119767
0	6637	553362.429061392365	1557.9270706046
0	6650	554487.360125966413	2018.9867561683
0	6655	554911.26408800487	1973.7163008191
0	6666	555871.608358109413	2147.7366811596
0	6677	556725.586185744075	2238.2260597777
0	6682	557184.268826851664	1914.2112957314
0	6691	557813.610493904023	1791.8608138338
0	6702	558804.581035533962	2078.9948497899
0	6709	559296.511506428984	1798.0003433302
0	6722	560223.765422729818	1947.964352835
0	6727	560527.153343427969	1649.6071142144
0	6736	561354.916071519299	1766.6223135777
0	6747	562278.446481702893	2054.6810589731
0	6756	563027.880455693274	1995.0474556535
0	6767	564019.586529443084	2306.2371895183
0	6776	564848.185436613901	2460.4671337176
0	6785	565689.829155989035	2544.2506300751
0	6790	566033.416583854749	2013.8300544117
0	6803	566944.627039460509	2096.4416028466
0	6808	567387.749471096366	1697.9203151073
0	6817	567965.955400234132	1431.3926815521
0	6826	568879.995792964517	1935.368753504
0	6835	569258.046950167089	1676.0843822267
0	6848	569959.387609921439	1650.2229964826
0	6855	570733.723508846058	1692.1601451002
0	6866	571287.51689968635	1846.9950361177
0	6875	571833.156989794268	1873.7693798728
0	6882	572593.352393293797	1825.3248414025
0	6889	573095.717486087277	1808.2005864009
0	6900	573989.722514664798	2156.5655248705
0	6911	574899.108767369806	2260.263630515
0	6916	575697.062219632833	2527.7483233251
0	6927	576217.306340625554	2197.5830997806
0	6934	576950.294256862297	2051.1854894925
0	6943	577497.809643717527	1790.6193279661
0	6954	578517.290189070672	2069.4704096764
0	6963	579372.232154477433	2121.5384712908
0	6972	579886.912057455675	1770.1237928588
0	6979	580949.322195584	2023.5164432321
0	6988	581360.210927529306	1828.8008356467
0	6997	582409.241841500671	2155.3052131087
0	7008	583034.409272577659	2023.0798282195
0	7015	583655.099506303713	1901.733186515
0	7026	584399.461293825926	1770.3253112733
0	7037	585197.581155924172	1892.1780622099
0	7046	585872.13734965776	1921.9047493301
0	7055	586695.314142387406	2120.4256170429
0	7064	587536.048832349525	2338.4676764254
0	7071	588129.79387901728	2257.6565293595
0	7080	588929.865192761691	2234.5510503743
0	7087	589630.188131192746	2094.1392988432
0	7096	590188.686372432904	1915.4539292213
0	7105	590987.505503464537	1961.4200714976
0	7118	592167.891326593282	2282.275752956
0	7127	592909.717971598776	2281.6642150283
0	7132	593390.525562409358	1934.754438512
0	7141	594189.678762015002	2021.7874354217
0	7152	594992.952378233942	2083.2344066352
0	7159	595666.15049424586	2021.5342666022
0	7170	596869.848353136377	2347.393773403
0	7179	597416.639616061048	2123.8276010379
0	7186	597901.352911815093	1795.2568920795
0	7199	599094.618303375365	2137.0838438161
0	7208	599859.070979571016	2340.1566983666
0	7215	600671.547916531609	2401.8304027151
0	7222	601027.642506267922	1933.0242028926
0	7231	601565.156439039902	1706.0854594689
0	7244	602793.899565422954	2069.8783759028
0	7249	603290.367889171513	2123.6317818984
0	7258	603757.039193389984	1761.6564736236
1	3100	260044.44758375177	343
1	3113	260811.367418803292	344
1	3122	261663.577453047055	345
1	3127	262131.323016900587	346
1	3138	262861.040367744881	347
1	3145	263361.876160791162	348
1	3154	264374.818560853619	349
1	3163	265427.986920252461	350
1	3172	265872.9779857211	351
1	3181	266648.446359811369	352
1	3192	267879.126707045379	353
1	3199	268494.174086954462	354
1	3208	269465.954402508233	355
1	3221	270043.343202536943	356
1	3228	270607.107966905477	357
1	3239	271446.285158861446	358
1	3248	271949.973690183851	359
1	3257	272826.937805302459	360
1	3262	273212.394475657511	361
1	3271	273834.434041567164	362
1	3280	274569.478162145261	363
1	3289	275200.516222603638	364
1	3298	276380.548552935961	365
1	3307	276863.787149637955	366
1	3316	277600.531921209786	367
1	3325	278439.414780959506	368
1	3338	279516.539158020187	369
1	3345	280200.050352886338	370
1	3352	280785.039402404818	371
1	3363	281646.349589573238	372
1	3374	282252.885663695652	373
1	3379	282857.482973579336	374
1	3388	283319.602991547455	375
1	3399	284476.399373961632	376
1	3406	285072.782639879753	377
1	3417	286176.084171189016	378
1	3428	287026.300369855038	379
1	3433	287359.906958928353	380
1	3446	288483.213121723406	381
1	3453	288993.686269037448	382
1	3460	289853.274502186127	383
1	3469	290369.358764123194	384
1	3482	291693.842693790816	385
1	3487	292132.239879481517	386
1	3496	292602.809997461759	387
1	3505	293434.761780733266	388
1	3516	294484.870918281399	389
1	3523	295318.269983259984	390
1	3536	296191.056446358584	391
1	3543	296736.93900103683	392
1	3552	297635.911382082872	393
1	3559	298430.396664328896	394
1	3568	298842.592393280961	395
1	3579	300019.139697309606	396
1	3586	300375.208310550101	397
1	3595	301354.708829429024	398
1	3606	302153.854542318756	399
1	3613	302867.126560723434	400
1	3626	303786.126976786206	401
1	3635	304521.6466220096	402
1	3640	304884.709366969789	403
1	3651	305767.301061283822	404
1	3658	306530.641626147578	405
1	3671	307401.186350081141	406
1	3678	307923.607939342062	407
1	3687	308616.628702729966	408
1	3698	309690.904842177431	409
1	3703	310009.995198855202	410
1	3712	310539.862388279314	411
1	3725	311710.316035989697	412
1	3732	312188.826020015429	413
1	3741	312982.541543897267	414
1	3752	313961.530314618747	415
1	3761	314848.191349860306	416
1	3768	315561.9954699185	417
1	3777	316411.364940879892	418
1	3786	317239.638811955254	419
1	3797	318272.833018004921	420
1	3804	319056.139345653382	421
1	3813	319619.668072974336	422
1	3822	320488.602131232646	423
1	3829	321255.324394209337	424
1	3842	322054.63304808366	425
1	3851	322906.184602389139	426
1	3858	323236.325937509564	427
1	3867	324342.533657932681	428
1	3874	324730.594164552194	429
1	3883	325640.596489235786	430
1	3896	327036.865143338245	431
1	3901	327584.542062319842	432
1	3912	328667.574379406896	433
1	3923	329526.458193501484	434
1	3928	330038.921316945952	435
1	3941	330953.659403091324	436
1	3948	331402.434368664426	437
1	3959	332520.753344893483	438
1	3966	333144.688880536733	439
1	3977	334288.133238768233	440
1	3982	334871.451664343504	441
1	3995	335898.589521786226	442
1	4002	336708.896244177623	443
1	4013	337674.086472066147	444
1	4022	338423.624180629877	445
1	4027	338749.472234817249	446
1	4036	339448.453554790495	447
1	4049	340631.838816404371	448
1	4058	341181.501901522307	449
1	4063	341679.606638476281	450
1	4076	342636.695605656161	451
1	4085	343269.790691463306	452
1	4090	343762.883100751817	453
1	4103	344846.613973332598	454
1	4108	345189.883643807872	455
1	4119	346101.293163606926	456
1	4126	346604.29461384195	457
1	4137	347354.161506425619	458
1	4144	348047.94609490785	459
1	4153	348710.084627196222	460
1	4166	349475.833686674044	461
1	4173	350263.554224604771	462
1	4184	351068.976794136718	463
1	4191	351506.128298956931	464
1	4202	352399.344849446818	465
1	4211	353232.902927370772	466
1	4216	353642.668407317281	467
1	4227	354365.656308084756	468
1	4234	354680.184802087054	469
1	4243	355422.771571856022	470
1	4252	356337.92814030315	471
1	4265	357548.286715010211	472
1	4272	358389.259439287737	473
1	4279	358773.380845785171	474
1	4288	359220.816170470819	475
1	4299	359949.335564207315	476
1	4306	360464.09491491507	477
1	4315	361642.251264536783	478
1	4324	362448.938179621503	479
1	4335	363208.959263563187	480
1	4342	363780.641550757021	481
1	4353	364533.691703388498	482
1	4364	365634.956481400908	483
1	4373	366267.943941755251	484
1	4378	366811.397100286589	485
1	4387	367649.818080710278	486
1	4400	368686.792963044749	487
1	4405	369105.10462964888	488
1	4416	369788.958772458167	489
1	4427	370730.184360779853	490
1	4436	371570.7726937719	491
1	4441	371890.370298363299	492
1	4450	372626.637589093329	493
1	4463	373902.103764424132	494
1	4472	374407.28831542659	495
1	4477	374873.165363352778	496
1	4490	375779.601756949009	497
1	4499	376522.982708830418	498
1	4504	377127.183108218046	499
1	4517	377792.317027179556	500
1	4526	378604.249609680878	501
1	4531	379075.88454061191	502
1	4540	379851.051069935815	503
1	4549	380386.62934410389	504
1	4562	381411.105004604938	505
1	4569	382056.582274753633	506
1	4576	382532.134040957349	507
1	4585	383392.128568701478	508
1	4598	384528.96403684284	509
1	4603	385291.400980576905	510
1	4612	385847.054815990883	511
1	4625	387013.215711806002	512
1	4634	387636.757142376187	513
1	4641	388064.7181939334	514
1	4648	388570.031138369846	515
1	4659	389923.841863498125	516
1	4666	390570.484299352426	517
1	4677	391206.086378730867	518
1	4684	392068.813289282877	519
1	4693	392495.671817706931	520
1	4702	393576.911160210181	521
1	4715	394610.965470783446	522
1	4724	395487.548295361955	523
1	4731	395921.49389307018	524
1	4738	396472.450147988308	525
1	4751	397948.633313225617	526
1	4760	398742.078176233952	527
1	4765	399324.233110388775	528
1	4776	400191.559635568445	529
1	4783	400754.529716307332	530
1	4796	401992.468006862362	531
1	4805	402746.43636415716	532
1	4812	403100.003196811338	533
1	4819	403685.395191097667	534
1	4828	404196.809418825468	535
1	4841	405233.710265206209	536
1	4850	405842.881843261457	537
1	4857	406562.594841700084	538
1	4868	407486.96859204214	539
1	4875	408091.107361391223	540
1	4884	408434.739037742875	541
1	4893	409331.930185435377	542
1	4904	410178.809424955435	543
1	4909	410575.966032128818	544
1	4918	411382.647410547398	545
1	4929	412064.703770913222	546
1	4936	412810.435684444421	547
1	4947	413921.544464305081	548
1	4956	414814.29156521339	549
1	4963	415253.729283716567	550
1	4974	415788.246934767851	551
1	4981	416305.892673321107	552
1	4994	417428.337360173502	553
1	4999	417926.08876666058	554
1	5008	418632.987896958404	555
1	5017	419219.760453421661	556
1	5026	420342.908400250637	557
1	5037	420928.148424346039	558
1	5044	421416.28345423382	559
1	5053	422039.381967019328	560
1	5062	422900.36377692599	561
1	5073	424154.999048402571	562
1	5080	424798.76402816739	563
1	5091	425568.127419473641	564
1	5100	426129.759607510679	565
1	5107	426664.29988062013	566
1	5118	427566.798584349491	567
1	5125	428190.456729289182	568
1	5134	428729.793078638651	569
1	5145	429762.945835478642	570
1	5154	430244.22254883688	571
1	5165	431065.534061193504	572
1	5172	431709.987454768308	573
1	5179	432271.116475481578	574
1	5190	433437.003038590812	575
1	5197	433738.011194905304	576
1	5210	435010.166985215658	577
1	5217	435481.228139950001	578
1	5228	436460.815253946969	579
1	5233	436818.803366320247	580
1	5246	438004.374029394278	581
1	5253	438667.269156407604	582
1	5262	439329.372573131735	583
1	5269	440060.747577622572	584
1	5278	440904.455669922793	585
1	5289	441793.861424876416	586
1	5296	442371.250979974905	587
1	5305	443027.769016474524	588
1	5316	443944.301454070994	589
1	5325	444708.88776727956	590
1	5336	445578.066634386817	591
1	5341	446151.389586227054	592
1	5352	446743.180300109127	593
1	5359	447243.859926844054	594
1	5368	448080.146936606654	595
1	5381	449320.466199237892	596
1	5390	450101.442759577224	597
1	5395	450534.057827666441	598
1	5404	451497.529557952697	599
1	5413	451968.988086422944	600
1	5424	453047.552116820627	601
1	5433	453985.118012549395	602
1	5440	454662.885969271923	603
1	5449	455465.500493114853	604
1	5458	456433.952533453742	605
1	5469	457070.34187442627	606
1	5478	457988.885320164302	607
1	5487	458466.591605683827	608
1	5494	459006.569069763684	609
1	5503	460211.432742001528	610
1	5514	461243.25805362318	611
1	5525	462372.709809523116	612
1	5534	463202.656104415695	613
1	5543	464100.766605371649	614
1	5548	464420.755235385189	615
1	5557	464803.31730209295	616
1	5570	466271.785770636091	617
1	5575	466578.295133868272	618
1	5584	467325.680900830814	619
1	5593	468592.444203095549	620
1	5602	469100.121639249885	621
1	5615	470081.791270617435	622
1	5624	470807.621291047002	623
1	5631	471283.445977186824	624
1	5638	471920.075629279057	625
1	5649	472789.289476722519	626
1	5656	473121.198848448734	627
1	5669	474534.249497903552	628
1	5678	475387.673150142696	629
1	5683	475752.413036394906	630
1	5692	476518.510466767516	631
1	5705	477433.164632739541	632
1	5712	477878.371936921072	633
1	5719	478609.34568741363	634
1	5728	479323.794269375545	635
1	5737	479997.409902792466	636
1	5748	480737.083856016439	637
1	5755	481619.973043631805	638
1	5766	482162.365887919483	639
1	5773	482873.423819476781	640
1	5782	483577.50720321205	641
1	5791	484617.790767643643	642
1	5800	485378.928036382464	643
1	5809	485801.802028762219	644
1	5822	486995.657110121144	645
1	5827	487358.722720155535	646
1	5836	488074.495274853004	647
1	5845	488723.695820476902	648
1	5856	489374.528841069011	649
1	5867	490227.034443570343	650
1	5874	490759.479280840648	651
1	5881	491233.335102908356	652
1	5890	492214.809297211511	653
1	5901	493104.023089259906	654
1	5908	493487.932020379274	655
1	5919	494204.825407639188	656
1	5926	494587.035783240614	657
1	5937	495619.212336977986	658
1	5948	496708.794006798459	659
1	5957	497594.528256263627	660
1	5966	498272.456262353851	661
1	5971	498595.815645111768	662
1	5984	499587.767151882915	663
1	5991	500216.004880517764	664
1	6000	500909.844640083654	665
1	6009	501627.883748011707	666
1	6016	502272.074970603033	667
1	6027	503626.309845596595	668
1	6036	504059.166712313934	669
1	6047	504590.846237260892	670
1	6054	505253.289604699283	671
1	6061	505556.030807504474	672
1	6070	506601.508976798548	673
1	6083	507911.177560687108	674
1	6090	508512.688241573094	675
1	6097	508959.319666307463	676
1	6108	509874.942704848988	677
1	6117	510693.444996373771	678
1	6124	511175.850047590254	679
1	6133	511793.874259712217	680
1	6146	513116.440451284913	681
1	6153	513912.481124186931	682
1	6162	514339.369020983619	683
1	6169	514767.50083579686	684
1	6182	516296.118235727814	685
1	6189	516874.169852212113	686
1	6196	517273.251923220274	687
1	6205	518278.780274279457	688
1	6214	519151.151930401144	689
1	6223	519580.166444694665	690
1	6234	521104.251494631213	691
1	6241	521649.376330850688	692
1	6252	522394.405716285151	693
1	6259	523019.563004700509	694
1	6268	523483.587478520391	695
1	6279	524279.561512777623	696
1	6288	525138.376589259174	697
1	6297	526029.910346539733	698
1	6308	526747.40361054432	699
1	6317	527609.49421953414	700
1	6324	528236.998738115694	701
1	6333	528976.91090446901	702
1	6344	529817.175449710381	703
1	6351	530321.937076561195	704
1	6360	530907.315796287772	705
1	6369	531658.429730124813	706
1	6376	532486.306658573491	707
1	6389	533613.859656779138	708
1	6394	534020.308737410275	709
1	6403	535004.782573599411	710
1	6416	536165.939121739981	711
1	6423	536536.296387668741	712
1	6432	536991.19862043303	713
1	6439	537804.308936465574	714
1	6450	538884.687483776403	715
1	6461	539750.046454416631	716
1	6468	540430.473797069906	717
1	6475	540950.1867867541	718
1	6486	541524.186357669576	719
1	6493	541921.239411458417	720
1	6504	542833.949988568245	721
1	6515	543575.347688281952	722
1	6520	543958.042928203984	723
1	6531	545327.080688998147	724
1	6538	545770.615924196361	725
1	6549	546944.669726863547	726
1	6558	547592.216946417509	727
1	6565	547988.450002111537	728
1	6578	549042.295262357262	729
1	6583	549364.622314414051	730
1	6596	550293.878218252254	731
1	6603	550939.678877312732	732
1	6612	551660.88928836402	733
1	6623	552468.373369798107	734
1	6632	552937.547787185801	735
1	6637	553362.429061392365	736
1	6650	554487.360125966413	737
1	6655	554911.26408800487	738
1	6666	555871.608358109413	739
1	6677	556725.586185744075	740
1	6682	557184.268826851664	741
1	6691	557813.610493904023	742
1	6702	558804.581035533962	743
1	6709	559296.511506428984	744
1	6722	560223.765422729818	745
1	6727	560527.153343427969	746
1	6736	561354.916071519299	747
1	6747	562278.446481702893	748
1	6756	563027.880455693274	749
1	6767	564019.586529443084	750
1	6776	564848.185436613901	751
1	6785	565689.829155989035	752
1	6790	566033.416583854749	753
1	6803	566944.627039460509	754
1	6808	567387.749471096366	755
1	6817	567965.955400234132	756
1	6826	568879.995792964517	757
1	6835	569258.046950167089	758
1	6848	569959.387609921439	759
1	6855	570733.723508846058	760
1	6866	571287.51689968635	761
1	6875	571833.156989794268	762
1	6882	572593.352393293797	763
1	6889	573095.717486087277	764
1	6900	573989.722514664798	765
1	6911	574899.108767369806	766
1	6916	575697.062219632833	767
1	6927	576217.306340625554	768
1	6934	576950.294256862297	769
1	6943	577497.809643717527	770
1	6954	578517.290189070672	771
1	6963	579372.232154477433	772
1	6972	579886.912057455675	773
1	6979	580949.322195584	774
1	6988	581360.210927529306	775
1	6997	582409.241841500671	776
1	7008	583034.409272577659	777
1	7015	583655.099506303713	778
1	7026	584399.461293825926	779
1	7037	585197.581155924172	780
1	7046	585872.13734965776	781
1	7055	586695.314142387406	782
1	7064	587536.048832349525	783
1	7071	588129.79387901728	784
1	7080	588929.865192761691	785
1	7087	589630.188131192746	786
1	7096	590188.686372432904	787
1	7105	590987.505503464537	788
1	7118	592167.891326593282	789
1	7127	592909.717971598776	790
1	7132	593390.525562409358	791
1	7141	594189.678762015002	792
1	7152	594992.952378233942	793
1	7159	595666.15049424586	794
1	7170	596869.848353136377	795
1	7179	597416.639616061048	796
1	7186	597901.352911815093	797
1	7199	599094.618303375365	798
1	7208	599859.070979571016	799
1	7215	600671.547916531609	800
1	7222	601027.642506267922	801
1	7231	601565.156439039902	802
1	7244	602793.899565422954	803
1	7249	603290.367889171513	804
1	7258	603757.039193389984	805

