version 2
run Pipelined_3Teachers-44-20190105-10:57:27-18020
attr configname Pipelined_3Teachers
attr datetime 20190105-10:57:27
attr experiment Pipelined_3Teachers
attr inifile ../simulations/omnetpp.ini
attr iterationvars "$0=\"uniform\""
attr iterationvarsf uniform-
attr measurement "$0=\"uniform\""
attr network PipelinedExamSession
attr processid 18020
attr repetition 44
attr replication #44
attr resultdir results
attr runnumber 44
attr seedset 44
param **.teachersNumber 3
param **.answerTimeDistribution "\"uniform\""
param **.minUniform 300
param **.maxUniform 900
param **.scaleLognormal 6.2854
param **.shapeLognormal 0.4724

vector 0 PipelinedExamSession examinationTime:vector ETV
attr source examFinished
vector 1 PipelinedExamSession studentID:vector ETV
attr source student
0	3147	260288.738322118323	2112.2171495575
0	3154	261084.13290129977	2051.7545079812
0	3163	261710.005176672738	1845.8069481421
0	3172	262896.679458394672	2388.0505015142
0	3181	263495.730392681461	2119.5843043271
0	3194	264784.020644053843	2538.3125867229
0	3201	265492.487724730771	2440.2951906435
0	3212	266092.004617676165	2179.1589662433
0	3217	266470.599351497393	1686.5787074436
0	3230	267520.936866290894	2004.3400734197
0	3239	268114.962053345543	2022.9574356694
0	3244	268736.096729803857	1781.9299292285
0	3257	269763.605840178234	2242.6689738873
0	3264	270150.223546894295	2035.2614935488
0	3271	270842.969581251992	1919.5141732693
0	3280	271788.905828213347	2025.2999880351
0	3291	272604.607725609122	2086.1015670933
0	3300	273444.22530652958	2141.7124191765
0	3307	273778.047021338744	1762.3931497335
0	3320	274912.064516544369	2225.1260996796
0	3327	275561.68925031091	2108.1778263208
0	3334	276401.982269855243	2185.2128522471
0	3343	277191.736214328585	2279.6716977842
0	3352	277998.355032596765	2243.7743968796
0	3363	278878.919542813701	2335.360551998
0	3372	279293.310902360854	1872.1036017872
0	3379	279982.337550167022	1793.183132261
0	3388	280635.258774412823	1728.2623166218
0	3397	281472.305750241531	1889.6359493025
0	3408	282548.182702576769	2355.1426867023
0	3415	283273.18514906804	2247.6038741413
0	3426	284239.021740434719	2447.9392382316
0	3435	284920.237337937606	2293.0344903376
0	3444	286018.46428052525	2519.3623240571
0	3455	286749.281945452122	2359.7170720808
0	3464	287347.269894462107	2137.3475363944
0	3471	287735.844016168295	1716.1602445878
0	3478	288270.781833166285	1521.4998877142
0	3489	288959.385955380304	1612.1160609182
0	3496	289313.522221986233	1281.2296859454
0	3509	290780.288610141752	2376.3048957568
0	3518	291631.204611249296	2480.0553152338
0	3523	292187.800557212932	2137.6239295118
0	3536	293208.68428959514	2428.3956794534
0	3543	293767.162170354305	2135.957559105
0	3550	294343.162600183888	1871.7239441816
0	3559	295109.121296927361	1900.4370073322
0	3568	296232.722096890239	2248.0182317086
0	3579	296844.3207335193	2049.0671686828
0	3586	297297.632775083214	1613.059660513
0	3595	298308.536014426529	1905.7533854619
0	3606	299195.366365928233	2241.6867127642
0	3615	299910.379931889505	2344.3686294369
0	3622	300282.591187069223	1891.8956895825
0	3631	301212.691691983521	1989.8018504027
0	3644	302278.869987186075	2324.6169766411
0	3649	302738.682331005142	1941.6757443454
0	3662	303837.125286972181	2430.0121923443
0	3667	304254.240575060279	1975.3705878742
0	3676	305285.359870316491	2253.9470484015
0	3689	306197.792996093662	2360.6677091215
0	3694	306698.438172228666	1988.1471906323
0	3707	307656.988325715096	2291.9586553238
0	3716	308529.236860619889	2331.4438645262
0	3725	309156.449442263724	2231.050690636
0	3732	309947.588070575179	2290.5997448601
0	3741	310464.890533732282	1935.6536731124
0	3748	310974.042325839432	1817.5928835757
0	3757	311977.513044280963	1921.8042948749
0	3766	313064.713029563458	2110.6174715795
0	3777	314185.910160234228	2391.5610523894
0	3784	314617.053068568961	2056.2491617631
0	3797	315585.534514160857	2151.3699352741
0	3804	316283.979598386243	2045.5146275461
0	3815	317259.951003966883	2123.2604532503
0	3822	317956.794926198229	2371.2604120374
0	3831	318468.477326910973	2042.7609959152
0	3838	318878.834195109114	1618.8831911422
0	3847	319789.699456840783	1717.3312914558
0	3856	320320.85899352099	1504.3837567326
0	3869	321411.730622733042	2151.0912297294
0	3878	322267.337095504657	2249.4084883947
0	3883	322646.360871009559	1992.55458978
0	3892	323568.506340729103	2156.7757179961
0	3901	324355.894798552648	2088.557703048
0	3912	325323.725654510811	2213.1701710168
0	3921	326018.496774416447	2045.3532260377
0	3928	326736.137980408997	1982.8171220608
0	3941	327616.515477653623	2142.7585843485
0	3950	328455.287204124064	2312.4744936358
0	3959	329341.033749980883	2376.960536046
0	3968	329942.132398299904	2325.6169206463
0	3975	330298.894775938274	1843.6075718142
0	3982	330877.546799322622	1536.5130493417
0	3995	332533.00114455636	2590.8687462565
0	4004	333155.576991755547	2352.7548091952
0	4011	333753.268238017367	2053.16095585
0	4018	334316.7984820437	1783.7973374873
0	4029	335402.47938972901	2246.9023979735
0	4038	336156.132039008694	2162.3324666172
0	4047	336757.103542238506	2045.2472287696
0	4054	337233.554903464424	1776.8684690818
0	4065	338303.019983042063	2022.4125165492
0	4076	339129.785425169424	2124.0677258
0	4081	339459.237469732792	1846.5837915894
0	4092	340038.491532811926	1658.6564751808
0	4099	340524.089234322341	1394.3038091529
0	4108	341081.225071661204	1433.3241378888
0	4119	341901.117653120339	1708.3947696257
0	4126	342741.600918117941	2047.5863131229
0	4139	343779.31378777142	2331.4779380802
0	4144	344210.673613473804	1942.5804459024
0	4155	344962.844742648335	1864.843246853
0	4162	345316.027134005012	1536.7133462336
0	4173	346611.599145317482	2145.9505274892
0	4182	347307.913310034232	2030.4141221568
0	4189	347697.505478560956	1754.2515701149
0	4200	348875.582530070128	2057.2673151735
0	4207	349410.008967993813	2072.3245829344
0	4220	350608.020449196952	2479.6004677657
0	4225	351117.421202966976	2170.0986335054
0	4238	352296.584471454876	2574.5447991416
0	4247	353156.230766885015	2548.2103176881
0	4252	353542.736360058221	2076.2131551281
0	4265	354371.754535893011	2075.1700644381
0	4272	355062.534326640922	1906.3035597559
0	4279	355867.056508502025	1955.5019101594
0	4290	356762.806605733965	2391.052069841
0	4297	357070.433537894894	1814.4942486193
0	4306	358070.13274636123	1964.8603832815
0	4315	358901.160508766804	1930.4048454389
0	4324	359329.465416306663	1473.9671543241
0	4337	360931.961525324766	2370.1126847416
0	4342	361414.575457479839	2128.8554113358
0	4353	362235.585565120016	2082.3097773828
0	4360	362765.108000999351	1833.1464756746
0	4369	363883.761064242605	2339.5407581236
0	4380	364285.266598546912	1887.3163499404
0	4387	364814.831872936373	1681.5107039642
0	4396	365805.061098234762	1871.3368532248
0	4405	366506.61428519528	1774.5430173352
0	4414	367357.852351153303	1741.1767954007
0	4423	367829.26456863064	1639.885891322
0	4434	369058.387750340659	2108.5423107259
0	4445	369872.678239597041	2125.2870601136
0	4452	370372.596733924035	1736.1741788685
0	4463	371350.294914376024	2259.7967117093
0	4470	371862.658516969565	1989.9802773725
0	4481	372824.594726180691	2354.5680209063
0	4488	373670.846773730624	2320.5518593546
0	4497	374159.43738324571	2140.8517586533
0	4504	374884.174349438432	2059.5796232577
0	4517	376131.334022339467	2435.5095509905
0	4526	376885.280150547657	2445.02878692
0	4535	377704.223205288906	2378.7290674634
0	4540	378047.481623897363	1916.1476015579
0	4553	379323.898599017445	2438.6184484698
0	4560	379734.012451674823	2029.7892463859
0	4567	380830.748839164186	2383.7149368133
0	4580	381712.103854352642	2388.2052553352
0	4587	382414.675072068382	2217.9390108213
0	4598	383099.413489596952	2028.7055216264
0	4603	383411.742902034927	1699.6390476823
0	4614	384510.630539758165	2078.1198312063
0	4623	384931.383395567571	1831.9699059706
0	4632	385385.935976961662	1412.3159699142
0	4643	385974.42301511768	1398.0453603901
0	4652	386666.49952596057	1667.5535689574
0	4661	387513.922874350136	2068.226669915
0	4670	388092.120073875448	2117.6970587578
0	4679	388891.605327464676	2225.1058015041
0	4686	389376.739554014093	1862.816679664
0	4695	390065.337557578496	1973.217483703
0	4706	390996.027256641573	2104.4219291769
0	4713	391552.33401926238	1870.4964799806
0	4720	392039.971566433123	1695.6831523217
0	4729	392547.661627410015	1551.6343707684
0	4738	393502.794498112089	1906.2040938064
0	4749	394222.155420575327	1788.1093642674
0	4756	394681.520963972471	1552.3340668995
0	4769	395739.779142988881	2097.1459418535
0	4774	396120.502967247775	1667.9552322719
0	4783	396887.60086423721	1857.6013872866
0	4792	397642.394000804087	1902.6148578152
0	4801	398088.351488672232	1766.0945076495
0	4814	399457.41281532686	2415.0284830481
0	4823	400350.817009387573	2537.7982376609
0	4828	400778.421793179622	2099.8680474702
0	4841	402052.905475208571	2595.4926598817
0	4848	402674.965567840299	2324.1485584527
0	4859	403827.719310717693	2607.893129345
0	4866	404208.42449823398	2155.5190230254
0	4877	405287.204857450014	2340.6700473279
0	4886	406086.373913940078	2258.6546032224
0	4893	406885.446198843455	2458.0686466768
0	4902	407372.500487789547	2085.2956303395
0	4913	408489.363070903381	2402.9891569633
0	4920	409173.331717215514	2243.0256382562
0	4929	409955.024628806894	2189.1784366686
0	4936	410700.091996276786	2210.7289253734
0	4945	411276.072948658874	2051.5135353897
0	4954	411952.943689981511	1834.1153021436
0	4963	412728.470758628136	1831.6651883069
0	4972	413368.48906986419	1735.5256267358
0	4985	414373.872560961208	2033.5080378223
0	4994	415102.183137182182	2221.7418642249
0	4999	415666.645634220949	2106.0032470152
0	5010	416421.912118513173	2048.039557552
0	5017	417160.590416053346	2058.4072788712
0	5026	417991.562502086198	1990.2523824479
0	5039	418586.103320773727	1880.3628433496
0	5048	419337.288016313723	1757.4329277501
0	5053	419714.980828156731	1694.1895073745
0	5064	420671.731470711566	2085.6281499378
0	5071	421271.227673627473	1933.9396573137
0	5082	422066.68517310176	1878.677520901
0	5093	422727.182402182407	1983.1548737828
0	5100	423158.229214092753	1707.4864204042
0	5111	423989.659808110483	1723.4494809061
0	5116	424551.68168088425	1824.4992787018
0	5125	424883.274982078038	1557.3051072657
0	5134	425553.004961879961	1563.3451537695
0	5143	426468.900961987711	1710.7551279478
0	5154	427510.94672377225	2150.4130394664
0	5163	428175.965609494634	2111.3741786219
0	5170	428550.976883014701	1856.5740868449
0	5179	429209.9300140981	1626.9857587293
0	5188	429728.509473893829	1529.4918312225
0	5201	430696.88876266595	2079.5239482075
0	5208	431381.452171364837	2115.5183932744
0	5215	431896.058488357849	1841.4480074309
0	5224	432540.424282103814	1843.5355194379
0	5237	433497.636648640074	2105.5512452032
0	5244	434051.234786119349	2064.6127263084
0	5255	435062.849575141482	2246.8190093525
0	5264	435959.720143675841	2462.0834950358
0	5271	436309.079785924442	2143.2352978271
0	5278	436996.871803421564	1934.0222282801
0	5289	437619.978047674558	1660.2579039987
0	5298	438257.250597886777	1750.4588346463
0	5307	438952.251372300124	1844.8726767674
0	5316	439823.665796639434	2061.8380161468
0	5325	440604.186063353009	2199.9932939652
0	5332	441213.191932300142	2060.3867512196
0	5341	441668.33179509271	1805.8013287839
0	5352	442938.681303011291	2309.5521721523
0	5363	444013.77407996919	2512.7121815924
0	5370	444650.510972226076	2304.614685243
0	5379	445202.588749257885	1987.8479417413
0	5388	445738.469833089076	1724.6957531199
0	5397	446817.117593390905	2156.4376557246
0	5408	447466.178317833729	2080.0644450355
0	5415	448121.275522559918	1947.9759387206
0	5422	448590.158417634703	1639.7737396415
0	5431	449643.293103436045	2177.1147856023
0	5440	450287.188805546649	1985.6637268793
0	5449	450807.722873333879	1765.4878306668
0	5458	451980.830239830576	2142.9028669372
0	5467	452411.086705187373	1684.9207052495
0	5472	452942.125678109043	1493.8633656129
0	5485	454174.470050353594	1968.5778513551
0	5498	455499.980805348642	2399.6435578912
0	5507	456260.001623025201	2426.1431402061
0	5514	456906.036985712163	2233.217119379
0	5523	457637.220423622094	2137.2396182735
0	5530	458164.504858944602	1904.5032359194
0	5539	458641.011717589609	1543.0479921866
0	5548	459730.644661048464	1926.7728863284
0	5559	460424.704420147501	2119.9372908566
0	5566	461063.198662642427	1961.9370699394
0	5571	461504.631834989451	1538.5940641165
0	5584	462582.353475038	1809.5247101504
0	5597	463750.27192183774	2089.0268867835
0	5606	464592.333805561103	2200.8132627234
0	5613	465378.706533741243	2290.1637245435
0	5620	465804.886366892643	2054.6144450549
0	5633	466775.796198751815	2183.4623931907
0	5640	467510.492503736206	2055.856411485
0	5649	467969.738910114431	1946.5041863266
0	5658	468887.321664020458	2111.5254652686
0	5665	469331.904728058764	1728.1668034382
0	5676	469956.376501126253	1927.84803221
0	5685	470799.503877153658	1907.8092651442
0	5696	471564.453057758548	1972.1172748134
0	5705	472439.812551112883	2156.8412836175
0	5712	473210.259613394775	2252.3915645666
0	5719	473672.196045471393	2107.7429877128
0	5730	474601.212722947859	2161.400171835
0	5739	475111.745521752202	1852.6927983854
0	5748	475646.030061738604	1609.248718014
0	5757	476204.657076532059	1527.208288433
0	5766	477000.496541149953	1878.4351753537
0	5773	477786.394961038643	2127.7548825368
0	5786	478692.352519836315	2184.552351851
0	5795	479152.591528650411	2063.1682340987
0	5800	479745.243725180664	1820.6014614087
0	5811	480191.769352555312	1499.416832719
0	5818	480677.943453518711	1525.3519248683
0	5827	481520.487015182191	1635.4070249945
0	5840	482596.375700505489	2184.6508808434
0	5845	483209.942931449079	2088.6097274255
0	5858	484103.548531187737	2358.1515889149
0	5867	484999.413248430976	2403.0375479255
0	5876	485512.846051342824	2046.9476906117
0	5883	485996.027751546392	1892.4792203587
0	5886	486317.544727725947	1318.131479295
0	5899	487273.460518196264	1760.6144668534
0	5910	488466.786308214107	2098.9924054127
0	5917	488899.906814983153	1890.5814307742
0	5926	489770.248183468396	1950.2018047962
0	5935	490597.972536692434	1949.197607534
0	5944	491452.138260752	2000.5527741741
0	5957	492403.263118118085	2307.7217624523
0	5962	492786.632042052262	1935.0009671878
0	5973	493643.782948097251	2079.4830781873
0	5982	494156.392928492315	1753.1298103742
0	5991	495054.15172325451	1983.1869437825
0	6002	495789.23269389201	2075.2636597026
0	6007	496138.776131719389	1722.4924840964
0	6016	496880.657886760347	1824.6455955785
0	6025	497766.81136577394	1977.5786718819
0	6034	498669.426264474207	2274.3077063933
0	6043	499440.466256858819	2162.4053781386
0	6052	500252.700228849465	2083.7869784329
0	6061	500634.012808883602	1587.6417567953
0	6072	501703.351600980426	1968.6034847517
0	6079	502232.966934889595	1661.7454849184
0	6090	502978.477613674516	1770.5860942136
0	6101	504007.072521653066	2247.254481772
0	6106	504452.437897212843	1822.896085633
0	6115	505079.741094075183	1860.2914572693
0	6124	505816.148541122715	1809.0760194696
0	6135	507186.587868165265	2438.8855294324
0	6144	507878.540411917533	2363.1515872199
0	6155	508534.26553462636	2119.5377253927
0	6164	509219.124510604928	1952.3055807687
0	6173	509798.991234926547	1870.9226479288
0	6178	510163.528336118947	1629.2628014926
0	6187	511118.096443405415	1898.9719328005
0	6200	512136.317092040593	2337.325857114
0	6209	513018.529725680167	2447.5570703857
0	6218	513836.596859525928	2392.3305214383
0	6225	514238.5246235412	2102.2075315006
0	6234	514988.746612239668	1970.2168865595
0	6243	515735.637073684523	1899.0402141586
0	6252	516476.497464068273	2158.0356876366
0	6259	517125.283068185711	1966.0317979753
0	6268	517760.994684230576	1791.5347565431
0	6277	518295.964841963762	1571.1665044539
0	6290	519718.278646236325	2407.8717449214
0	6299	520516.996495937968	2452.8560317587
0	6304	520903.10520962816	2066.8706115335
0	6315	521842.62553229932	2124.346886063
0	6322	522492.882298585067	1975.8858026471
0	6335	523502.803030237595	2274.9283762649
0	6340	523911.300124414305	1917.6884371787
0	6351	524745.339423464651	2005.3118198644
0	6358	525496.724650030995	1993.9216197934
0	6367	526137.427839171181	1901.500613708
0	6380	527289.999094745184	2333.2278398797
0	6389	527844.35750534762	2097.9456359055
0	6398	528601.648428104858	2124.8852401972
0	6403	529125.532067008357	1835.5329722632
0	6412	529714.736663550179	1870.3791582026
0	6423	530513.325364328961	1911.6769362241
0	6430	531070.369103970047	1601.9400319085
0	6443	532277.610823698383	2334.3398253433
0	6448	532589.329984691035	1876.3941013254
0	6457	533258.162219356787	1753.0270103831
0	6468	534394.727877108421	2117.11705341
0	6475	534898.162529664155	1905.5567975622
0	6484	535741.728041740175	1856.3098642509
0	6493	536079.658146109473	1510.433316417
0	6504	537237.544709863182	1799.7888928279
0	6511	537851.653439272236	1848.2286030427
0	6522	538957.104429742362	2468.9273178577
0	6529	539259.131312370341	1949.2689848877
0	6538	540321.891430998262	2166.6392961983
0	6547	541366.071434877854	2335.8566757292
0	6560	542049.949906161096	2191.8921110686
0	6569	542940.968372952234	2322.6379882079
0	6574	543288.284291373607	1849.0329660941
0	6585	544184.791190363508	2134.8412842024
0	6594	545037.81264089052	2096.8442679383
0	6601	545503.587859589648	2007.4485682882
0	6610	546184.333117492538	1955.6810934562
0	6619	547313.706896128174	2186.8220232893
0	6630	547708.20698789325	1727.9268341605
0	6639	548491.057935683098	1716.405632766
0	6646	548959.323164541316	1594.2779988516
0	6659	550368.783457065041	2555.2955261897
0	6664	550689.080161554779	1994.2036970984
0	6677	552017.773500597145	2513.8931308407
0	6686	552767.140244459774	2398.3567873947
0	6695	553302.384379226755	2171.6848398093
0	6702	553766.194773512002	1748.4212729149
0	6709	554331.205095676746	1564.064851217
0	6718	555221.047086361836	1918.6627071351
0	6727	555832.011929992627	1889.0214627609
0	6738	556676.627444056834	1895.2211701311
0	6745	557035.778028611134	1525.4074636381
0	6754	558028.46515160058	1812.933985563
0	6767	558701.222533732693	1667.664691899
0	6774	559112.596551468636	1401.1817246675
0	6783	559726.629445329349	1635.6234882027
0	6790	560325.010697543662	1623.788163811
0	6801	561088.130557956215	1927.3822342046
0	6808	561659.782349271741	1690.2905995958
0	6817	562637.985487142619	2100.1475888304
0	6828	563595.892484625842	2262.200516928
0	6835	563963.156979857053	1812.2092007194
0	6846	565312.831576913636	2393.4426741209
0	6855	566103.732789773535	2300.7365900092
0	6866	566905.75400046077	2373.4811349772
0	6873	567399.721212638583	1987.3360936996
0	6882	568326.14597612996	2107.0769658778
0	6891	568886.010147817474	1980.2561473567
0	6900	569942.681848118122	2380.3308062721
0	6909	570445.472019212361	2086.6963092238
0	6916	571030.926650483201	1875.3403291572
0	6927	572033.753746748011	2012.1344264131
0	6934	572827.899636514525	2285.6152793393
0	6943	573221.938615478615	1832.0803224575
0	6952	574034.904978890012	1901.4215706848
0	6963	575134.218151448335	2241.9608681928
0	6974	575862.51985304993	2161.7598381825
0	6983	576639.539742283564	2332.8471800778
0	6988	577267.699341382872	2112.1500184759
0	6997	577780.423056660261	1917.9032036103
0	7008	578678.257049946156	2038.7173076626
0	7015	579129.709776397836	1644.4245908875
0	7028	579761.658961605322	1842.4674520735
0	7037	580553.527498338413	1843.8142723404
0	7042	580954.582878062543	1663.8754006941
0	7051	581723.981051892083	1962.3220902868
0	7060	582741.216063452926	2187.6885651145
0	7069	583351.676774863195	1934.365971107
0	7082	584659.540896909353	2348.8962521777
0	7091	585524.81466131289	2464.3178537954
0	7098	586319.967898400542	2424.3314899039
0	7109	587129.818921024021	2470.2780241147
0	7118	587657.355540851172	2132.5408795383
0	7127	588543.12917017382	2185.5527941603
0	7132	589090.999410208356	1961.1804891843
0	7141	589752.960298396688	2095.6047575455
0	7152	590540.333672706079	1997.2045025323
0	7161	591380.294833565171	2134.4314098358
0	7170	592382.908882107627	2296.0950534325
0	7177	593150.710914703127	2323.7826886587
0	7188	593920.522194542031	2198.5630196985
0	7195	594316.155820665921	1778.4761330578
0	7204	594898.970868671354	1706.3834827859
0	7213	595700.68721389402	1744.4655703381
0	7224	596521.155842207413	1889.6863647737
0	7231	597001.46264685322	1498.5336329788
0	7244	598195.442966138986	2114.5970276557
0	7249	598516.51116460566	1969.9923499022
0	7258	598963.394493470011	1547.2852385603
0	7269	600237.529360642699	2042.0863945037
0	7276	600610.149163194043	1985.7670584228
0	7289	601464.948197873352	2091.7653059587
0	7294	601834.709850512488	1588.2478538901
0	7303	602872.726929187818	1970.204275148
0	7312	603342.156271264	1877.2080733906
0	7325	604437.745830835818	2090.1918355376
1	3147	260288.738322118323	348
1	3154	261084.13290129977	349
1	3163	261710.005176672738	350
1	3172	262896.679458394672	351
1	3181	263495.730392681461	352
1	3194	264784.020644053843	353
1	3201	265492.487724730771	354
1	3212	266092.004617676165	355
1	3217	266470.599351497393	356
1	3230	267520.936866290894	357
1	3239	268114.962053345543	358
1	3244	268736.096729803857	359
1	3257	269763.605840178234	360
1	3264	270150.223546894295	361
1	3271	270842.969581251992	362
1	3280	271788.905828213347	363
1	3291	272604.607725609122	364
1	3300	273444.22530652958	365
1	3307	273778.047021338744	366
1	3320	274912.064516544369	367
1	3327	275561.68925031091	368
1	3334	276401.982269855243	369
1	3343	277191.736214328585	370
1	3352	277998.355032596765	371
1	3363	278878.919542813701	372
1	3372	279293.310902360854	373
1	3379	279982.337550167022	374
1	3388	280635.258774412823	375
1	3397	281472.305750241531	376
1	3408	282548.182702576769	377
1	3415	283273.18514906804	378
1	3426	284239.021740434719	379
1	3435	284920.237337937606	380
1	3444	286018.46428052525	381
1	3455	286749.281945452122	382
1	3464	287347.269894462107	383
1	3471	287735.844016168295	384
1	3478	288270.781833166285	385
1	3489	288959.385955380304	386
1	3496	289313.522221986233	387
1	3509	290780.288610141752	388
1	3518	291631.204611249296	389
1	3523	292187.800557212932	390
1	3536	293208.68428959514	391
1	3543	293767.162170354305	392
1	3550	294343.162600183888	393
1	3559	295109.121296927361	394
1	3568	296232.722096890239	395
1	3579	296844.3207335193	396
1	3586	297297.632775083214	397
1	3595	298308.536014426529	398
1	3606	299195.366365928233	399
1	3615	299910.379931889505	400
1	3622	300282.591187069223	401
1	3631	301212.691691983521	402
1	3644	302278.869987186075	403
1	3649	302738.682331005142	404
1	3662	303837.125286972181	405
1	3667	304254.240575060279	406
1	3676	305285.359870316491	407
1	3689	306197.792996093662	408
1	3694	306698.438172228666	409
1	3707	307656.988325715096	410
1	3716	308529.236860619889	411
1	3725	309156.449442263724	412
1	3732	309947.588070575179	413
1	3741	310464.890533732282	414
1	3748	310974.042325839432	415
1	3757	311977.513044280963	416
1	3766	313064.713029563458	417
1	3777	314185.910160234228	418
1	3784	314617.053068568961	419
1	3797	315585.534514160857	420
1	3804	316283.979598386243	421
1	3815	317259.951003966883	422
1	3822	317956.794926198229	423
1	3831	318468.477326910973	424
1	3838	318878.834195109114	425
1	3847	319789.699456840783	426
1	3856	320320.85899352099	427
1	3869	321411.730622733042	428
1	3878	322267.337095504657	429
1	3883	322646.360871009559	430
1	3892	323568.506340729103	431
1	3901	324355.894798552648	432
1	3912	325323.725654510811	433
1	3921	326018.496774416447	434
1	3928	326736.137980408997	435
1	3941	327616.515477653623	436
1	3950	328455.287204124064	437
1	3959	329341.033749980883	438
1	3968	329942.132398299904	439
1	3975	330298.894775938274	440
1	3982	330877.546799322622	441
1	3995	332533.00114455636	442
1	4004	333155.576991755547	443
1	4011	333753.268238017367	444
1	4018	334316.7984820437	445
1	4029	335402.47938972901	446
1	4038	336156.132039008694	447
1	4047	336757.103542238506	448
1	4054	337233.554903464424	449
1	4065	338303.019983042063	450
1	4076	339129.785425169424	451
1	4081	339459.237469732792	452
1	4092	340038.491532811926	453
1	4099	340524.089234322341	454
1	4108	341081.225071661204	455
1	4119	341901.117653120339	456
1	4126	342741.600918117941	457
1	4139	343779.31378777142	458
1	4144	344210.673613473804	459
1	4155	344962.844742648335	460
1	4162	345316.027134005012	461
1	4173	346611.599145317482	462
1	4182	347307.913310034232	463
1	4189	347697.505478560956	464
1	4200	348875.582530070128	465
1	4207	349410.008967993813	466
1	4220	350608.020449196952	467
1	4225	351117.421202966976	468
1	4238	352296.584471454876	469
1	4247	353156.230766885015	470
1	4252	353542.736360058221	471
1	4265	354371.754535893011	472
1	4272	355062.534326640922	473
1	4279	355867.056508502025	474
1	4290	356762.806605733965	475
1	4297	357070.433537894894	476
1	4306	358070.13274636123	477
1	4315	358901.160508766804	478
1	4324	359329.465416306663	479
1	4337	360931.961525324766	480
1	4342	361414.575457479839	481
1	4353	362235.585565120016	482
1	4360	362765.108000999351	483
1	4369	363883.761064242605	484
1	4380	364285.266598546912	485
1	4387	364814.831872936373	486
1	4396	365805.061098234762	487
1	4405	366506.61428519528	488
1	4414	367357.852351153303	489
1	4423	367829.26456863064	490
1	4434	369058.387750340659	491
1	4445	369872.678239597041	492
1	4452	370372.596733924035	493
1	4463	371350.294914376024	494
1	4470	371862.658516969565	495
1	4481	372824.594726180691	496
1	4488	373670.846773730624	497
1	4497	374159.43738324571	498
1	4504	374884.174349438432	499
1	4517	376131.334022339467	500
1	4526	376885.280150547657	501
1	4535	377704.223205288906	502
1	4540	378047.481623897363	503
1	4553	379323.898599017445	504
1	4560	379734.012451674823	505
1	4567	380830.748839164186	506
1	4580	381712.103854352642	507
1	4587	382414.675072068382	508
1	4598	383099.413489596952	509
1	4603	383411.742902034927	510
1	4614	384510.630539758165	511
1	4623	384931.383395567571	512
1	4632	385385.935976961662	513
1	4643	385974.42301511768	514
1	4652	386666.49952596057	515
1	4661	387513.922874350136	516
1	4670	388092.120073875448	517
1	4679	388891.605327464676	518
1	4686	389376.739554014093	519
1	4695	390065.337557578496	520
1	4706	390996.027256641573	521
1	4713	391552.33401926238	522
1	4720	392039.971566433123	523
1	4729	392547.661627410015	524
1	4738	393502.794498112089	525
1	4749	394222.155420575327	526
1	4756	394681.520963972471	527
1	4769	395739.779142988881	528
1	4774	396120.502967247775	529
1	4783	396887.60086423721	530
1	4792	397642.394000804087	531
1	4801	398088.351488672232	532
1	4814	399457.41281532686	533
1	4823	400350.817009387573	534
1	4828	400778.421793179622	535
1	4841	402052.905475208571	536
1	4848	402674.965567840299	537
1	4859	403827.719310717693	538
1	4866	404208.42449823398	539
1	4877	405287.204857450014	540
1	4886	406086.373913940078	541
1	4893	406885.446198843455	542
1	4902	407372.500487789547	543
1	4913	408489.363070903381	544
1	4920	409173.331717215514	545
1	4929	409955.024628806894	546
1	4936	410700.091996276786	547
1	4945	411276.072948658874	548
1	4954	411952.943689981511	549
1	4963	412728.470758628136	550
1	4972	413368.48906986419	551
1	4985	414373.872560961208	552
1	4994	415102.183137182182	553
1	4999	415666.645634220949	554
1	5010	416421.912118513173	555
1	5017	417160.590416053346	556
1	5026	417991.562502086198	557
1	5039	418586.103320773727	558
1	5048	419337.288016313723	559
1	5053	419714.980828156731	560
1	5064	420671.731470711566	561
1	5071	421271.227673627473	562
1	5082	422066.68517310176	563
1	5093	422727.182402182407	564
1	5100	423158.229214092753	565
1	5111	423989.659808110483	566
1	5116	424551.68168088425	567
1	5125	424883.274982078038	568
1	5134	425553.004961879961	569
1	5143	426468.900961987711	570
1	5154	427510.94672377225	571
1	5163	428175.965609494634	572
1	5170	428550.976883014701	573
1	5179	429209.9300140981	574
1	5188	429728.509473893829	575
1	5201	430696.88876266595	576
1	5208	431381.452171364837	577
1	5215	431896.058488357849	578
1	5224	432540.424282103814	579
1	5237	433497.636648640074	580
1	5244	434051.234786119349	581
1	5255	435062.849575141482	582
1	5264	435959.720143675841	583
1	5271	436309.079785924442	584
1	5278	436996.871803421564	585
1	5289	437619.978047674558	586
1	5298	438257.250597886777	587
1	5307	438952.251372300124	588
1	5316	439823.665796639434	589
1	5325	440604.186063353009	590
1	5332	441213.191932300142	591
1	5341	441668.33179509271	592
1	5352	442938.681303011291	593
1	5363	444013.77407996919	594
1	5370	444650.510972226076	595
1	5379	445202.588749257885	596
1	5388	445738.469833089076	597
1	5397	446817.117593390905	598
1	5408	447466.178317833729	599
1	5415	448121.275522559918	600
1	5422	448590.158417634703	601
1	5431	449643.293103436045	602
1	5440	450287.188805546649	603
1	5449	450807.722873333879	604
1	5458	451980.830239830576	605
1	5467	452411.086705187373	606
1	5472	452942.125678109043	607
1	5485	454174.470050353594	608
1	5498	455499.980805348642	609
1	5507	456260.001623025201	610
1	5514	456906.036985712163	611
1	5523	457637.220423622094	612
1	5530	458164.504858944602	613
1	5539	458641.011717589609	614
1	5548	459730.644661048464	615
1	5559	460424.704420147501	616
1	5566	461063.198662642427	617
1	5571	461504.631834989451	618
1	5584	462582.353475038	619
1	5597	463750.27192183774	620
1	5606	464592.333805561103	621
1	5613	465378.706533741243	622
1	5620	465804.886366892643	623
1	5633	466775.796198751815	624
1	5640	467510.492503736206	625
1	5649	467969.738910114431	626
1	5658	468887.321664020458	627
1	5665	469331.904728058764	628
1	5676	469956.376501126253	629
1	5685	470799.503877153658	630
1	5696	471564.453057758548	631
1	5705	472439.812551112883	632
1	5712	473210.259613394775	633
1	5719	473672.196045471393	634
1	5730	474601.212722947859	635
1	5739	475111.745521752202	636
1	5748	475646.030061738604	637
1	5757	476204.657076532059	638
1	5766	477000.496541149953	639
1	5773	477786.394961038643	640
1	5786	478692.352519836315	641
1	5795	479152.591528650411	642
1	5800	479745.243725180664	643
1	5811	480191.769352555312	644
1	5818	480677.943453518711	645
1	5827	481520.487015182191	646
1	5840	482596.375700505489	647
1	5845	483209.942931449079	648
1	5858	484103.548531187737	649
1	5867	484999.413248430976	650
1	5876	485512.846051342824	651
1	5883	485996.027751546392	652
1	5886	486317.544727725947	653
1	5899	487273.460518196264	654
1	5910	488466.786308214107	655
1	5917	488899.906814983153	656
1	5926	489770.248183468396	657
1	5935	490597.972536692434	658
1	5944	491452.138260752	659
1	5957	492403.263118118085	660
1	5962	492786.632042052262	661
1	5973	493643.782948097251	662
1	5982	494156.392928492315	663
1	5991	495054.15172325451	664
1	6002	495789.23269389201	665
1	6007	496138.776131719389	666
1	6016	496880.657886760347	667
1	6025	497766.81136577394	668
1	6034	498669.426264474207	669
1	6043	499440.466256858819	670
1	6052	500252.700228849465	671
1	6061	500634.012808883602	672
1	6072	501703.351600980426	673
1	6079	502232.966934889595	674
1	6090	502978.477613674516	675
1	6101	504007.072521653066	676
1	6106	504452.437897212843	677
1	6115	505079.741094075183	678
1	6124	505816.148541122715	679
1	6135	507186.587868165265	680
1	6144	507878.540411917533	681
1	6155	508534.26553462636	682
1	6164	509219.124510604928	683
1	6173	509798.991234926547	684
1	6178	510163.528336118947	685
1	6187	511118.096443405415	686
1	6200	512136.317092040593	687
1	6209	513018.529725680167	688
1	6218	513836.596859525928	689
1	6225	514238.5246235412	690
1	6234	514988.746612239668	691
1	6243	515735.637073684523	692
1	6252	516476.497464068273	693
1	6259	517125.283068185711	694
1	6268	517760.994684230576	695
1	6277	518295.964841963762	696
1	6290	519718.278646236325	697
1	6299	520516.996495937968	698
1	6304	520903.10520962816	699
1	6315	521842.62553229932	700
1	6322	522492.882298585067	701
1	6335	523502.803030237595	702
1	6340	523911.300124414305	703
1	6351	524745.339423464651	704
1	6358	525496.724650030995	705
1	6367	526137.427839171181	706
1	6380	527289.999094745184	707
1	6389	527844.35750534762	708
1	6398	528601.648428104858	709
1	6403	529125.532067008357	710
1	6412	529714.736663550179	711
1	6423	530513.325364328961	712
1	6430	531070.369103970047	713
1	6443	532277.610823698383	714
1	6448	532589.329984691035	715
1	6457	533258.162219356787	716
1	6468	534394.727877108421	717
1	6475	534898.162529664155	718
1	6484	535741.728041740175	719
1	6493	536079.658146109473	720
1	6504	537237.544709863182	721
1	6511	537851.653439272236	722
1	6522	538957.104429742362	723
1	6529	539259.131312370341	724
1	6538	540321.891430998262	725
1	6547	541366.071434877854	726
1	6560	542049.949906161096	727
1	6569	542940.968372952234	728
1	6574	543288.284291373607	729
1	6585	544184.791190363508	730
1	6594	545037.81264089052	731
1	6601	545503.587859589648	732
1	6610	546184.333117492538	733
1	6619	547313.706896128174	734
1	6630	547708.20698789325	735
1	6639	548491.057935683098	736
1	6646	548959.323164541316	737
1	6659	550368.783457065041	738
1	6664	550689.080161554779	739
1	6677	552017.773500597145	740
1	6686	552767.140244459774	741
1	6695	553302.384379226755	742
1	6702	553766.194773512002	743
1	6709	554331.205095676746	744
1	6718	555221.047086361836	745
1	6727	555832.011929992627	746
1	6738	556676.627444056834	747
1	6745	557035.778028611134	748
1	6754	558028.46515160058	749
1	6767	558701.222533732693	750
1	6774	559112.596551468636	751
1	6783	559726.629445329349	752
1	6790	560325.010697543662	753
1	6801	561088.130557956215	754
1	6808	561659.782349271741	755
1	6817	562637.985487142619	756
1	6828	563595.892484625842	757
1	6835	563963.156979857053	758
1	6846	565312.831576913636	759
1	6855	566103.732789773535	760
1	6866	566905.75400046077	761
1	6873	567399.721212638583	762
1	6882	568326.14597612996	763
1	6891	568886.010147817474	764
1	6900	569942.681848118122	765
1	6909	570445.472019212361	766
1	6916	571030.926650483201	767
1	6927	572033.753746748011	768
1	6934	572827.899636514525	769
1	6943	573221.938615478615	770
1	6952	574034.904978890012	771
1	6963	575134.218151448335	772
1	6974	575862.51985304993	773
1	6983	576639.539742283564	774
1	6988	577267.699341382872	775
1	6997	577780.423056660261	776
1	7008	578678.257049946156	777
1	7015	579129.709776397836	778
1	7028	579761.658961605322	779
1	7037	580553.527498338413	780
1	7042	580954.582878062543	781
1	7051	581723.981051892083	782
1	7060	582741.216063452926	783
1	7069	583351.676774863195	784
1	7082	584659.540896909353	785
1	7091	585524.81466131289	786
1	7098	586319.967898400542	787
1	7109	587129.818921024021	788
1	7118	587657.355540851172	789
1	7127	588543.12917017382	790
1	7132	589090.999410208356	791
1	7141	589752.960298396688	792
1	7152	590540.333672706079	793
1	7161	591380.294833565171	794
1	7170	592382.908882107627	795
1	7177	593150.710914703127	796
1	7188	593920.522194542031	797
1	7195	594316.155820665921	798
1	7204	594898.970868671354	799
1	7213	595700.68721389402	800
1	7224	596521.155842207413	801
1	7231	597001.46264685322	802
1	7244	598195.442966138986	803
1	7249	598516.51116460566	804
1	7258	598963.394493470011	805
1	7269	600237.529360642699	806
1	7276	600610.149163194043	807
1	7289	601464.948197873352	808
1	7294	601834.709850512488	809
1	7303	602872.726929187818	810
1	7312	603342.156271264	811
1	7325	604437.745830835818	812

