version 2
run Pipelined_3Teachers-58-20190105-10:57:31-512
attr configname Pipelined_3Teachers
attr datetime 20190105-10:57:31
attr experiment Pipelined_3Teachers
attr inifile ../simulations/omnetpp.ini
attr iterationvars "$0=\"uniform\""
attr iterationvarsf uniform-
attr measurement "$0=\"uniform\""
attr network PipelinedExamSession
attr processid 512
attr repetition 58
attr replication #58
attr resultdir results
attr runnumber 58
attr seedset 58
param **.teachersNumber 3
param **.answerTimeDistribution "\"uniform\""
param **.minUniform 300
param **.maxUniform 900
param **.scaleLognormal 6.2854
param **.shapeLognormal 0.4724

vector 0 PipelinedExamSession examinationTime:vector ETV
attr source examFinished
vector 1 PipelinedExamSession studentID:vector ETV
attr source student
0	3154	260988.475676346586	2185.5830526911
0	3167	261968.085927190274	2299.0793453995
0	3176	262614.162131818026	2173.4004161786
0	3183	263297.224645363182	2052.6894057635
0	3194	264360.412485804423	2392.3265586141
0	3203	265144.010052876561	2529.8479210585
0	3212	265874.868238577633	2366.5844034869
0	3219	266505.021558841704	2144.6090730373
0	3226	266902.173927007257	1758.1638741307
0	3235	267881.797189638032	2006.9289510604
0	3248	269219.140386907397	2483.4018961061
0	3257	269998.164479015408	2417.9493615869
0	3264	270706.288814032463	2230.6559847202
0	3273	271500.850047217695	2281.7096603103
0	3280	272348.366640647886	2350.2021616325
0	3289	272881.818258203579	1991.5594004095
0	3298	273521.20063947515	1762.0529945008
0	3309	274296.390470908967	1848.0393406469
0	3318	274978.06149395184	1778.5686525051
0	3327	275823.055396741269	2099.1142293904
0	3338	276503.755377838401	2048.6532721203
0	3345	277157.532562734572	1812.6555349678
0	3352	277808.167041465653	1954.5084108599
0	3361	278386.478332662968	1882.7229548246
0	3370	279274.464593036113	1873.6613434274
0	3379	280056.244206335408	2011.97847859
0	3388	280883.521293103708	1974.4389069267
0	3397	281554.785432759686	2008.822849486
0	3406	282067.769099911688	1722.8830990847
0	3415	282902.791772084323	1687.4715800397
0	3424	283785.274858586503	2069.8428624775
0	3433	284699.21623617412	2120.0109981
0	3446	285630.6319251191	2339.4708311185
0	3451	286066.168806888176	1924.7765600681
0	3460	286491.72364692205	1578.0870036688
0	3471	287916.075432579977	2285.4435074609
0	3480	288539.544516988111	2112.7417393494
0	3487	289162.208164483321	2090.7480468974
0	3498	290031.196937011568	2099.8808353208
0	3505	290589.001368731273	1834.9449575879
0	3516	291566.964119346825	2152.0802187268
0	3527	292398.52517768742	2238.9978370629
0	3536	293082.614954654141	2149.8503333889
0	3541	293803.400231245919	2158.8434468955
0	3550	294230.549615621581	1832.0244379342
0	3561	295292.054424528046	2209.4394698739
0	3570	295738.369589298977	1858.8561548386
0	3577	296167.568529769792	1564.5010043867
0	3586	296836.378881940631	1513.3181005251
0	3597	297806.917611323311	1793.4669732582
0	3604	298270.228742435588	1832.3490469716
0	3615	299180.420127511038	2076.7379825469
0	3622	300250.392998987823	2306.2660707627
0	3635	301155.710810422912	2515.8863988239
0	3642	301753.892552247286	2295.0046434067
0	3653	302763.606137596085	2452.6834478136
0	3660	303215.935805439963	2060.2249950171
0	3667	303762.871789606302	1744.0999476705
0	3678	304557.180668134257	1793.5745305382
0	3685	304863.148901285618	1263.9636525884
0	3698	306315.52958535032	2292.2974093817
0	3703	306647.589439759046	1795.8244385663
0	3712	307448.605744214744	1908.4831070155
0	3721	308011.562599567712	1696.0330142174
0	3730	309047.755550639719	1892.6077146549
0	3739	309739.213976729677	2043.0140430573
0	3748	310409.616729710266	1829.6667819377
0	3757	311426.768468180686	2232.2977965698
0	3768	312392.208601394683	2313.1526783109
0	3779	313275.538689130932	2448.1813003309
0	3786	313679.592086328208	2041.9326286297
0	3793	314162.345359101906	1706.1468852684
0	3802	314775.902742007762	1500.3640528768
0	3815	315777.464673249066	1810.7417543884
0	3822	316386.810129694656	2018.847406609
0	3831	317189.794415188969	2253.6705915816
0	3842	318015.142786363156	2237.6781131141
0	3849	318671.660814620571	2235.8309067786
0	3858	319554.056242480891	2262.2243124526
0	3865	320028.016434889303	2012.8736485261
0	3876	320911.073959758521	2094.4467202295
0	3887	321740.937904128821	2147.2221831791
0	3892	322328.621561452763	2094.3192372099
0	3903	322903.269958309846	1955.8497036807
0	3914	323863.656612345965	2122.7187082171
0	3923	324492.959655029715	2045.601380663
0	3928	324985.691181756572	1975.1714799553
0	3937	325359.248031070472	1495.5914187245
0	3946	326278.908972255901	1785.9493172262
0	3957	327221.078093815611	2019.2410478834
0	3964	327780.142313428239	1719.8181368876
0	3973	328703.958211792648	1983.777320059
0	3984	329550.106019759566	2059.4552978408
0	3993	330434.736384451405	2068.0602338165
0	4000	330776.578003400952	1748.0673885439
0	4009	331657.157169375584	2059.084434947
0	4018	332240.990201057882	1790.1041675359
0	4029	332994.788517197609	1656.2735974789
0	4036	333610.482012061417	1487.6330202911
0	4049	334480.515998555363	1929.630333418
0	4058	335118.445461848766	2005.3810286801
0	4065	335547.073305817336	1784.0165737085
0	4072	336066.240687947735	1585.7246893924
0	4083	337490.574276633576	2372.1288147848
0	4090	337802.341451263071	1900.1480325591
0	4103	339018.738133041204	2287.25917954
0	4112	339895.816764654608	2404.3310306501
0	4121	340769.75756809117	2514.1390347853
0	4126	341104.605840705351	2085.8677076641
0	4137	342299.263234203698	2403.4464695491
0	4148	343125.469050742702	2355.7114826515
0	4155	343626.555034657957	2190.9155583009
0	4164	344170.102951303141	1865.8377906773
0	4175	345227.656921651231	2102.1878709085
0	4184	345974.280228232982	2121.6231456958
0	4189	346558.397320099192	2215.9567730036
0	4200	347393.092407798412	2165.4354861472
0	4211	348224.799069575983	2250.518841343
0	4218	349031.508652120846	2395.7226639614
0	4227	349498.708569863829	2052.2888449486
0	4238	350451.926936907711	2227.1278673317
0	4245	351105.527692800405	2000.6330232136
0	4256	351964.225091272982	2127.989424672
0	4265	352848.607691377418	2396.6807544697
0	4274	353732.725510653125	2576.5937669668
0	4283	354533.224944770353	2568.9998534974
0	4288	355031.054432317631	2182.4467409402
0	4297	355533.716271724569	1800.9907610714
0	4306	355968.258517608064	1435.0335728377
0	4315	357206.462008785473	1989.8642730899
0	4328	357989.907169109227	2105.0817499403
0	4337	358864.589120820181	2141.8656082358
0	4342	359181.274583470093	1774.0473814309
0	4351	359892.556302342581	1902.6491332334
0	4364	360914.429709641279	2049.8405888211
0	4373	361677.61942511426	2137.7942993771
0	4380	362378.157596569524	2048.198251985
0	4389	362806.350429542378	1891.9207199011
0	4396	363261.661290982753	1584.0418658685
0	4409	364321.277758805097	1921.0085014813
0	4418	365098.111953260393	1973.3906341251
0	4427	365864.295906107889	2167.1572007239
0	4434	366631.221589073555	2309.9438302685
0	4443	367054.931559227423	1956.819605967
0	4450	367408.992349309863	1544.696443202
0	4461	368429.364378796906	1722.5500276778
0	4468	369013.73069551775	1819.1038912162
0	4479	369779.79825516233	1791.8829257134
0	4486	370476.435222895832	1924.9846771359
0	4495	371309.942471701669	1951.0964086745
0	4504	371779.00028438309	1862.9757202696
0	4515	373107.075956929492	2405.7940282859
0	4524	373764.786290656792	2171.3546637911
0	4535	374639.119406277331	2173.9177820273
0	4542	375166.909824125486	2052.0072666463
0	4553	376073.952584015222	2299.6422635391
0	4558	376474.11075965503	1834.9913533777
0	4569	377158.220830606314	1890.3087170329
0	4580	378041.360470606031	1967.4078865908
0	4585	378603.827362228202	2107.7378768474
0	4594	379097.283275937679	1723.7762193661
0	4607	380273.290447751077	2231.929977145
0	4616	381113.521074643376	2340.279875882
0	4625	381661.272049276176	2089.8660555482
0	4632	382472.018403466809	2198.7279557157
0	4639	382987.611971190217	1874.0908965468
0	4652	384035.092477826419	2373.8204285502
0	4657	384467.363694543036	1950.2066960558
0	4666	385108.597100526112	1860.90650931
0	4677	385920.035866554844	1884.9433887284
0	4686	386806.799438176694	2172.3346440587
0	4697	387628.331639198604	2136.7939636577
0	4706	388355.583044188115	2200.772025995
0	4711	388732.364506367612	1879.3339366559
0	4720	389611.589552834648	1983.257913636
0	4731	390741.123800631631	2385.5407564435
0	4738	391253.498367033917	2014.5692561287
0	4747	392071.963201649506	1944.8099867441
0	4758	393037.052398966644	2199.5707070455
0	4769	393831.20064921679	2162.5875247177
0	4776	394322.587422514353	2026.9865836948
0	4787	395086.057771788929	1981.2078060117
0	4792	395394.273197650928	1563.0725484341
0	4801	396050.43901191095	1707.7260467224
0	4810	396972.876832354833	1886.8190605659
0	4823	397943.23004130276	2229.3088237289
0	4832	398522.199308685978	1972.020588303
0	4839	399110.477329138686	1828.7732791621
0	4848	399750.90394495057	1807.6739036478
0	4855	400217.227901704629	1695.0285930187
0	4864	401456.049441033995	2229.0824366268
0	4873	402414.632988581454	2319.4253491703
0	4884	402898.273909511065	1996.8933763448
0	4891	403460.251994244775	1684.2795161996
0	4900	404224.641304370036	1741.4097350556
0	4913	405104.652500152608	1939.7009563632
0	4918	405557.571168942397	1712.1880121995
0	4927	406343.636090867241	1952.5544569362
0	4936	407340.211711032336	2235.5592108797
0	4945	407780.052105942761	1878.8195779547
0	4958	409116.796557884683	2472.8871166706
0	4965	409695.130041707327	2193.2446727995
0	4976	410343.615941517075	2056.9837500807
0	4981	410762.497109267881	1645.7005513832
0	4994	411551.132944738512	1729.2771523353
0	5001	411969.096934609135	1625.4809930921
0	5004	412293.073508190011	1398.6141365021
0	5017	413595.521019632016	2044.3880748935
0	5026	414376.445203274508	2031.3653505407
0	5037	415310.447749542092	2259.5936895814
0	5048	416142.842168128138	2241.2141487468
0	5057	416999.076915951466	2428.0447903555
0	5062	417407.159859593978	2054.8529854976
0	5071	417827.763130981495	1684.9209628534
0	5084	419346.645445050693	2347.5685290992
0	5093	420128.130939602873	2324.9529842287
0	5100	420719.125431776068	2199.8861394357
0	5111	421602.56322096104	2255.9177759103
0	5116	422014.252101816258	1886.1211622134
0	5127	422910.420649079627	2045.5933028832
0	5134	423552.809311961776	1950.2460910007
0	5143	424352.433685027084	2035.0268523674
0	5154	425481.04052245619	2383.7346694898
0	5161	425983.871050179026	2017.4460031092
0	5170	426908.41258945877	2191.6655195877
0	5181	427604.951606830603	2048.8045196515
0	5188	428165.299174748382	1830.3175143432
0	5201	429602.916378015674	2539.8100067396
0	5206	430103.566362289734	2222.268590983
0	5215	430778.64026008176	2009.25048301
0	5226	431734.652091795601	2131.7357137799
0	5233	432192.729270178847	1989.1121802852
0	5246	432926.978023024299	1845.6389303785
0	5253	433455.317055434012	1515.2989905328
0	5262	434180.592931900197	1875.7276990917
0	5269	434601.614895416447	1674.6368723921
0	5278	435144.254529895284	1585.3443598375
0	5287	435930.950205959402	1671.0039208643
0	5296	436692.589687602618	1590.7807828858
0	5305	437314.785427367338	1819.6654538624
0	5316	438502.898567961552	2165.2334248647
0	5325	439259.021938825049	2034.1186692473
0	5334	439937.234647432365	2039.138005022
0	5341	440489.219805132621	1825.59844153
0	5352	441535.937979072355	2258.159719035
0	5361	442202.428055601217	2065.0545093231
0	5370	443126.314399112039	2112.9903992638
0	5381	443851.248344639339	2204.442173196
0	5386	444322.190386243187	1779.3090306222
0	5395	445055.613811500393	1874.1101232357
0	5406	446158.724046824523	2307.4757021852
0	5413	446602.458271617093	1996.5918355621
0	5426	447792.932921787747	2322.0123684034
0	5431	448391.939945379295	2097.0659907907
0	5440	448859.019978856691	1958.3120225463
0	5453	449907.730960054346	2114.7980382666
0	5460	450614.223691122629	1965.7948155887
0	5469	451299.890148080908	1952.4369854014
0	5476	451763.448936073132	1855.7179760188
0	5487	452292.574857780732	1534.4443182461
0	5494	452869.495460344501	1554.4992485549
0	5507	453928.614054713421	2001.783569064
0	5512	454434.546818118565	1945.0546863489
0	5523	455226.937554404162	1972.7415145375
0	5534	456310.281168110692	2381.6671133973
0	5543	456951.220775675052	2155.6025816593
0	5548	457403.337054234022	1711.2286846619
0	5561	458353.869316773513	2043.5881486628
0	5568	458885.024776076922	1933.8040004019
0	5575	459544.682409055555	1844.3221226335
0	5588	460636.184563860321	2282.3152470868
0	5597	461270.971886487702	2157.8861807473
0	5604	461717.261167103449	1953.7789276801
0	5611	462524.635209236318	1888.450645376
0	5624	463547.950418433199	2276.9785319455
0	5629	464046.708648232768	1969.7614047211
0	5642	465216.499290894742	2387.8426314332
0	5649	465643.295541359137	2095.3451229259
0	5656	466486.238856939624	2095.2329969499
0	5669	467574.195352429549	2357.6960615348
0	5678	468282.471413165356	2414.1020340845
0	5683	468757.009161869089	2040.579258604
0	5692	469398.608638392787	1824.4132859632
0	5705	470458.595353737499	2176.1239405721
0	5714	471316.630706330787	2175.4328226205
0	5719	471690.458346717085	2116.6686045472
0	5732	472827.491692872744	2368.8963391352
0	5737	473279.622487351324	1962.9917810205
0	5748	474358.695266721796	2301.0987294372
0	5759	475227.811490278717	2400.319797406
0	5766	475939.298302307751	2241.2280319724
0	5777	476533.962990995523	2105.1953078248
0	5782	476900.430360110503	1672.6188698318
0	5793	477868.261214531985	1911.4001822658
0	5802	478551.7738149036	2017.8108239081
0	5811	479256.245990563211	2154.5254600234
0	5818	479930.647123279077	1950.942862127
0	5831	480797.054801322547	1977.6397052687
0	5840	481360.148815624443	2017.9659917951
0	5849	482141.345067741377	2092.0289956033
0	5854	482677.060695737628	1880.0058944151
0	5863	483651.443051453708	2291.2942358293
0	5874	484553.275348478956	2411.9302807376
0	5885	485395.701629156275	2420.1181058306
0	5894	486232.762007787852	2390.0630642194
0	5901	486694.935072166874	2027.2666654084
0	5912	487617.090848833351	2221.3892196771
0	5917	487957.51020843166	1724.7482006438
0	5926	488758.323947433411	2015.9604539629
0	5935	489694.058600580348	2076.967751747
0	5944	490291.97402098219	1956.5661740955
0	5955	491435.347174527153	2343.9274627715
0	5962	491822.555679129466	2070.1658598147
0	5973	492636.173169175192	2002.330043586
0	5982	493165.091089904337	1677.6669715997
0	5989	493637.773822993069	1547.1526402049
0	5998	494158.361172303586	1404.9221896101
0	6007	494533.593397541001	1347.7194021922
0	6020	495421.607980085566	1686.3308816683
0	6025	495896.059876587271	1717.5321745221
0	6036	496683.573222951993	2087.5753758475
0	6045	497239.651234494552	1818.043254409
0	6052	497922.233906574577	1796.8961936887
0	6063	499224.408847605839	2382.4033458252
0	6074	499995.570257026732	2518.1101331022
0	6083	500844.578177807883	2474.1512167733
0	6088	501380.590223427892	2146.2489082944
0	6101	502361.193355685131	2365.6230986584
0	6110	503243.614369025485	2399.0361912176
0	6117	503947.636780422212	2450.2198125701
0	6126	504673.048955434964	2311.8555997498
0	6133	505092.878926824809	1849.2645577993
0	6144	505743.535696249486	1610.9021819662
0	6155	506549.608207354353	1848.873798782
0	6162	507142.046563234211	1925.8111773524
0	6171	507831.211279705198	1803.2479004469
0	6178	508189.834195515172	1640.2259881608
0	6187	509281.737703224675	1919.9008516967
0	6198	510371.895213983985	2196.399634704
0	6209	511335.484146885605	2396.5796546079
0	6214	512026.491782767729	2412.6851353794
0	6223	512442.759439861433	1931.5385745373
0	6232	513414.980423636766	2079.4962767512
0	6245	514214.751655468749	2075.9575163014
0	6254	514953.312083752858	2018.8729487825
0	6263	515815.481394063714	2294.1387221217
0	6270	516489.003484882447	2274.2518294137
0	6281	517350.046126591074	2396.7340428382
0	6290	518221.692745015058	2406.2113509513
0	6295	518555.696539487723	2044.5507818833
0	6304	519356.363699259269	2006.3175726682
0	6313	520288.916552905027	2067.22380789
0	6322	521044.396960688788	1996.9401472248
0	6333	521906.275605596635	1968.3390158694
0	6340	522265.578529424998	1788.9396575745
0	6349	523243.718928610939	1926.9644443877
0	6358	524420.034586731379	2260.5820556637
0	6371	525351.111466996407	2428.673706064
0	6376	525980.850345874241	2163.2505127229
0	6389	527003.175736544689	2482.0345220156
0	6398	527750.833693658968	2399.7222266626
0	6407	528605.824736366083	2454.7361387406
0	6414	529425.604238826816	2422.4285022821
0	6423	530033.402509102633	2282.5688154437
0	6434	530862.842070730438	2257.0173343644
0	6443	531737.646976718714	2279.9964624457
0	6448	532313.535989401897	2271.0539970081
0	6461	533322.727010585402	2459.884939855
0	6470	533905.293309967999	2167.6463332493
0	6477	534360.920446040143	1766.654712148
0	6484	534780.286316340823	1457.5593057554
0	6493	535590.278474288095	1684.9851643201
0	6504	536270.696617942337	1719.5053394884
0	6513	537172.021105745841	2032.286071172
0	6520	537727.273240825195	1996.8802072573
0	6529	538539.208032935893	2105.414328631
0	6538	539298.436432471534	1966.8480352499
0	6549	540090.6622921117	1904.147276748
0	6560	540841.812447505107	2062.1876789723
0	6567	541231.337440107053	1727.9940461274
0	6574	541854.110425757279	1620.5256442074
0	6583	542641.711487062311	1799.8990395572
0	6592	543595.300576742774	2163.5422160849
0	6601	544049.935440905427	1744.6671025828
0	6610	545511.097000725603	2322.7964455727
0	6619	546291.309805121308	2334.0909107588
0	6630	547208.741247933393	2411.9689956307
0	6639	547954.046648601105	2257.3683139868
0	6648	548852.191656036337	2443.6296487693
0	6659	549537.838349724224	2258.2145744003
0	6668	550030.261661438307	1870.9955580533
0	6675	550468.737624166569	1555.2536856383
0	6682	551217.953903507477	1680.1155537833
0	6691	551599.388696160204	1569.1270347219
0	6700	552701.600780664047	1935.4761557188
0	6709	553380.108054634218	1844.5796219632
0	6718	553895.15251256529	1748.3629361261
0	6729	555163.205864187366	2260.572881531
0	6736	555491.96962206628	1808.9734994341
0	6749	556769.445867044887	2214.8279468995
0	6756	557583.447353588453	2414.722611336
0	6763	558108.775660023129	2115.9890550189
0	6776	559154.606615798584	2385.1607487537
0	6785	559717.56167421121	2069.4402912632
0	6794	560466.949442820659	2124.8436623253
0	6799	561096.033083321562	1941.426467523
0	6810	561902.940517058631	2185.3788428474
0	6821	562341.577840643039	1874.6283978224
0	6830	563139.62927833203	1798.8668644801
0	6837	563694.21512712728	1780.1269551739
0	6848	564754.681486543303	2413.1036459003
0	6853	565353.70200821202	2214.07272988
0	6866	566491.444124886801	2616.0150480922
0	6873	566847.927652951365	2093.2461664081
0	6884	567860.689820442384	2234.9254576955
0	6891	568691.765896417236	2200.3217715304
0	6898	569440.735899237951	2389.1336753033
0	6907	569899.544789548998	2038.8549691066
0	6916	571060.693285195192	2311.8515952956
0	6929	572167.458020942321	2576.0819064919
0	6934	572580.967323482072	2127.574872924
0	6943	573073.956802301144	1798.8174981438
0	6954	574128.602443635499	1961.1444226932
0	6963	575017.270373459941	2306.1953396536
0	6970	575595.297124888784	2069.2007655278
0	6981	576480.490266485176	2230.1131568849
0	6988	577158.227432845197	2080.7173952926
0	6999	578121.779058314896	2152.9954279773
0	7006	578720.38881378252	2014.0730999876
0	7017	579547.378251655064	1970.4429040197
0	7028	580534.566781623326	2078.5176016856
0	7035	580883.856604015492	1927.2564469837
0	7046	581554.430872667618	1877.4582169019
0	7053	581963.330903369971	1428.7641217466
0	7064	583060.340704070441	2147.0662155189
0	7071	583638.496282976158	2084.0654103085
0	7078	584070.802951371335	1874.5603763033
0	7087	585548.384311655574	2488.0436075851
0	7096	585920.098513131998	2027.2186954971
0	7105	586858.066246099807	2073.4171946067
0	7116	587834.805915132201	2261.8210963905
0	7127	588665.672655869312	2279.4775058515
0	7136	589369.559962721578	2148.2859979849
0	7143	589936.459004972167	2059.838264063
0	7152	590359.350560652129	1693.6779047828
0	7163	591208.62787510272	1839.0679123811
0	7168	591726.308932621068	1746.5247489978
0	7181	592702.050288487262	2165.7181722578
0	7186	593014.981660572848	1806.3537854701
0	7195	593773.425350384823	1770.1410292648
0	7204	594440.931885503269	1738.881597016
0	7217	595493.169775977768	2039.4216702785
0	7224	596237.547371350266	2275.7454743609
0	7233	596737.100387178398	2033.031786466
0	7242	597303.575209016018	1810.4054330383
0	7251	597951.269749039822	1643.9002659637
0	7258	598542.753479350396	1783.3307180554
0	7267	599262.44971733544	1912.8952303436
0	7276	600249.349377444052	2016.2239952479
0	7285	601192.808937002011	2218.6932538636
0	7296	602081.079839402847	2293.1828835513
0	7303	602482.226695586033	1982.9380929004
0	7312	603349.80873581957	1987.9829085432
0	7321	603836.875597760117	1605.2664693911
0	7326	604478.398725204207	1616.2362425588
1	3154	260988.475676346586	349
1	3167	261968.085927190274	350
1	3176	262614.162131818026	351
1	3183	263297.224645363182	352
1	3194	264360.412485804423	353
1	3203	265144.010052876561	354
1	3212	265874.868238577633	355
1	3219	266505.021558841704	356
1	3226	266902.173927007257	357
1	3235	267881.797189638032	358
1	3248	269219.140386907397	359
1	3257	269998.164479015408	360
1	3264	270706.288814032463	361
1	3273	271500.850047217695	362
1	3280	272348.366640647886	363
1	3289	272881.818258203579	364
1	3298	273521.20063947515	365
1	3309	274296.390470908967	366
1	3318	274978.06149395184	367
1	3327	275823.055396741269	368
1	3338	276503.755377838401	369
1	3345	277157.532562734572	370
1	3352	277808.167041465653	371
1	3361	278386.478332662968	372
1	3370	279274.464593036113	373
1	3379	280056.244206335408	374
1	3388	280883.521293103708	375
1	3397	281554.785432759686	376
1	3406	282067.769099911688	377
1	3415	282902.791772084323	378
1	3424	283785.274858586503	379
1	3433	284699.21623617412	380
1	3446	285630.6319251191	381
1	3451	286066.168806888176	382
1	3460	286491.72364692205	383
1	3471	287916.075432579977	384
1	3480	288539.544516988111	385
1	3487	289162.208164483321	386
1	3498	290031.196937011568	387
1	3505	290589.001368731273	388
1	3516	291566.964119346825	389
1	3527	292398.52517768742	390
1	3536	293082.614954654141	391
1	3541	293803.400231245919	392
1	3550	294230.549615621581	393
1	3561	295292.054424528046	394
1	3570	295738.369589298977	395
1	3577	296167.568529769792	396
1	3586	296836.378881940631	397
1	3597	297806.917611323311	398
1	3604	298270.228742435588	399
1	3615	299180.420127511038	400
1	3622	300250.392998987823	401
1	3635	301155.710810422912	402
1	3642	301753.892552247286	403
1	3653	302763.606137596085	404
1	3660	303215.935805439963	405
1	3667	303762.871789606302	406
1	3678	304557.180668134257	407
1	3685	304863.148901285618	408
1	3698	306315.52958535032	409
1	3703	306647.589439759046	410
1	3712	307448.605744214744	411
1	3721	308011.562599567712	412
1	3730	309047.755550639719	413
1	3739	309739.213976729677	414
1	3748	310409.616729710266	415
1	3757	311426.768468180686	416
1	3768	312392.208601394683	417
1	3779	313275.538689130932	418
1	3786	313679.592086328208	419
1	3793	314162.345359101906	420
1	3802	314775.902742007762	421
1	3815	315777.464673249066	422
1	3822	316386.810129694656	423
1	3831	317189.794415188969	424
1	3842	318015.142786363156	425
1	3849	318671.660814620571	426
1	3858	319554.056242480891	427
1	3865	320028.016434889303	428
1	3876	320911.073959758521	429
1	3887	321740.937904128821	430
1	3892	322328.621561452763	431
1	3903	322903.269958309846	432
1	3914	323863.656612345965	433
1	3923	324492.959655029715	434
1	3928	324985.691181756572	435
1	3937	325359.248031070472	436
1	3946	326278.908972255901	437
1	3957	327221.078093815611	438
1	3964	327780.142313428239	439
1	3973	328703.958211792648	440
1	3984	329550.106019759566	441
1	3993	330434.736384451405	442
1	4000	330776.578003400952	443
1	4009	331657.157169375584	444
1	4018	332240.990201057882	445
1	4029	332994.788517197609	446
1	4036	333610.482012061417	447
1	4049	334480.515998555363	448
1	4058	335118.445461848766	449
1	4065	335547.073305817336	450
1	4072	336066.240687947735	451
1	4083	337490.574276633576	452
1	4090	337802.341451263071	453
1	4103	339018.738133041204	454
1	4112	339895.816764654608	455
1	4121	340769.75756809117	456
1	4126	341104.605840705351	457
1	4137	342299.263234203698	458
1	4148	343125.469050742702	459
1	4155	343626.555034657957	460
1	4164	344170.102951303141	461
1	4175	345227.656921651231	462
1	4184	345974.280228232982	463
1	4189	346558.397320099192	464
1	4200	347393.092407798412	465
1	4211	348224.799069575983	466
1	4218	349031.508652120846	467
1	4227	349498.708569863829	468
1	4238	350451.926936907711	469
1	4245	351105.527692800405	470
1	4256	351964.225091272982	471
1	4265	352848.607691377418	472
1	4274	353732.725510653125	473
1	4283	354533.224944770353	474
1	4288	355031.054432317631	475
1	4297	355533.716271724569	476
1	4306	355968.258517608064	477
1	4315	357206.462008785473	478
1	4328	357989.907169109227	479
1	4337	358864.589120820181	480
1	4342	359181.274583470093	481
1	4351	359892.556302342581	482
1	4364	360914.429709641279	483
1	4373	361677.61942511426	484
1	4380	362378.157596569524	485
1	4389	362806.350429542378	486
1	4396	363261.661290982753	487
1	4409	364321.277758805097	488
1	4418	365098.111953260393	489
1	4427	365864.295906107889	490
1	4434	366631.221589073555	491
1	4443	367054.931559227423	492
1	4450	367408.992349309863	493
1	4461	368429.364378796906	494
1	4468	369013.73069551775	495
1	4479	369779.79825516233	496
1	4486	370476.435222895832	497
1	4495	371309.942471701669	498
1	4504	371779.00028438309	499
1	4515	373107.075956929492	500
1	4524	373764.786290656792	501
1	4535	374639.119406277331	502
1	4542	375166.909824125486	503
1	4553	376073.952584015222	504
1	4558	376474.11075965503	505
1	4569	377158.220830606314	506
1	4580	378041.360470606031	507
1	4585	378603.827362228202	508
1	4594	379097.283275937679	509
1	4607	380273.290447751077	510
1	4616	381113.521074643376	511
1	4625	381661.272049276176	512
1	4632	382472.018403466809	513
1	4639	382987.611971190217	514
1	4652	384035.092477826419	515
1	4657	384467.363694543036	516
1	4666	385108.597100526112	517
1	4677	385920.035866554844	518
1	4686	386806.799438176694	519
1	4697	387628.331639198604	520
1	4706	388355.583044188115	521
1	4711	388732.364506367612	522
1	4720	389611.589552834648	523
1	4731	390741.123800631631	524
1	4738	391253.498367033917	525
1	4747	392071.963201649506	526
1	4758	393037.052398966644	527
1	4769	393831.20064921679	528
1	4776	394322.587422514353	529
1	4787	395086.057771788929	530
1	4792	395394.273197650928	531
1	4801	396050.43901191095	532
1	4810	396972.876832354833	533
1	4823	397943.23004130276	534
1	4832	398522.199308685978	535
1	4839	399110.477329138686	536
1	4848	399750.90394495057	537
1	4855	400217.227901704629	538
1	4864	401456.049441033995	539
1	4873	402414.632988581454	540
1	4884	402898.273909511065	541
1	4891	403460.251994244775	542
1	4900	404224.641304370036	543
1	4913	405104.652500152608	544
1	4918	405557.571168942397	545
1	4927	406343.636090867241	546
1	4936	407340.211711032336	547
1	4945	407780.052105942761	548
1	4958	409116.796557884683	549
1	4965	409695.130041707327	550
1	4976	410343.615941517075	551
1	4981	410762.497109267881	552
1	4994	411551.132944738512	553
1	5001	411969.096934609135	554
1	5004	412293.073508190011	555
1	5017	413595.521019632016	556
1	5026	414376.445203274508	557
1	5037	415310.447749542092	558
1	5048	416142.842168128138	559
1	5057	416999.076915951466	560
1	5062	417407.159859593978	561
1	5071	417827.763130981495	562
1	5084	419346.645445050693	563
1	5093	420128.130939602873	564
1	5100	420719.125431776068	565
1	5111	421602.56322096104	566
1	5116	422014.252101816258	567
1	5127	422910.420649079627	568
1	5134	423552.809311961776	569
1	5143	424352.433685027084	570
1	5154	425481.04052245619	571
1	5161	425983.871050179026	572
1	5170	426908.41258945877	573
1	5181	427604.951606830603	574
1	5188	428165.299174748382	575
1	5201	429602.916378015674	576
1	5206	430103.566362289734	577
1	5215	430778.64026008176	578
1	5226	431734.652091795601	579
1	5233	432192.729270178847	580
1	5246	432926.978023024299	581
1	5253	433455.317055434012	582
1	5262	434180.592931900197	583
1	5269	434601.614895416447	584
1	5278	435144.254529895284	585
1	5287	435930.950205959402	586
1	5296	436692.589687602618	587
1	5305	437314.785427367338	588
1	5316	438502.898567961552	589
1	5325	439259.021938825049	590
1	5334	439937.234647432365	591
1	5341	440489.219805132621	592
1	5352	441535.937979072355	593
1	5361	442202.428055601217	594
1	5370	443126.314399112039	595
1	5381	443851.248344639339	596
1	5386	444322.190386243187	597
1	5395	445055.613811500393	598
1	5406	446158.724046824523	599
1	5413	446602.458271617093	600
1	5426	447792.932921787747	601
1	5431	448391.939945379295	602
1	5440	448859.019978856691	603
1	5453	449907.730960054346	604
1	5460	450614.223691122629	605
1	5469	451299.890148080908	606
1	5476	451763.448936073132	607
1	5487	452292.574857780732	608
1	5494	452869.495460344501	609
1	5507	453928.614054713421	610
1	5512	454434.546818118565	611
1	5523	455226.937554404162	612
1	5534	456310.281168110692	613
1	5543	456951.220775675052	614
1	5548	457403.337054234022	615
1	5561	458353.869316773513	616
1	5568	458885.024776076922	617
1	5575	459544.682409055555	618
1	5588	460636.184563860321	619
1	5597	461270.971886487702	620
1	5604	461717.261167103449	621
1	5611	462524.635209236318	622
1	5624	463547.950418433199	623
1	5629	464046.708648232768	624
1	5642	465216.499290894742	625
1	5649	465643.295541359137	626
1	5656	466486.238856939624	627
1	5669	467574.195352429549	628
1	5678	468282.471413165356	629
1	5683	468757.009161869089	630
1	5692	469398.608638392787	631
1	5705	470458.595353737499	632
1	5714	471316.630706330787	633
1	5719	471690.458346717085	634
1	5732	472827.491692872744	635
1	5737	473279.622487351324	636
1	5748	474358.695266721796	637
1	5759	475227.811490278717	638
1	5766	475939.298302307751	639
1	5777	476533.962990995523	640
1	5782	476900.430360110503	641
1	5793	477868.261214531985	642
1	5802	478551.7738149036	643
1	5811	479256.245990563211	644
1	5818	479930.647123279077	645
1	5831	480797.054801322547	646
1	5840	481360.148815624443	647
1	5849	482141.345067741377	648
1	5854	482677.060695737628	649
1	5863	483651.443051453708	650
1	5874	484553.275348478956	651
1	5885	485395.701629156275	652
1	5894	486232.762007787852	653
1	5901	486694.935072166874	654
1	5912	487617.090848833351	655
1	5917	487957.51020843166	656
1	5926	488758.323947433411	657
1	5935	489694.058600580348	658
1	5944	490291.97402098219	659
1	5955	491435.347174527153	660
1	5962	491822.555679129466	661
1	5973	492636.173169175192	662
1	5982	493165.091089904337	663
1	5989	493637.773822993069	664
1	5998	494158.361172303586	665
1	6007	494533.593397541001	666
1	6020	495421.607980085566	667
1	6025	495896.059876587271	668
1	6036	496683.573222951993	669
1	6045	497239.651234494552	670
1	6052	497922.233906574577	671
1	6063	499224.408847605839	672
1	6074	499995.570257026732	673
1	6083	500844.578177807883	674
1	6088	501380.590223427892	675
1	6101	502361.193355685131	676
1	6110	503243.614369025485	677
1	6117	503947.636780422212	678
1	6126	504673.048955434964	679
1	6133	505092.878926824809	680
1	6144	505743.535696249486	681
1	6155	506549.608207354353	682
1	6162	507142.046563234211	683
1	6171	507831.211279705198	684
1	6178	508189.834195515172	685
1	6187	509281.737703224675	686
1	6198	510371.895213983985	687
1	6209	511335.484146885605	688
1	6214	512026.491782767729	689
1	6223	512442.759439861433	690
1	6232	513414.980423636766	691
1	6245	514214.751655468749	692
1	6254	514953.312083752858	693
1	6263	515815.481394063714	694
1	6270	516489.003484882447	695
1	6281	517350.046126591074	696
1	6290	518221.692745015058	697
1	6295	518555.696539487723	698
1	6304	519356.363699259269	699
1	6313	520288.916552905027	700
1	6322	521044.396960688788	701
1	6333	521906.275605596635	702
1	6340	522265.578529424998	703
1	6349	523243.718928610939	704
1	6358	524420.034586731379	705
1	6371	525351.111466996407	706
1	6376	525980.850345874241	707
1	6389	527003.175736544689	708
1	6398	527750.833693658968	709
1	6407	528605.824736366083	710
1	6414	529425.604238826816	711
1	6423	530033.402509102633	712
1	6434	530862.842070730438	713
1	6443	531737.646976718714	714
1	6448	532313.535989401897	715
1	6461	533322.727010585402	716
1	6470	533905.293309967999	717
1	6477	534360.920446040143	718
1	6484	534780.286316340823	719
1	6493	535590.278474288095	720
1	6504	536270.696617942337	721
1	6513	537172.021105745841	722
1	6520	537727.273240825195	723
1	6529	538539.208032935893	724
1	6538	539298.436432471534	725
1	6549	540090.6622921117	726
1	6560	540841.812447505107	727
1	6567	541231.337440107053	728
1	6574	541854.110425757279	729
1	6583	542641.711487062311	730
1	6592	543595.300576742774	731
1	6601	544049.935440905427	732
1	6610	545511.097000725603	733
1	6619	546291.309805121308	734
1	6630	547208.741247933393	735
1	6639	547954.046648601105	736
1	6648	548852.191656036337	737
1	6659	549537.838349724224	738
1	6668	550030.261661438307	739
1	6675	550468.737624166569	740
1	6682	551217.953903507477	741
1	6691	551599.388696160204	742
1	6700	552701.600780664047	743
1	6709	553380.108054634218	744
1	6718	553895.15251256529	745
1	6729	555163.205864187366	746
1	6736	555491.96962206628	747
1	6749	556769.445867044887	748
1	6756	557583.447353588453	749
1	6763	558108.775660023129	750
1	6776	559154.606615798584	751
1	6785	559717.56167421121	752
1	6794	560466.949442820659	753
1	6799	561096.033083321562	754
1	6810	561902.940517058631	755
1	6821	562341.577840643039	756
1	6830	563139.62927833203	757
1	6837	563694.21512712728	758
1	6848	564754.681486543303	759
1	6853	565353.70200821202	760
1	6866	566491.444124886801	761
1	6873	566847.927652951365	762
1	6884	567860.689820442384	763
1	6891	568691.765896417236	764
1	6898	569440.735899237951	765
1	6907	569899.544789548998	766
1	6916	571060.693285195192	767
1	6929	572167.458020942321	768
1	6934	572580.967323482072	769
1	6943	573073.956802301144	770
1	6954	574128.602443635499	771
1	6963	575017.270373459941	772
1	6970	575595.297124888784	773
1	6981	576480.490266485176	774
1	6988	577158.227432845197	775
1	6999	578121.779058314896	776
1	7006	578720.38881378252	777
1	7017	579547.378251655064	778
1	7028	580534.566781623326	779
1	7035	580883.856604015492	780
1	7046	581554.430872667618	781
1	7053	581963.330903369971	782
1	7064	583060.340704070441	783
1	7071	583638.496282976158	784
1	7078	584070.802951371335	785
1	7087	585548.384311655574	786
1	7096	585920.098513131998	787
1	7105	586858.066246099807	788
1	7116	587834.805915132201	789
1	7127	588665.672655869312	790
1	7136	589369.559962721578	791
1	7143	589936.459004972167	792
1	7152	590359.350560652129	793
1	7163	591208.62787510272	794
1	7168	591726.308932621068	795
1	7181	592702.050288487262	796
1	7186	593014.981660572848	797
1	7195	593773.425350384823	798
1	7204	594440.931885503269	799
1	7217	595493.169775977768	800
1	7224	596237.547371350266	801
1	7233	596737.100387178398	802
1	7242	597303.575209016018	803
1	7251	597951.269749039822	804
1	7258	598542.753479350396	805
1	7267	599262.44971733544	806
1	7276	600249.349377444052	807
1	7285	601192.808937002011	808
1	7296	602081.079839402847	809
1	7303	602482.226695586033	810
1	7312	603349.80873581957	811
1	7321	603836.875597760117	812
1	7326	604478.398725204207	813

