version 2
run Pipelined_3Teachers-92-20190105-10:57:38-10992
attr configname Pipelined_3Teachers
attr datetime 20190105-10:57:38
attr experiment Pipelined_3Teachers
attr inifile ../simulations/omnetpp.ini
attr iterationvars "$0=\"uniform\""
attr iterationvarsf uniform-
attr measurement "$0=\"uniform\""
attr network PipelinedExamSession
attr processid 10992
attr repetition 92
attr replication #92
attr resultdir results
attr runnumber 92
attr seedset 92
param **.teachersNumber 3
param **.answerTimeDistribution "\"uniform\""
param **.minUniform 300
param **.maxUniform 900
param **.scaleLognormal 6.2854
param **.shapeLognormal 0.4724

vector 0 PipelinedExamSession examinationTime:vector ETV
attr source examFinished
vector 1 PipelinedExamSession studentID:vector ETV
attr source student
0	3122	260417.611969169241	1893.6206578743
0	3127	260842.400786513474	1429.4247199316
0	3136	261331.747776595888	1522.6886085235
0	3147	262289.14003330284	1871.5280641336
0	3154	263168.920101039123	2076.2002919801
0	3163	263871.518463967379	2041.0560142715
0	3174	264413.71458428913	1708.1029258668
0	3181	264821.247856831189	1407.9171316233
0	3192	265701.474932022405	1788.0963941105
0	3199	266237.200856627909	1584.8536075093
0	3208	266935.614900290978	1711.7227986921
0	3217	267325.984386261564	1399.9312141445
0	3226	267993.975517479714	1424.8031436
0	3235	268536.303130863246	1470.2646782622
0	3246	269591.415322059777	1844.5277850609
0	3255	270589.305440057081	2334.8925642204
0	3262	271183.484505442914	2146.4130319655
0	3273	272099.42618776114	2238.5669126641
0	3282	272916.214046347898	2269.9125459418
0	3289	273466.966161411267	1987.1313196141
0	3300	274368.884822772828	2023.688740097
0	3311	275249.17533947156	2213.6504891329
0	3318	275848.732464015495	2187.2169282753
0	3325	276426.991599798213	2023.4403145965
0	3338	277385.098975338052	2135.9236358665
0	3343	277861.411802703525	1908.0715843476
0	3352	278368.282347265641	1552.7103658766
0	3361	279374.285079399134	1989.1861040611
0	3370	279805.881202407192	1623.9289371762
0	3375	280376.926180673774	1445.6153463107
0	3388	281462.473353277902	1928.6419196986
0	3397	282198.848134791489	1785.004155105
0	3408	283109.757990483206	2118.5936877038
0	3415	283518.353697611029	1822.2349517047
0	3424	283982.353332079957	1458.8978352025
0	3435	284920.701210061099	1753.5067880061
0	3442	285673.601499153312	2028.1065661926
0	3453	286136.509545240563	1931.7911285441
0	3460	286692.462057201204	1715.8186191693
0	3469	287680.946538364526	1916.1200936884
0	3482	288828.721711132687	2501.2160957325
0	3487	289182.375900540513	2029.908937728
0	3500	290446.186192100879	2475.3682846203
0	3507	290953.232985176157	2124.5112740435
0	3516	291840.780196711432	2156.7292119842
0	3523	292581.17552418263	2134.9893320818
0	3534	293125.337514141586	1811.7959814146
0	3541	293729.162873793406	1763.7472471688
0	3552	294780.117508163689	2011.3801186904
0	3563	295557.254718756317	2385.3922212962
0	3568	296004.114266764386	2012.9168735817
0	3577	296723.181942757233	1907.9058454838
0	3586	297199.601510446532	1642.3467916902
0	3597	298414.357507461696	2103.9782165084
0	3606	299055.46950520949	2009.3660102226
0	3617	299742.067711846917	1997.7550162934
0	3626	300288.550946814953	1661.8216068484
0	3631	300797.148136887713	1687.5053802039
0	3642	301473.466212674989	1731.3985008281
0	3649	302056.201771739884	1767.6508249249
0	3658	303055.09170382285	2055.6536353659
0	3667	303957.546343049047	2123.8801635336
0	3680	305068.757398054017	2455.4543418344
0	3685	305701.343435235335	2198.6615020316
0	3696	306617.857857886715	2434.1742527671
0	3705	307192.125092586516	2123.3676945325
0	3712	307874.592238990604	1912.7608941402
0	3721	308435.387890180587	1744.3522306625
0	3734	309764.102619560449	2354.0626781993
0	3743	310270.944693312063	2172.6206911728
0	3750	311006.758943432956	2052.377658058
0	3759	311894.305491680293	2130.2028721198
0	3768	312340.761528024464	2069.8168347124
0	3775	312909.17858993636	1844.6778746322
0	3788	313987.465275870651	2077.0121432841
0	3797	314874.54400020653	2531.9084079936
0	3802	315496.922280499727	2324.2619439494
0	3815	316542.8580902517	2555.392814381
0	3824	317408.676330931501	2534.132330725
0	3831	318088.344025891291	2390.3392371722
0	3842	318898.139005713181	2355.2809154615
0	3847	319206.252925889583	1797.5765949581
0	3856	320131.763278087617	1989.3816055264
0	3869	321227.206961251812	2329.0679555386
0	3874	321722.732490347715	1946.5856230818
0	3887	322826.314176432805	2188.2916497532
0	3894	323222.316060075553	1995.1090988237
0	3901	323950.973363220708	1896.5627151076
0	3912	324648.451248323561	1822.1370718908
0	3919	325020.463140634836	1403.9728340227
0	3932	326507.078365143405	2337.1808313299
0	3941	327371.088930359127	2425.9729914833
0	3946	328016.595373442413	2240.5757057481
0	3955	328463.48844124006	1956.4100760967
0	3964	329370.056509785372	1998.9675794262
0	3973	330476.65834072979	2328.0497508589
0	3982	331146.042676270025	2126.8819597084
0	3991	332135.471786325815	2244.3891291507
0	4002	333056.575497239845	2398.8820719067
0	4013	333925.562805030512	2496.3008636143
0	4022	334707.559001259523	2411.2922487315
0	4027	335044.899868592637	1915.723278746
0	4036	335741.749109281244	1816.1863042507
0	4045	336679.537163861113	1971.9781626016
0	4054	337225.684445444512	1658.5334267467
0	4063	338144.201914267632	1862.3810925521
0	4072	338864.914937736484	1999.7614628635
0	4081	339333.252479368838	1691.8705013115
0	4094	340757.605833839643	2295.9454919212
0	4101	341417.748545995	2387.1370415669
0	4108	342245.779454614985	2384.4506740104
0	4117	342935.643466142956	2178.0376323033
0	4128	343663.110350305233	2050.7131742779
0	4139	344453.219171008114	1958.5127842147
0	4144	344924.838105915133	1585.4882634245
0	4155	345569.901175377909	1834.1719297227
0	4164	346593.008315283825	2139.7891442757
0	4173	346944.784185430055	1871.2576844729
0	4184	348262.339478591477	2437.8650450148
0	4191	348972.081964882111	2375.4746851511
0	4198	349426.179837947732	1961.0378783662
0	4207	350304.042022302767	2041.7025437113
0	4216	350904.747536452508	1854.3647437356
0	4227	351536.252171499676	1673.432706669
0	4236	352360.315274633489	1861.441124836
0	4243	353060.395311377964	2022.3350518383
0	4252	353643.309672502823	2032.9366035294
0	4261	354546.569664683213	2060.091759637
0	4272	355368.207656359321	1988.1548688747
0	4283	356285.660371882861	2221.2245692033
0	4290	356670.888809720074	1853.0722756404
0	4299	357263.840517634546	1829.9255412072
0	4306	357971.40614669772	1685.7457748149
0	4317	358623.76881474631	1748.0638385285
0	4324	359153.60219227152	1831.885727914
0	4333	360092.063252627869	1974.8641841579
0	4342	360828.361510857959	2036.4585662261
0	4351	361721.247792290543	2069.6590393782
0	4364	362675.410455325638	2261.3936828915
0	4371	363106.816614512374	1823.9166010637
0	4378	363544.353678636273	1681.7686493509
0	4389	364478.219736367484	1802.8092810418
0	4396	364944.378246925791	1765.5230937526
0	4405	365512.880322011208	1535.0698848255
0	4416	366887.642742041518	2295.7828890067
0	4427	367729.924284713362	2386.2040077802
0	4432	368078.366545541231	1953.187828185
0	4443	369013.887368375454	2116.024733847
0	4454	369939.871483063345	2209.94719835
0	4461	370397.996649658327	1882.0264378097
0	4468	371129.449182422851	1753.3104118891
0	4481	372218.101419881006	2278.2299368177
0	4486	372594.522113492732	1855.6084843352
0	4495	373295.354365278055	1949.2293274496
0	4508	374493.906963570063	2275.8055436891
0	4517	375383.651525527258	2510.4272317607
0	4522	375776.628975011428	2152.1349904127
0	4531	376500.644832942654	2006.7378693726
0	4540	377248.931449139509	1865.2799236123
0	4549	378263.398802513275	2327.0373799838
0	4562	379229.066989012081	2509.8802933004
0	4569	379980.879914760608	2393.6810262501
0	4576	380725.143494736422	2253.0791705009
0	4587	381330.116834817474	2101.0498458054
0	4594	382067.883739527335	2058.2435185555
0	4607	382946.766152232905	2077.1117063239
0	4616	383684.520169487243	2327.8147917241
0	4621	384150.257429201176	1968.4309086297
0	4632	385031.150084221756	2084.3839319889
0	4639	385508.71636052618	1824.1961910389
0	4650	386340.68849310281	1971.6333199292
0	4661	387029.152574390194	1950.0346750952
0	4668	387681.482914276442	1869.6672244929
0	4675	388423.995209997541	1934.3525745906
0	4686	389013.761447137242	1984.608872747
0	4693	389623.579455167075	1751.6470771283
0	4702	390328.396680392346	1787.2534315567
0	4713	391269.221688760466	2064.2413076945
0	4720	391637.044701213039	1626.2939501088
0	4729	392249.69865451569	1691.7093294673
0	4738	392852.793528931237	1573.7061745953
0	4747	393594.407264096684	1822.1024487633
0	4756	394366.613039793468	1958.8565467391
0	4765	395068.908932385988	1869.9901815969
0	4776	395958.657869696639	2037.0082173496
0	4783	396311.487561324633	1592.764324788
0	4794	397623.654181323968	2252.4940804113
0	4801	398187.770067108818	2007.3048028629
0	4814	399029.541948577412	1970.0175285805
0	4821	399605.300676589855	1806.6855603363
0	4830	400483.889512717747	2230.6437119376
0	4837	401081.38193925845	2051.839990681
0	4846	401956.246437085816	2098.5147615429
0	4855	402685.6261960231	1983.3135634661
0	4866	403656.656477646926	2219.3353129551
0	4875	404413.046874292219	2142.6740999334
0	4882	404719.660935178423	1886.5353325848
0	4895	406138.19337235766	2462.050270848
0	4904	406906.887309998297	2462.2946965043
0	4913	407692.717809928604	2420.1676391065
0	4920	408396.101053850748	2257.9076814931
0	4927	408907.270717481174	2000.3834074829
0	4938	409705.401580687635	2012.683770759
0	4945	410415.232281899102	1893.0463135242
0	4954	411069.255955517314	1772.1602905076
0	4963	411729.177582403668	1994.541461952
0	4972	412532.760165073001	1901.3987938408
0	4981	413518.37499579417	1999.6642302722
0	4992	414050.480542005994	1636.08603389
0	4999	414546.565841836878	1577.8105949052
0	5008	415664.658105885634	1926.2030141428
0	5017	416098.107915557945	1658.9450990316
0	5028	417243.508992623562	2020.881377114
0	5039	417867.736283456931	1955.7847542688
0	5048	418712.730674771616	2039.7960848641
0	5057	419324.48307028974	2064.0082965139
0	5066	419978.907169913897	2111.170886457
0	5073	420477.655509905914	1764.9248351343
0	5084	421454.618613654772	2130.135543365
0	5089	421992.933312524135	2014.0261426102
0	5100	422713.823390146742	2042.4427087884
0	5109	423577.992744930114	2123.3741312753
0	5116	424226.770307030554	2115.6426357105
0	5127	425015.052568959097	2112.6646254212
0	5134	425578.651802893753	1849.0724381525
0	5143	426484.916163235928	1882.6231628191
0	5152	427390.559463389243	2042.4261499196
0	5165	428360.498674633007	2174.6307166759
0	5172	428807.551498990532	1785.0229462143
0	5179	429503.895086841684	2040.3834090102
0	5192	430400.047039194059	2039.5483645611
0	5199	430863.077608030316	1983.7349176873
0	5210	431804.064529063207	2229.1573328432
0	5217	432434.546265983981	2034.4992267899
0	5224	433102.903752448064	1935.5315117631
0	5237	433891.070058289943	2087.0055292267
0	5246	434643.318817159189	2146.0179471876
0	5255	435476.97034771557	2134.7688201349
0	5260	435778.519553644611	1887.4494953547
0	5269	436464.952642936288	1821.6338257771
0	5278	437070.778726553574	1593.808378838
0	5287	437653.959284629702	1668.9647362567
0	5298	438896.091918367922	2140.1536592748
0	5307	439363.70702907446	1934.5123321284
0	5318	440661.524298554316	2523.5996848438
0	5325	441102.741865580931	2127.3047303315
0	5334	441796.024864213571	1938.9797792304
0	5343	442510.693030105934	1849.1687315516
0	5354	443314.687776099921	2148.921206966
0	5363	444212.342546414615	2178.4722821787
0	5368	444705.602864781426	2173.2819437049
0	5377	445321.528730727763	2006.8409546278
0	5386	446033.301712246643	1820.959165832
0	5395	446706.349863857063	1746.456858376
0	5408	447872.987641068207	2279.9380252138
0	5413	448572.806923650237	2199.3773932569
0	5422	449105.701917177098	1942.2701134812
0	5431	449709.982240665736	1836.9945995975
0	5444	450871.076110750469	2134.7852851264
0	5453	451664.274233579668	2302.6846682187
0	5458	452129.810384335029	2064.3710071687
0	5471	453089.848369779098	2218.7722590286
0	5478	453867.73755848411	2203.4633249044
0	5487	454680.179995531249	2172.7576411329
0	5498	455441.177070094305	2351.3287003152
0	5507	456083.99489913139	2176.8424676266
0	5514	456779.656659252974	1989.7100089118
0	5521	457356.965124048325	1915.788053954
0	5532	458126.750959362866	2042.7560602315
0	5541	458828.011138457837	1925.5521020852
0	5548	459294.298073463174	1549.2525673471
0	5557	459794.143964862484	1418.6651643366
0	5566	461038.791273208368	2120.1818177942
0	5575	461728.494256641749	1941.7971693445
0	5584	462682.757021673057	2001.6307863873
0	5595	463602.890544896979	2183.1350741442
0	5602	464078.248374955763	1765.7671269961
0	5613	464810.203682072495	1714.0933230054
0	5620	465342.656676191871	1596.1457944941
0	5633	466656.82982015427	2401.1917308904
0	5642	467432.113575981965	2350.8115448523
0	5651	468190.438842494076	2278.4112255089
0	5656	468513.179542869365	1856.3497227151
0	5667	469556.769616249984	2124.656040268
0	5674	470039.666231721675	1849.2273892276
0	5685	470952.979514328799	2035.7245049905
0	5692	471371.250809356607	1657.4023160152
0	5703	472505.688433768264	1998.8083091564
0	5714	473507.452840497754	2458.3576516248
0	5723	474192.141551105342	2384.2682944145
0	5732	474831.892991624809	2188.1505372003
0	5737	475187.048004660792	1679.595164163
0	5750	476439.08504596915	2246.9434948638
0	5755	476845.967859355769	2014.074867731
0	5768	478046.312592085487	2436.2384601496
0	5775	478456.113311788103	2017.028265819
0	5784	479178.421954298428	1867.0977557078
0	5795	479961.323154950551	1915.0105628651
0	5804	480755.872874055094	2142.1233608387
0	5809	481158.952656062356	1853.8381946739
0	5818	481723.823067219964	1762.4999122694
0	5831	482914.382053446061	2158.509179391
0	5836	483249.633082794062	1714.6902627312
0	5845	484173.805591044984	2068.3814122807
0	5854	484817.131731240115	1902.7496777941
0	5867	486006.237074034325	2314.1582324635
0	5874	486675.475537497587	2207.529148506
0	5881	487148.601320805065	1944.4254424889
0	5890	488160.373481176831	2154.1364071425
0	5901	489083.454105863385	2332.4059889652
0	5910	489779.622312169559	2175.3200079314
0	5917	490138.729985011779	1678.4695441369
0	5926	490942.487970599942	1830.4581143428
0	5935	491543.612831644752	1749.47680654
0	5944	492039.699677238279	1484.812715929
0	5953	492848.957599466705	1617.125973478
0	5962	493937.772737676317	2047.2601864021
0	5973	494846.050713071639	2076.9476404879
0	5980	495364.235265366772	1973.2644311618
0	5989	496173.71252789166	1989.2306945287
0	5998	497295.127975707913	2262.1934792027
0	6007	497852.306661615188	1938.4242810309
0	6018	499251.289200782815	2455.8587701991
0	6027	499685.51778718833	2034.6167164855
0	6034	500473.41244756248	1974.7678037267
0	6045	501207.361937407443	1902.5471745059
0	6052	501675.406562397295	1530.7232664898
0	6065	502571.704835398161	1918.1424299721
0	6072	503292.655896954277	2061.4667474292
0	6081	504095.987525442654	2136.486619385
0	6090	504536.613070685455	1964.9082352873
0	6101	505638.60543812629	2185.7823521364
0	6106	506064.983499376142	1847.6328532677
0	6115	506863.668284984345	2108.3842014894
0	6126	507841.511016944463	2202.9055788182
0	6133	508448.778950516174	2019.7663949803
0	6144	509285.751142725388	2092.7222706378
0	6151	510090.841391589533	2001.6148785129
0	6160	510625.761623075272	1921.5185669716
0	6171	511664.713637670543	2083.7111106142
0	6178	512013.485940685537	1634.2408713419
0	6189	513013.945758529048	1974.0484340116
0	6198	513743.664790364023	2020.5844062846
0	6205	514240.116381738376	1949.5573021006
0	6214	515081.975695816841	1898.5266402829
0	6223	515667.130806902464	1741.8027796783
0	6234	516579.52426490378	1992.8577425424
0	6241	517132.003476843279	1852.2203610744
0	6254	518107.008009776514	2130.2071202081
0	6261	518669.412929937284	1969.7531122249
0	6272	519489.549931045662	2088.6074521579
0	6277	519792.920631682541	1685.912621906
0	6286	520501.511258678552	1675.2750065178
0	6295	521656.952162180137	2167.4022311345
0	6306	522646.031292015728	2410.4267212562
0	6317	523451.571066677611	2409.0827599168
0	6322	523933.05007936437	1998.1642849278
0	6331	524711.807532655116	1979.1173914913
0	6344	525785.938919568475	2334.3678528909
0	6353	526448.657589498948	2126.3656441122
0	6360	527159.327875077765	2199.0994219668
0	6369	527897.686542989727	2111.7476234213
0	6376	528632.00532901105	2183.3477395121
0	6389	529479.434605920729	2196.3962559588
0	6394	529826.667387457606	1727.3838787805
0	6407	531096.647484926549	2412.9354539327
0	6414	531510.961999744219	2031.5273938235
0	6425	532345.591952092988	1991.9884246308
0	6432	533004.425884690178	1907.7783997636
0	6441	533702.66155251306	2132.4046459515
0	6448	534192.220425372985	1846.62847328
0	6457	535158.904078183737	2090.4837714974
0	6466	536007.755079260137	2066.2830556277
0	6477	536514.35302142058	1696.2199639063
0	6488	537449.524967791555	1880.8669414837
0	6493	537901.611742330757	1818.1759224739
0	6502	538608.711520861877	1884.4552642666
0	6513	539540.489276731429	2090.9643089399
0	6520	540097.066997643603	1801.9029602408
0	6533	541489.218832226513	2563.466495974
0	6542	542172.406657878352	2419.6508939378
0	6551	542984.335890552072	2388.8731028885
0	6556	543500.758691132112	2011.5398589056
0	6565	544119.723998894958	1947.3173410166
0	6578	544828.115434711842	1843.7795441598
0	6587	545671.745125623463	2014.7545925807
0	6592	545988.336901785849	1851.4058401342
0	6603	547030.358902132182	2202.2434674203
0	6610	547534.04132779692	1862.2962021735
0	6619	548257.008376205384	1954.7045775689
0	6630	549160.223863832696	1961.8183427956
0	6637	549725.449495855762	1650.8768124506
0	6646	550397.304957965434	1589.5477690268
0	6657	551302.79309805487	1875.9507747833
0	6668	552146.662243874789	1982.4481473304
0	6675	552714.506834093527	1977.1697596181
0	6686	553408.881762670399	1986.3067760132
0	6693	553999.964652489917	1853.3024086151
0	6702	554889.472688315482	1959.3158204108
0	6711	555348.724864237056	1939.8431015667
0	6720	556568.502481654332	2280.8263549581
0	6729	557106.525667710276	2074.6545441449
0	6736	557793.129874952184	2063.5073478799
0	6747	558447.315886337356	1878.1145932619
0	6754	558843.487026169942	1605.2235530689
0	6763	559820.380544895352	2001.9949012902
0	6772	560304.216149076866	1696.9693821855
0	6783	561743.030571006285	2372.6149147376
0	6792	562340.497867343994	2227.2994861007
0	6799	562964.265034161555	2022.2931498662
0	6810	563870.357710355939	2084.6380616538
0	6817	564280.352105386601	1853.4945725463
0	6826	565036.173158465	1768.4619685169
0	6837	565728.697076859	1826.586681325
0	6844	566454.540870012762	2035.7899029739
0	6855	567145.470465347218	1882.4236962944
0	6866	567926.267284154939	2092.2718060669
0	6875	568614.830164192292	2119.5322775748
0	6882	569433.753402996856	2235.5433021672
0	6889	570011.446873471189	2085.1795893162
0	6898	570506.106412829879	1891.2762486376
0	6907	571286.431491700979	1844.3700756412
0	6916	572210.184619110125	2088.9419937506
0	6925	573160.877037607182	2206.9497501478
0	6936	573972.297524381477	2219.1532070283
0	6947	574833.777786651674	2194.4256847724
0	6956	575441.261038463611	2137.2753166594
0	6963	575929.836311750162	1868.3586101979
0	6970	576558.417199691806	1724.6394130401
0	6981	577847.568574966911	2406.3075365033
0	6990	578402.528244769249	2144.2469164263
0	6997	578768.395860213835	1681.4282228239
0	7010	580223.028217954609	2331.6700606607
0	7019	580778.655052045408	2037.5373463612
0	7026	581548.586769355509	2075.0795335975
0	7037	582369.960093777675	2146.9318758231
0	7046	583243.082305882174	2464.4272538368
0	7053	583862.437614519197	2266.1303617526
0	7064	584538.496644096497	2168.5365503188
0	7073	585384.975782549057	2141.8934766669
0	7080	586170.237238146413	2169.0557453781
0	7089	586905.122080352206	2366.6254362557
0	7100	587774.47480726992	2389.4990247209
0	7109	588669.833246106331	2470.7266318146
0	7116	589437.56038416182	2474.0082602017
0	7125	590297.260734066417	2522.7859267965
0	7134	590837.778837326964	2167.9455912206
0	7141	591557.80537566175	2025.8590531535
0	7152	592207.004912802998	1793.2694314979
0	7159	592835.35014647064	1619.835594669
0	7168	593468.065451877241	1712.2882464901
0	7181	594376.342520769734	1881.9921372458
0	7186	594840.83367702556	1752.6741339359
0	7195	595497.408218309331	1925.4173248541
0	7204	596207.389046670917	1831.0465259012
0	7217	597009.799006534788	1828.4269257914
0	7222	597397.603873210076	1603.5186393186
0	7233	598222.224680241245	1760.4778087232
0	7240	598854.669841378975	1844.8708348442
0	7251	600076.422612648506	2198.4554597642
0	7262	601059.674201114151	2406.1785349622
0	7269	601807.253416813958	2381.2876629643
0	7280	602690.622413205031	2515.6005620956
0	7285	603006.157933222178	1946.483732108
0	7296	604030.350700160536	2109.415584337
0	7303	604550.645585311624	1860.0231721066
1	3122	260417.611969169241	345
1	3127	260842.400786513474	346
1	3136	261331.747776595888	347
1	3147	262289.14003330284	348
1	3154	263168.920101039123	349
1	3163	263871.518463967379	350
1	3174	264413.71458428913	351
1	3181	264821.247856831189	352
1	3192	265701.474932022405	353
1	3199	266237.200856627909	354
1	3208	266935.614900290978	355
1	3217	267325.984386261564	356
1	3226	267993.975517479714	357
1	3235	268536.303130863246	358
1	3246	269591.415322059777	359
1	3255	270589.305440057081	360
1	3262	271183.484505442914	361
1	3273	272099.42618776114	362
1	3282	272916.214046347898	363
1	3289	273466.966161411267	364
1	3300	274368.884822772828	365
1	3311	275249.17533947156	366
1	3318	275848.732464015495	367
1	3325	276426.991599798213	368
1	3338	277385.098975338052	369
1	3343	277861.411802703525	370
1	3352	278368.282347265641	371
1	3361	279374.285079399134	372
1	3370	279805.881202407192	373
1	3375	280376.926180673774	374
1	3388	281462.473353277902	375
1	3397	282198.848134791489	376
1	3408	283109.757990483206	377
1	3415	283518.353697611029	378
1	3424	283982.353332079957	379
1	3435	284920.701210061099	380
1	3442	285673.601499153312	381
1	3453	286136.509545240563	382
1	3460	286692.462057201204	383
1	3469	287680.946538364526	384
1	3482	288828.721711132687	385
1	3487	289182.375900540513	386
1	3500	290446.186192100879	387
1	3507	290953.232985176157	388
1	3516	291840.780196711432	389
1	3523	292581.17552418263	390
1	3534	293125.337514141586	391
1	3541	293729.162873793406	392
1	3552	294780.117508163689	393
1	3563	295557.254718756317	394
1	3568	296004.114266764386	395
1	3577	296723.181942757233	396
1	3586	297199.601510446532	397
1	3597	298414.357507461696	398
1	3606	299055.46950520949	399
1	3617	299742.067711846917	400
1	3626	300288.550946814953	401
1	3631	300797.148136887713	402
1	3642	301473.466212674989	403
1	3649	302056.201771739884	404
1	3658	303055.09170382285	405
1	3667	303957.546343049047	406
1	3680	305068.757398054017	407
1	3685	305701.343435235335	408
1	3696	306617.857857886715	409
1	3705	307192.125092586516	410
1	3712	307874.592238990604	411
1	3721	308435.387890180587	412
1	3734	309764.102619560449	413
1	3743	310270.944693312063	414
1	3750	311006.758943432956	415
1	3759	311894.305491680293	416
1	3768	312340.761528024464	417
1	3775	312909.17858993636	418
1	3788	313987.465275870651	419
1	3797	314874.54400020653	420
1	3802	315496.922280499727	421
1	3815	316542.8580902517	422
1	3824	317408.676330931501	423
1	3831	318088.344025891291	424
1	3842	318898.139005713181	425
1	3847	319206.252925889583	426
1	3856	320131.763278087617	427
1	3869	321227.206961251812	428
1	3874	321722.732490347715	429
1	3887	322826.314176432805	430
1	3894	323222.316060075553	431
1	3901	323950.973363220708	432
1	3912	324648.451248323561	433
1	3919	325020.463140634836	434
1	3932	326507.078365143405	435
1	3941	327371.088930359127	436
1	3946	328016.595373442413	437
1	3955	328463.48844124006	438
1	3964	329370.056509785372	439
1	3973	330476.65834072979	440
1	3982	331146.042676270025	441
1	3991	332135.471786325815	442
1	4002	333056.575497239845	443
1	4013	333925.562805030512	444
1	4022	334707.559001259523	445
1	4027	335044.899868592637	446
1	4036	335741.749109281244	447
1	4045	336679.537163861113	448
1	4054	337225.684445444512	449
1	4063	338144.201914267632	450
1	4072	338864.914937736484	451
1	4081	339333.252479368838	452
1	4094	340757.605833839643	453
1	4101	341417.748545995	454
1	4108	342245.779454614985	455
1	4117	342935.643466142956	456
1	4128	343663.110350305233	457
1	4139	344453.219171008114	458
1	4144	344924.838105915133	459
1	4155	345569.901175377909	460
1	4164	346593.008315283825	461
1	4173	346944.784185430055	462
1	4184	348262.339478591477	463
1	4191	348972.081964882111	464
1	4198	349426.179837947732	465
1	4207	350304.042022302767	466
1	4216	350904.747536452508	467
1	4227	351536.252171499676	468
1	4236	352360.315274633489	469
1	4243	353060.395311377964	470
1	4252	353643.309672502823	471
1	4261	354546.569664683213	472
1	4272	355368.207656359321	473
1	4283	356285.660371882861	474
1	4290	356670.888809720074	475
1	4299	357263.840517634546	476
1	4306	357971.40614669772	477
1	4317	358623.76881474631	478
1	4324	359153.60219227152	479
1	4333	360092.063252627869	480
1	4342	360828.361510857959	481
1	4351	361721.247792290543	482
1	4364	362675.410455325638	483
1	4371	363106.816614512374	484
1	4378	363544.353678636273	485
1	4389	364478.219736367484	486
1	4396	364944.378246925791	487
1	4405	365512.880322011208	488
1	4416	366887.642742041518	489
1	4427	367729.924284713362	490
1	4432	368078.366545541231	491
1	4443	369013.887368375454	492
1	4454	369939.871483063345	493
1	4461	370397.996649658327	494
1	4468	371129.449182422851	495
1	4481	372218.101419881006	496
1	4486	372594.522113492732	497
1	4495	373295.354365278055	498
1	4508	374493.906963570063	499
1	4517	375383.651525527258	500
1	4522	375776.628975011428	501
1	4531	376500.644832942654	502
1	4540	377248.931449139509	503
1	4549	378263.398802513275	504
1	4562	379229.066989012081	505
1	4569	379980.879914760608	506
1	4576	380725.143494736422	507
1	4587	381330.116834817474	508
1	4594	382067.883739527335	509
1	4607	382946.766152232905	510
1	4616	383684.520169487243	511
1	4621	384150.257429201176	512
1	4632	385031.150084221756	513
1	4639	385508.71636052618	514
1	4650	386340.68849310281	515
1	4661	387029.152574390194	516
1	4668	387681.482914276442	517
1	4675	388423.995209997541	518
1	4686	389013.761447137242	519
1	4693	389623.579455167075	520
1	4702	390328.396680392346	521
1	4713	391269.221688760466	522
1	4720	391637.044701213039	523
1	4729	392249.69865451569	524
1	4738	392852.793528931237	525
1	4747	393594.407264096684	526
1	4756	394366.613039793468	527
1	4765	395068.908932385988	528
1	4776	395958.657869696639	529
1	4783	396311.487561324633	530
1	4794	397623.654181323968	531
1	4801	398187.770067108818	532
1	4814	399029.541948577412	533
1	4821	399605.300676589855	534
1	4830	400483.889512717747	535
1	4837	401081.38193925845	536
1	4846	401956.246437085816	537
1	4855	402685.6261960231	538
1	4866	403656.656477646926	539
1	4875	404413.046874292219	540
1	4882	404719.660935178423	541
1	4895	406138.19337235766	542
1	4904	406906.887309998297	543
1	4913	407692.717809928604	544
1	4920	408396.101053850748	545
1	4927	408907.270717481174	546
1	4938	409705.401580687635	547
1	4945	410415.232281899102	548
1	4954	411069.255955517314	549
1	4963	411729.177582403668	550
1	4972	412532.760165073001	551
1	4981	413518.37499579417	552
1	4992	414050.480542005994	553
1	4999	414546.565841836878	554
1	5008	415664.658105885634	555
1	5017	416098.107915557945	556
1	5028	417243.508992623562	557
1	5039	417867.736283456931	558
1	5048	418712.730674771616	559
1	5057	419324.48307028974	560
1	5066	419978.907169913897	561
1	5073	420477.655509905914	562
1	5084	421454.618613654772	563
1	5089	421992.933312524135	564
1	5100	422713.823390146742	565
1	5109	423577.992744930114	566
1	5116	424226.770307030554	567
1	5127	425015.052568959097	568
1	5134	425578.651802893753	569
1	5143	426484.916163235928	570
1	5152	427390.559463389243	571
1	5165	428360.498674633007	572
1	5172	428807.551498990532	573
1	5179	429503.895086841684	574
1	5192	430400.047039194059	575
1	5199	430863.077608030316	576
1	5210	431804.064529063207	577
1	5217	432434.546265983981	578
1	5224	433102.903752448064	579
1	5237	433891.070058289943	580
1	5246	434643.318817159189	581
1	5255	435476.97034771557	582
1	5260	435778.519553644611	583
1	5269	436464.952642936288	584
1	5278	437070.778726553574	585
1	5287	437653.959284629702	586
1	5298	438896.091918367922	587
1	5307	439363.70702907446	588
1	5318	440661.524298554316	589
1	5325	441102.741865580931	590
1	5334	441796.024864213571	591
1	5343	442510.693030105934	592
1	5354	443314.687776099921	593
1	5363	444212.342546414615	594
1	5368	444705.602864781426	595
1	5377	445321.528730727763	596
1	5386	446033.301712246643	597
1	5395	446706.349863857063	598
1	5408	447872.987641068207	599
1	5413	448572.806923650237	600
1	5422	449105.701917177098	601
1	5431	449709.982240665736	602
1	5444	450871.076110750469	603
1	5453	451664.274233579668	604
1	5458	452129.810384335029	605
1	5471	453089.848369779098	606
1	5478	453867.73755848411	607
1	5487	454680.179995531249	608
1	5498	455441.177070094305	609
1	5507	456083.99489913139	610
1	5514	456779.656659252974	611
1	5521	457356.965124048325	612
1	5532	458126.750959362866	613
1	5541	458828.011138457837	614
1	5548	459294.298073463174	615
1	5557	459794.143964862484	616
1	5566	461038.791273208368	617
1	5575	461728.494256641749	618
1	5584	462682.757021673057	619
1	5595	463602.890544896979	620
1	5602	464078.248374955763	621
1	5613	464810.203682072495	622
1	5620	465342.656676191871	623
1	5633	466656.82982015427	624
1	5642	467432.113575981965	625
1	5651	468190.438842494076	626
1	5656	468513.179542869365	627
1	5667	469556.769616249984	628
1	5674	470039.666231721675	629
1	5685	470952.979514328799	630
1	5692	471371.250809356607	631
1	5703	472505.688433768264	632
1	5714	473507.452840497754	633
1	5723	474192.141551105342	634
1	5732	474831.892991624809	635
1	5737	475187.048004660792	636
1	5750	476439.08504596915	637
1	5755	476845.967859355769	638
1	5768	478046.312592085487	639
1	5775	478456.113311788103	640
1	5784	479178.421954298428	641
1	5795	479961.323154950551	642
1	5804	480755.872874055094	643
1	5809	481158.952656062356	644
1	5818	481723.823067219964	645
1	5831	482914.382053446061	646
1	5836	483249.633082794062	647
1	5845	484173.805591044984	648
1	5854	484817.131731240115	649
1	5867	486006.237074034325	650
1	5874	486675.475537497587	651
1	5881	487148.601320805065	652
1	5890	488160.373481176831	653
1	5901	489083.454105863385	654
1	5910	489779.622312169559	655
1	5917	490138.729985011779	656
1	5926	490942.487970599942	657
1	5935	491543.612831644752	658
1	5944	492039.699677238279	659
1	5953	492848.957599466705	660
1	5962	493937.772737676317	661
1	5973	494846.050713071639	662
1	5980	495364.235265366772	663
1	5989	496173.71252789166	664
1	5998	497295.127975707913	665
1	6007	497852.306661615188	666
1	6018	499251.289200782815	667
1	6027	499685.51778718833	668
1	6034	500473.41244756248	669
1	6045	501207.361937407443	670
1	6052	501675.406562397295	671
1	6065	502571.704835398161	672
1	6072	503292.655896954277	673
1	6081	504095.987525442654	674
1	6090	504536.613070685455	675
1	6101	505638.60543812629	676
1	6106	506064.983499376142	677
1	6115	506863.668284984345	678
1	6126	507841.511016944463	679
1	6133	508448.778950516174	680
1	6144	509285.751142725388	681
1	6151	510090.841391589533	682
1	6160	510625.761623075272	683
1	6171	511664.713637670543	684
1	6178	512013.485940685537	685
1	6189	513013.945758529048	686
1	6198	513743.664790364023	687
1	6205	514240.116381738376	688
1	6214	515081.975695816841	689
1	6223	515667.130806902464	690
1	6234	516579.52426490378	691
1	6241	517132.003476843279	692
1	6254	518107.008009776514	693
1	6261	518669.412929937284	694
1	6272	519489.549931045662	695
1	6277	519792.920631682541	696
1	6286	520501.511258678552	697
1	6295	521656.952162180137	698
1	6306	522646.031292015728	699
1	6317	523451.571066677611	700
1	6322	523933.05007936437	701
1	6331	524711.807532655116	702
1	6344	525785.938919568475	703
1	6353	526448.657589498948	704
1	6360	527159.327875077765	705
1	6369	527897.686542989727	706
1	6376	528632.00532901105	707
1	6389	529479.434605920729	708
1	6394	529826.667387457606	709
1	6407	531096.647484926549	710
1	6414	531510.961999744219	711
1	6425	532345.591952092988	712
1	6432	533004.425884690178	713
1	6441	533702.66155251306	714
1	6448	534192.220425372985	715
1	6457	535158.904078183737	716
1	6466	536007.755079260137	717
1	6477	536514.35302142058	718
1	6488	537449.524967791555	719
1	6493	537901.611742330757	720
1	6502	538608.711520861877	721
1	6513	539540.489276731429	722
1	6520	540097.066997643603	723
1	6533	541489.218832226513	724
1	6542	542172.406657878352	725
1	6551	542984.335890552072	726
1	6556	543500.758691132112	727
1	6565	544119.723998894958	728
1	6578	544828.115434711842	729
1	6587	545671.745125623463	730
1	6592	545988.336901785849	731
1	6603	547030.358902132182	732
1	6610	547534.04132779692	733
1	6619	548257.008376205384	734
1	6630	549160.223863832696	735
1	6637	549725.449495855762	736
1	6646	550397.304957965434	737
1	6657	551302.79309805487	738
1	6668	552146.662243874789	739
1	6675	552714.506834093527	740
1	6686	553408.881762670399	741
1	6693	553999.964652489917	742
1	6702	554889.472688315482	743
1	6711	555348.724864237056	744
1	6720	556568.502481654332	745
1	6729	557106.525667710276	746
1	6736	557793.129874952184	747
1	6747	558447.315886337356	748
1	6754	558843.487026169942	749
1	6763	559820.380544895352	750
1	6772	560304.216149076866	751
1	6783	561743.030571006285	752
1	6792	562340.497867343994	753
1	6799	562964.265034161555	754
1	6810	563870.357710355939	755
1	6817	564280.352105386601	756
1	6826	565036.173158465	757
1	6837	565728.697076859	758
1	6844	566454.540870012762	759
1	6855	567145.470465347218	760
1	6866	567926.267284154939	761
1	6875	568614.830164192292	762
1	6882	569433.753402996856	763
1	6889	570011.446873471189	764
1	6898	570506.106412829879	765
1	6907	571286.431491700979	766
1	6916	572210.184619110125	767
1	6925	573160.877037607182	768
1	6936	573972.297524381477	769
1	6947	574833.777786651674	770
1	6956	575441.261038463611	771
1	6963	575929.836311750162	772
1	6970	576558.417199691806	773
1	6981	577847.568574966911	774
1	6990	578402.528244769249	775
1	6997	578768.395860213835	776
1	7010	580223.028217954609	777
1	7019	580778.655052045408	778
1	7026	581548.586769355509	779
1	7037	582369.960093777675	780
1	7046	583243.082305882174	781
1	7053	583862.437614519197	782
1	7064	584538.496644096497	783
1	7073	585384.975782549057	784
1	7080	586170.237238146413	785
1	7089	586905.122080352206	786
1	7100	587774.47480726992	787
1	7109	588669.833246106331	788
1	7116	589437.56038416182	789
1	7125	590297.260734066417	790
1	7134	590837.778837326964	791
1	7141	591557.80537566175	792
1	7152	592207.004912802998	793
1	7159	592835.35014647064	794
1	7168	593468.065451877241	795
1	7181	594376.342520769734	796
1	7186	594840.83367702556	797
1	7195	595497.408218309331	798
1	7204	596207.389046670917	799
1	7217	597009.799006534788	800
1	7222	597397.603873210076	801
1	7233	598222.224680241245	802
1	7240	598854.669841378975	803
1	7251	600076.422612648506	804
1	7262	601059.674201114151	805
1	7269	601807.253416813958	806
1	7280	602690.622413205031	807
1	7285	603006.157933222178	808
1	7296	604030.350700160536	809
1	7303	604550.645585311624	810

