version 2
run Pipelined_3Teachers-32-20190105-10:57:24-18704
attr configname Pipelined_3Teachers
attr datetime 20190105-10:57:24
attr experiment Pipelined_3Teachers
attr inifile ../simulations/omnetpp.ini
attr iterationvars "$0=\"uniform\""
attr iterationvarsf uniform-
attr measurement "$0=\"uniform\""
attr network PipelinedExamSession
attr processid 18704
attr repetition 32
attr replication #32
attr resultdir results
attr runnumber 32
attr seedset 32
param **.teachersNumber 3
param **.answerTimeDistribution "\"uniform\""
param **.minUniform 300
param **.maxUniform 900
param **.scaleLognormal 6.2854
param **.shapeLognormal 0.4724

vector 0 PipelinedExamSession examinationTime:vector ETV
attr source examFinished
vector 1 PipelinedExamSession studentID:vector ETV
attr source student
0	3219	261060.469337739073	2416.0359496716
0	3228	261590.780243603535	2081.8868413568
0	3237	262172.695126896746	1935.1076866966
0	3246	263034.706452582053	1925.7723065559
0	3253	263374.780391855187	1691.0439143423
0	3264	264320.226837834366	1806.1104613356
0	3275	265274.253963120304	2149.4357201736
0	3284	266114.347772765927	2285.7319906354
0	3291	266570.320719620235	1938.3840828203
0	3300	267327.642413321905	2053.3884502016
0	3307	267878.86994252915	1764.5221697632
0	3316	268694.591646082722	1921.5468582697
0	3329	269550.212256610416	1921.6483139433
0	3334	270145.445215282984	2054.8375221435
0	3343	270666.556399595015	1796.1569317617
0	3348	271208.433745522075	1658.2214889117
0	3363	272521.806383365788	2118.8382396474
0	3370	272917.629067925759	1678.4141961951
0	3381	273919.328928273195	2069.4251715671
0	3392	274647.08156185227	2035.8157988638
0	3399	275414.02725814844	2126.2191988528
0	3410	276181.744001386711	2170.4917842988
0	3419	276953.554398799339	2306.4728369471
0	3428	277786.552197206789	2298.4310246073
0	3433	278114.57451260651	1932.8305112198
0	3442	278913.573659816781	1960.0192610174
0	3453	279992.401460744464	2205.8492635377
0	3464	280470.810269331583	1870.3056181781
0	3469	280889.249751716876	1655.4224249907
0	3480	281975.069098407427	1981.627868861
0	3487	282837.315631471598	2366.50536214
0	3500	283727.182609867328	2368.8662954606
0	3507	284339.359900122532	2159.838457033
0	3514	284843.760926881829	1875.8148428053
0	3525	285718.617491237843	1991.4348813705
0	3534	286213.852790510306	1625.1580347307
0	3543	287411.003604484745	2145.2066110913
0	3554	288299.814480682858	2479.4156671967
0	3563	288944.928174326219	2247.9450702667
0	3570	289437.243813788541	1933.7849020958
0	3577	289811.154906079196	1511.3404253963
0	3586	290853.801395511277	1908.8732211851
0	3595	291622.427221387647	2166.249999404
0	3604	292390.813222154997	2054.4427666347
0	3615	293290.461881272516	2237.4702575617
0	3622	293676.478311605773	1791.4533700794
0	3631	294516.596223693363	1884.4973742496
0	3642	295455.782604636646	2008.4303385112
0	3653	296811.356903985164	2628.7256148644
0	3658	297289.215461304433	2225.1418130938
0	3667	297954.784304089866	2006.4178900793
0	3678	298874.753801152131	2063.396897167
0	3685	299586.812536697856	1974.3351621553
0	3694	300361.834265850506	1960.2404152974
0	3707	301394.334305450342	2244.2766986322
0	3716	302114.198903879173	2216.7129992042
0	3723	302685.513802478112	2025.7808263879
0	3730	303051.658023521326	1657.323718071
0	3739	304125.763654243223	2011.5647503641
0	3752	305027.336357161425	2109.3977673445
0	3759	305768.270061817043	1955.7819386479
0	3766	306276.055142423161	1801.9758696668
0	3777	307433.505789656215	2406.1694324948
0	3788	308182.120873359986	2319.2187743727
0	3793	308578.921898407884	1910.9094405547
0	3802	309497.667807200946	1971.1312210187
0	3813	310581.033677374967	2398.912804015
0	3824	311242.977909045317	2199.1161516868
0	3829	311726.593232760229	1962.8638115712
0	3840	312680.415495671355	2094.8019394185
0	3847	313000.591068808013	1757.6131597627
0	3860	313833.484596340008	1752.8598252218
0	3867	314354.925075592495	1646.4874117635
0	3874	314725.32789395193	1641.2329613697
0	3883	315677.859979821391	1844.3753834814
0	3894	316543.194612348474	2092.57757999
0	3905	317175.214749667815	1859.8589553963
0	3914	317941.950138704873	2021.2831147481
0	3923	318743.192908074729	2050.3530020826
0	3932	319508.713003294565	2333.4982536267
0	3939	320301.926228776597	2359.9760900717
0	3946	320611.012301780306	1867.8193937056
0	3955	321617.726061819143	2109.0130585246
0	3964	322307.261472288541	1933.4987443406
0	3973	322922.454534145094	1849.9715516344
0	3982	323900.511930417292	1981.3918239903
0	3995	324797.052338998787	2013.2744600996
0	4004	325595.131883025192	2229.6266314108
0	4011	326029.671253357105	1884.7959573381
0	4018	326594.423875166126	1797.3715361673
0	4031	328029.018766293324	2433.8868832681
0	4038	328411.523711308859	2030.8764640242
0	4049	329442.716283258073	2235.2544993628
0	4058	329989.096617652126	1960.0778513588
0	4065	330582.706602243729	1906.4747085795
0	4076	331626.665721042104	2183.949437784
0	4081	332164.082523901038	2174.9859062489
0	4090	332744.860911788442	1983.9155746624
0	4099	333137.474411772587	1510.8086907305
0	4110	334347.797256661601	1873.0448390823
0	4117	335095.702194795035	1958.3706346806
0	4126	335866.569809289671	2112.8468326293
0	4135	336356.044057616986	1877.5528611615
0	4144	337051.693988358624	1704.2541923001
0	4155	338109.247021889336	2059.1452038847
0	4166	338755.086506903194	2028.5860501695
0	4173	339367.181540094339	1787.3609618749
0	4182	340391.623837687097	2197.5033008493
0	4191	341014.977746363752	2259.8912394606
0	4198	341429.386601597093	1896.7382797971
0	4211	342966.372660873481	2534.989135433
0	4220	343826.596298720711	2590.8842668869
0	4227	344209.750322252535	2107.3133099824
0	4236	345059.004453895637	2092.6317930222
0	4247	346068.023980921158	2241.4276822004
0	4254	346580.463873781288	2221.3334773667
0	4261	346966.899783024589	1776.157424273
0	4270	347968.932736851299	1900.9087559301
0	4279	348797.837886214281	1892.0780751854
0	4292	349456.170333037177	1857.4552217033
0	4301	350045.807340089256	1654.7643922269
0	4308	350783.480415400142	1758.8730022777
0	4319	351480.597382038856	2024.4270490017
0	4324	351956.829394586409	1911.0220544972
0	4335	352799.346640706086	1932.4208584148
0	4342	353303.051907056966	1822.4545250181
0	4355	354302.776231756458	2110.570076108
0	4364	354954.46131122301	2147.3068300635
0	4371	355669.237874960551	2071.7791462317
0	4378	355978.804800985405	1676.0285692289
0	4387	356938.693625293696	1984.2323140707
0	4400	357703.064400237078	1907.9546088818
0	4409	358450.045722629899	2109.9211870227
0	4416	358960.368197411323	1865.3102596756
0	4423	359437.821110151732	1734.7567099147
0	4436	360595.786572759995	2145.7408501301
0	4441	361021.861575543904	2021.3945645839
0	4452	361773.485214170092	2071.6195186134
0	4463	362441.636990709254	1845.8504179493
0	4472	363223.791382368678	1848.5384547617
0	4481	364002.541305078218	2164.2748472281
0	4490	364767.506781499857	2325.8697907906
0	4499	365536.143176956126	2312.3517945874
0	4504	365901.054435409629	1898.5131303314
0	4513	366707.499359780947	1939.9925782811
0	4526	367658.189656119817	2122.0464791637
0	4533	368398.947491263994	2216.4631666616
0	4540	368866.202859487408	1931.0866143554
0	4551	369866.044626524696	2207.8549704049
0	4560	370393.918086402142	1937.4275112525
0	4569	371015.746615268314	1753.5015188623
0	4580	371888.1254822016	2014.8826905526
0	4589	372485.399213852385	1917.4152857624
0	4598	373378.379038162554	2204.912847653
0	4607	374241.577332420299	2353.4518502187
0	4614	374941.676489962289	2456.2772761099
0	4625	375740.798229770759	2362.4191916082
0	4634	376557.831808319339	2316.254475899
0	4643	377269.080593576679	2320.9639001638
0	4652	377913.062500627736	2172.264270857
0	4659	378332.618602272148	1774.7867939528
0	4666	378800.626574596415	1531.5459810197
0	4679	379984.818197228039	2071.7556966003
0	4688	380775.378811452562	2155.9569052421
0	4695	381255.591009836668	1871.9426681288
0	4706	382043.66093357096	2058.8427363429
0	4715	382685.490853339457	1910.1120418869
0	4724	383390.785011788854	2019.9485896155
0	4733	384124.009027378658	2080.3480938077
0	4738	384446.299966704125	1760.8091133647
0	4751	385902.61204540732	2511.8270336185
0	4756	386222.631340194518	2098.6223128159
0	4769	387288.011043285976	2277.7053093072
0	4778	388081.013387627925	2178.4013422206
0	4787	388769.190339557852	1992.403872963
0	4792	389164.197251619797	1876.1862083338
0	4803	390063.932816404875	1982.9194287769
0	4810	390519.767252309273	1750.5769127514
0	4819	391159.20857400636	1571.1881304625
0	4830	392065.395206306155	1921.1975867394
0	4837	392450.078598316784	1658.1713260151
0	4850	393862.512131826977	2555.3547334392
0	4857	394479.564533522378	2369.9594178703
0	4866	395280.851511843527	2311.1582420301
0	4873	395895.253329305003	2032.741197478
0	4882	396900.346486922379	2198.2718344778
0	4895	398118.376517482127	2647.9002542328
0	4902	398799.709790758814	2470.6068996806
0	4911	399551.87623975801	2324.479081342
0	4918	400040.048586437504	1921.6720689554
0	4927	400793.741165706914	1781.6644626204
0	4932	401176.80839519019	1368.0991721805
0	4945	402418.174139130887	1991.5062914137
0	4954	403084.456039639216	1824.3137969635
0	4963	403700.120468297999	1669.7712260764
0	4972	404319.349043956052	1734.9192941096
0	4983	405089.165324019294	1773.4645089135
0	4990	405803.465626761343	1863.6476017535
0	4999	406569.473803555618	2001.7126200255
0	5008	407233.752496121476	2039.8388046306
0	5017	408239.253814565042	2148.6803830136
0	5028	408841.364596970404	1891.9917139225
0	5039	409722.397263860355	1958.433488477
0	5044	410135.363057674865	1750.9985789191
0	5053	411074.454249255385	1803.5331191495
0	5066	412223.695678822721	2501.2984149624
0	5073	413048.280015774096	2434.5751019195
0	5082	413842.903814837362	2447.2237336915
0	5093	414607.909311214487	2384.2136323918
0	5100	415198.59192827719	2107.9232725315
0	5109	415997.945077763896	2111.3624192309
0	5120	416928.092877985934	2320.1835667714
0	5129	417732.752530323366	2329.3315121904
0	5138	418421.713047148684	2344.5417234208
0	5147	419184.750102460409	2256.6572244745
0	5152	419522.896265471379	1790.143735148
0	5165	420595.485231187219	2173.7721840385
0	5174	421279.48584328408	2094.7357408237
0	5181	421679.184308275605	1842.5955091137
0	5192	422482.70367183725	1887.21844065
0	5199	422954.202096629912	1674.7162533458
0	5208	423748.301566857869	2025.1803763211
0	5219	424332.44248637932	1849.7388145421
0	5226	425139.878883585358	2110.1461578626
0	5233	425474.364594602982	1690.1642702054
0	5246	426735.628373175884	2403.1858867966
0	5253	427378.961694426859	2185.5127591174
0	5264	428217.6611222327	2298.6404482741
0	5271	429030.809527589033	2295.1811544131
0	5280	429728.85910654443	2330.9525529854
0	5289	430178.320788731823	1960.6596664991
0	5296	431093.921543005878	2036.2503622659
0	5305	431514.694777876164	1648.9972984884
0	5318	432329.737898753981	1892.9577752016
0	5323	432633.661431865792	1512.9989838693
0	5334	433679.232459235961	1914.1182480846
0	5343	434570.881963614399	2241.1440648604
0	5352	435417.202712316091	2304.4762296136
0	5359	435862.278482643912	1870.8243404981
0	5372	437029.545956058452	2248.8452260382
0	5377	437352.40468368868	1894.9611273129
0	5390	438260.783783113608	1970.7000277005
0	5395	438602.672692621151	1573.1267365627
0	5406	439842.084610462213	2260.6815290172
0	5415	440576.544080022747	2315.7602969091
0	5422	441036.358949728335	1900.2061050385
0	5435	442073.601629957581	2099.8539924156
0	5444	442912.44252850304	2177.2210665978
0	5451	443268.264398211638	1875.169414049
0	5458	443998.489005630861	1924.8873756733
0	5471	445146.839389996628	2234.3968614936
0	5476	445517.373537411938	1921.6810065787
0	5489	446682.168288063282	2217.525802413
0	5496	447516.181484470168	2369.3420944735
0	5503	447908.17331168803	1944.1750603728
0	5514	449016.683871299053	2334.5155832358
0	5521	449450.412976462419	1889.6776853129
0	5532	450591.464472049871	2293.3092234191
0	5539	450947.973576793471	1804.4704874977
0	5550	452209.699653927261	2254.975787038
0	5561	452815.127837564821	2183.1057845615
0	5570	453429.56937309357	1955.7798962574
0	5579	454220.670286333213	1875.4714714363
0	5588	454971.41669900159	2156.2888614368
0	5597	455830.133593641246	2400.5642205477
0	5606	456712.35304595905	2491.6827596258
0	5611	457206.389257404978	2234.9725584034
0	5620	457618.630489753584	1788.4968961123
0	5633	458545.53026980723	1833.1772238482
0	5640	459314.522053767021	2009.643111052
0	5651	460183.727794932227	2136.2974748947
0	5656	460827.276737010132	2281.7464672029
0	5665	461387.071171822052	2060.9300713521
0	5674	461884.826874732997	1701.0990798008
0	5685	462740.445963246774	1747.2865916323
0	5694	463605.589937651556	2140.7074598595
0	5703	464124.50629547241	1798.0283320416
0	5710	464634.10957404415	1820.6379138865
0	5723	465678.788137016845	2034.6231480595
0	5732	466369.249578332556	2067.8480649367
0	5737	466858.209188701612	2078.9548013359
0	5748	467876.36894546452	2197.5808084477
0	5759	468600.77370861548	2231.5241302829
0	5764	469092.205221159412	1893.1702212431
0	5773	469496.308319550035	1521.7896074988
0	5786	470919.548519142	2318.7748105265
0	5791	471247.407984640477	1823.7839440349
0	5804	472278.175597591354	2198.2411177363
0	5809	472873.640168923913	1954.0916497819
0	5818	473545.296391239418	2079.3419476133
0	5831	474672.077724756702	2393.9021271653
0	5836	475099.383351998433	1964.0840420499
0	5845	476025.699263485178	2018.5777452774
0	5854	476910.291915759473	2238.2141910028
0	5865	477539.236541558086	2215.0440146215
0	5868	477900.252676103293	1683.9084064588
0	5881	478961.285980325222	1896.4590974618
0	5892	480306.089051160991	2393.5699404683
0	5899	480711.076089274167	1991.576539306
0	5908	481785.447406070336	2233.7195520289
0	5921	482447.425542399317	2106.6879849415
0	5930	483188.136428128958	1976.4298383147
0	5939	484070.494409976557	2148.4938219655
0	5948	484689.087706245512	2241.6621638462
0	5957	485237.793388729945	2049.656960601
0	5966	486094.011647393957	2023.5172374174
0	5973	486713.052091933817	2023.9643856883
0	5980	487154.045893996984	1916.252505267
0	5991	488285.614226292849	2191.6025788989
0	6002	489300.835781358212	2501.3504234143
0	6007	489850.289971008926	2265.3338244651
0	6018	490612.821821076825	2205.2405619062
0	6027	491241.895613679692	1941.0598323215
0	6036	491856.363392388478	1856.4831144176
0	6047	492997.459566313803	2305.5976508651
0	6056	493725.102696334973	2285.7107531279
0	6065	494515.106727043197	2334.2358826194
0	6070	494955.034714797542	1957.5751484837
0	6081	495998.681264882938	2273.578568548
0	6088	496413.770116120608	1898.6633890774
0	6093	496767.66399932097	1498.7557719927
0	6106	497589.658088889003	1486.5487544797
0	6115	498046.59671955745	1234.2896809336
0	6124	498436.526194447682	1210.6397476047
0	6133	499011.626891372756	1268.6611298472
0	6142	499875.543656945259	1758.5952447262
0	6155	500954.585201013865	2333.8631090708
0	6160	501328.264830261501	1881.6987709142
0	6173	502418.351598316835	2268.61677384
0	6180	503080.769744189488	2126.1845431756
0	6191	503982.489685015784	2413.9202336781
0	6198	504626.87110877599	2208.5195104592
0	6207	505396.361793531137	2082.3399569839
0	6216	505950.700290827113	1968.2106058113
0	6227	506884.302462358059	2255.5261977017
0	6234	507463.525858288662	1975.0428353436
0	6245	508181.209394009815	2053.1817023177
0	6252	508756.900250399516	1872.5977880415
0	6261	509531.056642066718	1988.9426178765
0	6272	510417.621102836014	2236.4117088262
0	6279	511126.49070499468	2109.9554771092
0	6286	511466.027882834928	1773.4335218556
0	6295	512585.824385611371	2168.2032827754
0	6308	513597.416305169494	2337.5768590719
0	6313	514133.002272108601	2109.7430402879
0	6324	514822.168817371161	2020.9711992647
0	6331	515495.186022855373	1897.7697176859
0	6340	516101.962822303207	1917.0273188967
0	6351	517081.004425138267	2017.3702506814
0	6360	517901.582338241892	2013.4597487748
0	6369	518310.101352352681	1800.1842754427
0	6376	519152.829451952162	2047.1288720146
0	6385	519660.910279350388	1725.4175155889
0	6396	520350.466068880665	1687.6718621235
0	6403	520990.788635797832	1784.7227051854
0	6412	522083.279459271613	2330.6295119226
0	6423	522660.269375145468	2007.7405789867
0	6432	523547.556854132596	1999.840001855
0	6439	524093.411510763723	1880.5837562308
0	6448	524845.366621110621	2051.7728785984
0	6461	525668.169212015379	2043.0605821777
0	6468	526060.273747751523	1553.6968256347
0	6479	527423.223859258029	2507.6736608986
0	6484	527801.005377899888	2132.8361658845
0	6493	528493.045932194251	1947.8632707149
0	6506	529404.080643877421	1980.8567846194
0	6513	529850.194358266924	1866.4572485257
0	6524	530946.151799010147	2084.5165000297
0	6529	531520.502252317999	2116.4216084406
0	6542	532603.455796558445	2453.1718234532
0	6549	533172.897748416325	2226.7459494062
0	6560	534101.521191420069	2255.6987527292
0	6569	534673.959154542571	2070.5033579841
0	6574	534985.782336350566	1685.9622050542
0	6587	535945.461312867737	1843.9401214477
0	6592	536357.242700737006	1683.2835461944
0	6603	537187.012848258055	1799.2445582058
0	6614	538111.547305388412	2166.0859925207
0	6623	538853.250398905984	2231.8916070275
0	6628	539358.03600302901	1920.7836834714
0	6637	539874.931782810054	1763.3844774216
0	6650	540905.278416909314	2052.0280180033
0	6659	541762.535069044716	2232.6303334907
0	6664	542062.956264428831	2021.1960932706
0	6673	542653.923664614594	1748.6452477053
0	6684	543750.595945073329	1988.0608760286
0	6691	544209.653859771826	1892.5538057461
0	6704	545468.143599014767	2483.0401845742
0	6713	546282.003020122685	2409.0463997796
0	6720	546833.065563859456	2194.8928033467
0	6727	547340.413761511483	1872.2701624967
0	6738	548187.413021363356	1905.4100012407
0	6745	548848.259574919977	1679.9544044305
0	6754	549803.646537847855	2091.1287839524
0	6763	550526.333125541025	2010.6719547417
0	6774	551489.395896066019	2110.9370919876
0	6785	552559.835607139433	2338.4868153837
0	6792	553194.562360178719	2190.9830559511
0	6803	554120.998118910978	2254.2758397292
0	6810	554531.071721948723	1971.2361148093
0	6821	555465.810580132568	2176.2812102213
0	6830	556141.217603115404	2020.2194842044
0	6837	556597.684040386269	1967.9539576638
0	6846	557500.433756271417	2034.6231761388
0	6855	558524.590565962757	2383.3729628474
0	6862	558856.704657990526	1882.1855565067
0	6871	559495.513355126644	1728.3659201581
0	6880	560316.976113338063	1693.6630586162
0	6889	561357.871108828152	2162.3131299857
0	6898	562022.017168114001	2118.1286956184
0	6907	562506.444668211082	1726.6303653829
0	6920	563839.889184571842	2272.7507196832
0	6925	564308.49554403689	2157.5009398162
0	6938	565384.912367910186	2392.6502828021
0	6947	566082.692460157017	2242.8032755852
0	6954	566777.523592952679	2061.4960656501
0	6961	567625.767251942347	2240.8548840322
0	6974	568304.618434561457	2221.9259744044
0	6979	568684.39393057492	1805.6226134766
0	6992	569704.508524294983	1937.4505610671
0	6999	570424.398158351	2119.7797237895
0	7008	571054.188068211119	1980.4084173404
0	7017	571735.82918769684	2031.3206634019
0	7026	572333.793512871529	1906.8811353296
0	7037	573409.225620562252	2104.5056212228
0	7042	573858.43653115448	1927.8433401603
0	7051	574609.403249435168	1887.7661193721
0	7060	575291.809454513756	1882.5838339515
0	7071	576048.948897421402	1747.7995675988
0	7080	576766.131341038314	1696.8462370802
0	7083	577133.288272004617	1621.7075217515
0	7096	577971.808206522879	1609.5889018849
0	7109	579322.960525145796	2084.8152089864
0	7116	579806.168369343546	1916.2908917293
0	7125	580483.243567775977	1892.8742788732
0	7136	581488.284426787911	2165.3239016421
0	7141	581842.028491292192	1867.4658974167
0	7150	582320.665788743688	1623.0482338462
0	7163	583633.203185722275	2144.9187589344
0	7170	584405.100032268135	2411.7185006384
0	7177	584850.970159471078	2112.1563955676
0	7186	585530.790926283269	1897.587740561
0	7191	585916.037833923518	1489.1454859637
0	7200	586722.674760036215	1547.2678807564
0	7217	587857.257164781958	1790.7237187028
0	7224	588490.052197733939	1745.6250262912
0	7233	589482.459311792672	2243.4945417568
0	7244	590444.622705644041	2587.3655408621
0	7253	591183.828923525333	2454.1079444345
0	7258	591795.256445976019	2166.1394261755
0	7267	592469.457585224926	2024.8348795809
0	7278	593040.337526751726	1856.5086032264
0	7285	593549.690501159101	1603.6420311313
0	7290	594188.387686573014	1584.2964474577
0	7303	594931.027076253713	1533.9977291878
0	7312	596147.138295974627	1925.9311043657
0	7325	597100.10696961549	2187.0709959883
0	7334	597820.095041859941	2011.4685699809
0	7339	598431.580422911839	1927.1824526601
0	7350	599233.886479027616	2133.7795094121
0	7357	599774.245914677205	1954.1508728173
0	7370	601006.504627224103	2294.1125501879
0	7375	601514.070745836989	2129.2982043698
0	7386	602308.210690738678	2195.4149939585
0	7393	602947.132807178468	1940.6281799544
0	7402	603679.490470094652	1904.0169184562
0	7411	604580.975985992746	2023.39893342
1	3219	261060.469337739073	356
1	3228	261590.780243603535	357
1	3237	262172.695126896746	358
1	3246	263034.706452582053	359
1	3253	263374.780391855187	360
1	3264	264320.226837834366	361
1	3275	265274.253963120304	362
1	3284	266114.347772765927	363
1	3291	266570.320719620235	364
1	3300	267327.642413321905	365
1	3307	267878.86994252915	366
1	3316	268694.591646082722	367
1	3329	269550.212256610416	368
1	3334	270145.445215282984	369
1	3343	270666.556399595015	370
1	3348	271208.433745522075	371
1	3363	272521.806383365788	372
1	3370	272917.629067925759	373
1	3381	273919.328928273195	374
1	3392	274647.08156185227	375
1	3399	275414.02725814844	376
1	3410	276181.744001386711	377
1	3419	276953.554398799339	378
1	3428	277786.552197206789	379
1	3433	278114.57451260651	380
1	3442	278913.573659816781	381
1	3453	279992.401460744464	382
1	3464	280470.810269331583	383
1	3469	280889.249751716876	384
1	3480	281975.069098407427	385
1	3487	282837.315631471598	386
1	3500	283727.182609867328	387
1	3507	284339.359900122532	388
1	3514	284843.760926881829	389
1	3525	285718.617491237843	390
1	3534	286213.852790510306	391
1	3543	287411.003604484745	392
1	3554	288299.814480682858	393
1	3563	288944.928174326219	394
1	3570	289437.243813788541	395
1	3577	289811.154906079196	396
1	3586	290853.801395511277	397
1	3595	291622.427221387647	398
1	3604	292390.813222154997	399
1	3615	293290.461881272516	400
1	3622	293676.478311605773	401
1	3631	294516.596223693363	402
1	3642	295455.782604636646	403
1	3653	296811.356903985164	404
1	3658	297289.215461304433	405
1	3667	297954.784304089866	406
1	3678	298874.753801152131	407
1	3685	299586.812536697856	408
1	3694	300361.834265850506	409
1	3707	301394.334305450342	410
1	3716	302114.198903879173	411
1	3723	302685.513802478112	412
1	3730	303051.658023521326	413
1	3739	304125.763654243223	414
1	3752	305027.336357161425	415
1	3759	305768.270061817043	416
1	3766	306276.055142423161	417
1	3777	307433.505789656215	418
1	3788	308182.120873359986	419
1	3793	308578.921898407884	420
1	3802	309497.667807200946	421
1	3813	310581.033677374967	422
1	3824	311242.977909045317	423
1	3829	311726.593232760229	424
1	3840	312680.415495671355	425
1	3847	313000.591068808013	426
1	3860	313833.484596340008	427
1	3867	314354.925075592495	428
1	3874	314725.32789395193	429
1	3883	315677.859979821391	430
1	3894	316543.194612348474	431
1	3905	317175.214749667815	432
1	3914	317941.950138704873	433
1	3923	318743.192908074729	434
1	3932	319508.713003294565	435
1	3939	320301.926228776597	436
1	3946	320611.012301780306	437
1	3955	321617.726061819143	438
1	3964	322307.261472288541	439
1	3973	322922.454534145094	440
1	3982	323900.511930417292	441
1	3995	324797.052338998787	442
1	4004	325595.131883025192	443
1	4011	326029.671253357105	444
1	4018	326594.423875166126	445
1	4031	328029.018766293324	446
1	4038	328411.523711308859	447
1	4049	329442.716283258073	448
1	4058	329989.096617652126	449
1	4065	330582.706602243729	450
1	4076	331626.665721042104	451
1	4081	332164.082523901038	452
1	4090	332744.860911788442	453
1	4099	333137.474411772587	454
1	4110	334347.797256661601	455
1	4117	335095.702194795035	456
1	4126	335866.569809289671	457
1	4135	336356.044057616986	458
1	4144	337051.693988358624	459
1	4155	338109.247021889336	460
1	4166	338755.086506903194	461
1	4173	339367.181540094339	462
1	4182	340391.623837687097	463
1	4191	341014.977746363752	464
1	4198	341429.386601597093	465
1	4211	342966.372660873481	466
1	4220	343826.596298720711	467
1	4227	344209.750322252535	468
1	4236	345059.004453895637	469
1	4247	346068.023980921158	470
1	4254	346580.463873781288	471
1	4261	346966.899783024589	472
1	4270	347968.932736851299	473
1	4279	348797.837886214281	474
1	4292	349456.170333037177	475
1	4301	350045.807340089256	476
1	4308	350783.480415400142	477
1	4319	351480.597382038856	478
1	4324	351956.829394586409	479
1	4335	352799.346640706086	480
1	4342	353303.051907056966	481
1	4355	354302.776231756458	482
1	4364	354954.46131122301	483
1	4371	355669.237874960551	484
1	4378	355978.804800985405	485
1	4387	356938.693625293696	486
1	4400	357703.064400237078	487
1	4409	358450.045722629899	488
1	4416	358960.368197411323	489
1	4423	359437.821110151732	490
1	4436	360595.786572759995	491
1	4441	361021.861575543904	492
1	4452	361773.485214170092	493
1	4463	362441.636990709254	494
1	4472	363223.791382368678	495
1	4481	364002.541305078218	496
1	4490	364767.506781499857	497
1	4499	365536.143176956126	498
1	4504	365901.054435409629	499
1	4513	366707.499359780947	500
1	4526	367658.189656119817	501
1	4533	368398.947491263994	502
1	4540	368866.202859487408	503
1	4551	369866.044626524696	504
1	4560	370393.918086402142	505
1	4569	371015.746615268314	506
1	4580	371888.1254822016	507
1	4589	372485.399213852385	508
1	4598	373378.379038162554	509
1	4607	374241.577332420299	510
1	4614	374941.676489962289	511
1	4625	375740.798229770759	512
1	4634	376557.831808319339	513
1	4643	377269.080593576679	514
1	4652	377913.062500627736	515
1	4659	378332.618602272148	516
1	4666	378800.626574596415	517
1	4679	379984.818197228039	518
1	4688	380775.378811452562	519
1	4695	381255.591009836668	520
1	4706	382043.66093357096	521
1	4715	382685.490853339457	522
1	4724	383390.785011788854	523
1	4733	384124.009027378658	524
1	4738	384446.299966704125	525
1	4751	385902.61204540732	526
1	4756	386222.631340194518	527
1	4769	387288.011043285976	528
1	4778	388081.013387627925	529
1	4787	388769.190339557852	530
1	4792	389164.197251619797	531
1	4803	390063.932816404875	532
1	4810	390519.767252309273	533
1	4819	391159.20857400636	534
1	4830	392065.395206306155	535
1	4837	392450.078598316784	536
1	4850	393862.512131826977	537
1	4857	394479.564533522378	538
1	4866	395280.851511843527	539
1	4873	395895.253329305003	540
1	4882	396900.346486922379	541
1	4895	398118.376517482127	542
1	4902	398799.709790758814	543
1	4911	399551.87623975801	544
1	4918	400040.048586437504	545
1	4927	400793.741165706914	546
1	4932	401176.80839519019	547
1	4945	402418.174139130887	548
1	4954	403084.456039639216	549
1	4963	403700.120468297999	550
1	4972	404319.349043956052	551
1	4983	405089.165324019294	552
1	4990	405803.465626761343	553
1	4999	406569.473803555618	554
1	5008	407233.752496121476	555
1	5017	408239.253814565042	556
1	5028	408841.364596970404	557
1	5039	409722.397263860355	558
1	5044	410135.363057674865	559
1	5053	411074.454249255385	560
1	5066	412223.695678822721	561
1	5073	413048.280015774096	562
1	5082	413842.903814837362	563
1	5093	414607.909311214487	564
1	5100	415198.59192827719	565
1	5109	415997.945077763896	566
1	5120	416928.092877985934	567
1	5129	417732.752530323366	568
1	5138	418421.713047148684	569
1	5147	419184.750102460409	570
1	5152	419522.896265471379	571
1	5165	420595.485231187219	572
1	5174	421279.48584328408	573
1	5181	421679.184308275605	574
1	5192	422482.70367183725	575
1	5199	422954.202096629912	576
1	5208	423748.301566857869	577
1	5219	424332.44248637932	578
1	5226	425139.878883585358	579
1	5233	425474.364594602982	580
1	5246	426735.628373175884	581
1	5253	427378.961694426859	582
1	5264	428217.6611222327	583
1	5271	429030.809527589033	584
1	5280	429728.85910654443	585
1	5289	430178.320788731823	586
1	5296	431093.921543005878	587
1	5305	431514.694777876164	588
1	5318	432329.737898753981	589
1	5323	432633.661431865792	590
1	5334	433679.232459235961	591
1	5343	434570.881963614399	592
1	5352	435417.202712316091	593
1	5359	435862.278482643912	594
1	5372	437029.545956058452	595
1	5377	437352.40468368868	596
1	5390	438260.783783113608	597
1	5395	438602.672692621151	598
1	5406	439842.084610462213	599
1	5415	440576.544080022747	600
1	5422	441036.358949728335	601
1	5435	442073.601629957581	602
1	5444	442912.44252850304	603
1	5451	443268.264398211638	604
1	5458	443998.489005630861	605
1	5471	445146.839389996628	606
1	5476	445517.373537411938	607
1	5489	446682.168288063282	608
1	5496	447516.181484470168	609
1	5503	447908.17331168803	610
1	5514	449016.683871299053	611
1	5521	449450.412976462419	612
1	5532	450591.464472049871	613
1	5539	450947.973576793471	614
1	5550	452209.699653927261	615
1	5561	452815.127837564821	616
1	5570	453429.56937309357	617
1	5579	454220.670286333213	618
1	5588	454971.41669900159	619
1	5597	455830.133593641246	620
1	5606	456712.35304595905	621
1	5611	457206.389257404978	622
1	5620	457618.630489753584	623
1	5633	458545.53026980723	624
1	5640	459314.522053767021	625
1	5651	460183.727794932227	626
1	5656	460827.276737010132	627
1	5665	461387.071171822052	628
1	5674	461884.826874732997	629
1	5685	462740.445963246774	630
1	5694	463605.589937651556	631
1	5703	464124.50629547241	632
1	5710	464634.10957404415	633
1	5723	465678.788137016845	634
1	5732	466369.249578332556	635
1	5737	466858.209188701612	636
1	5748	467876.36894546452	637
1	5759	468600.77370861548	638
1	5764	469092.205221159412	639
1	5773	469496.308319550035	640
1	5786	470919.548519142	641
1	5791	471247.407984640477	642
1	5804	472278.175597591354	643
1	5809	472873.640168923913	644
1	5818	473545.296391239418	645
1	5831	474672.077724756702	646
1	5836	475099.383351998433	647
1	5845	476025.699263485178	648
1	5854	476910.291915759473	649
1	5865	477539.236541558086	650
1	5868	477900.252676103293	651
1	5881	478961.285980325222	652
1	5892	480306.089051160991	653
1	5899	480711.076089274167	654
1	5908	481785.447406070336	655
1	5921	482447.425542399317	656
1	5930	483188.136428128958	657
1	5939	484070.494409976557	658
1	5948	484689.087706245512	659
1	5957	485237.793388729945	660
1	5966	486094.011647393957	661
1	5973	486713.052091933817	662
1	5980	487154.045893996984	663
1	5991	488285.614226292849	664
1	6002	489300.835781358212	665
1	6007	489850.289971008926	666
1	6018	490612.821821076825	667
1	6027	491241.895613679692	668
1	6036	491856.363392388478	669
1	6047	492997.459566313803	670
1	6056	493725.102696334973	671
1	6065	494515.106727043197	672
1	6070	494955.034714797542	673
1	6081	495998.681264882938	674
1	6088	496413.770116120608	675
1	6093	496767.66399932097	676
1	6106	497589.658088889003	677
1	6115	498046.59671955745	678
1	6124	498436.526194447682	679
1	6133	499011.626891372756	680
1	6142	499875.543656945259	681
1	6155	500954.585201013865	682
1	6160	501328.264830261501	683
1	6173	502418.351598316835	684
1	6180	503080.769744189488	685
1	6191	503982.489685015784	686
1	6198	504626.87110877599	687
1	6207	505396.361793531137	688
1	6216	505950.700290827113	689
1	6227	506884.302462358059	690
1	6234	507463.525858288662	691
1	6245	508181.209394009815	692
1	6252	508756.900250399516	693
1	6261	509531.056642066718	694
1	6272	510417.621102836014	695
1	6279	511126.49070499468	696
1	6286	511466.027882834928	697
1	6295	512585.824385611371	698
1	6308	513597.416305169494	699
1	6313	514133.002272108601	700
1	6324	514822.168817371161	701
1	6331	515495.186022855373	702
1	6340	516101.962822303207	703
1	6351	517081.004425138267	704
1	6360	517901.582338241892	705
1	6369	518310.101352352681	706
1	6376	519152.829451952162	707
1	6385	519660.910279350388	708
1	6396	520350.466068880665	709
1	6403	520990.788635797832	710
1	6412	522083.279459271613	711
1	6423	522660.269375145468	712
1	6432	523547.556854132596	713
1	6439	524093.411510763723	714
1	6448	524845.366621110621	715
1	6461	525668.169212015379	716
1	6468	526060.273747751523	717
1	6479	527423.223859258029	718
1	6484	527801.005377899888	719
1	6493	528493.045932194251	720
1	6506	529404.080643877421	721
1	6513	529850.194358266924	722
1	6524	530946.151799010147	723
1	6529	531520.502252317999	724
1	6542	532603.455796558445	725
1	6549	533172.897748416325	726
1	6560	534101.521191420069	727
1	6569	534673.959154542571	728
1	6574	534985.782336350566	729
1	6587	535945.461312867737	730
1	6592	536357.242700737006	731
1	6603	537187.012848258055	732
1	6614	538111.547305388412	733
1	6623	538853.250398905984	734
1	6628	539358.03600302901	735
1	6637	539874.931782810054	736
1	6650	540905.278416909314	737
1	6659	541762.535069044716	738
1	6664	542062.956264428831	739
1	6673	542653.923664614594	740
1	6684	543750.595945073329	741
1	6691	544209.653859771826	742
1	6704	545468.143599014767	743
1	6713	546282.003020122685	744
1	6720	546833.065563859456	745
1	6727	547340.413761511483	746
1	6738	548187.413021363356	747
1	6745	548848.259574919977	748
1	6754	549803.646537847855	749
1	6763	550526.333125541025	750
1	6774	551489.395896066019	751
1	6785	552559.835607139433	752
1	6792	553194.562360178719	753
1	6803	554120.998118910978	754
1	6810	554531.071721948723	755
1	6821	555465.810580132568	756
1	6830	556141.217603115404	757
1	6837	556597.684040386269	758
1	6846	557500.433756271417	759
1	6855	558524.590565962757	760
1	6862	558856.704657990526	761
1	6871	559495.513355126644	762
1	6880	560316.976113338063	763
1	6889	561357.871108828152	764
1	6898	562022.017168114001	765
1	6907	562506.444668211082	766
1	6920	563839.889184571842	767
1	6925	564308.49554403689	768
1	6938	565384.912367910186	769
1	6947	566082.692460157017	770
1	6954	566777.523592952679	771
1	6961	567625.767251942347	772
1	6974	568304.618434561457	773
1	6979	568684.39393057492	774
1	6992	569704.508524294983	775
1	6999	570424.398158351	776
1	7008	571054.188068211119	777
1	7017	571735.82918769684	778
1	7026	572333.793512871529	779
1	7037	573409.225620562252	780
1	7042	573858.43653115448	781
1	7051	574609.403249435168	782
1	7060	575291.809454513756	783
1	7071	576048.948897421402	784
1	7080	576766.131341038314	785
1	7083	577133.288272004617	786
1	7096	577971.808206522879	787
1	7109	579322.960525145796	788
1	7116	579806.168369343546	789
1	7125	580483.243567775977	790
1	7136	581488.284426787911	791
1	7141	581842.028491292192	792
1	7150	582320.665788743688	793
1	7163	583633.203185722275	794
1	7170	584405.100032268135	795
1	7177	584850.970159471078	796
1	7186	585530.790926283269	797
1	7191	585916.037833923518	798
1	7200	586722.674760036215	799
1	7217	587857.257164781958	800
1	7224	588490.052197733939	801
1	7233	589482.459311792672	802
1	7244	590444.622705644041	803
1	7253	591183.828923525333	804
1	7258	591795.256445976019	805
1	7267	592469.457585224926	806
1	7278	593040.337526751726	807
1	7285	593549.690501159101	808
1	7290	594188.387686573014	809
1	7303	594931.027076253713	810
1	7312	596147.138295974627	811
1	7325	597100.10696961549	812
1	7334	597820.095041859941	813
1	7339	598431.580422911839	814
1	7350	599233.886479027616	815
1	7357	599774.245914677205	816
1	7370	601006.504627224103	817
1	7375	601514.070745836989	818
1	7386	602308.210690738678	819
1	7393	602947.132807178468	820
1	7402	603679.490470094652	821
1	7411	604580.975985992746	822

