version 2
run Pipelined_3Teachers-36-20190105-10:57:25-21100
attr configname Pipelined_3Teachers
attr datetime 20190105-10:57:25
attr experiment Pipelined_3Teachers
attr inifile ../simulations/omnetpp.ini
attr iterationvars "$0=\"uniform\""
attr iterationvarsf uniform-
attr measurement "$0=\"uniform\""
attr network PipelinedExamSession
attr processid 21100
attr repetition 36
attr replication #36
attr resultdir results
attr runnumber 36
attr seedset 36
param **.teachersNumber 3
param **.answerTimeDistribution "\"uniform\""
param **.minUniform 300
param **.maxUniform 900
param **.scaleLognormal 6.2854
param **.shapeLognormal 0.4724

vector 0 PipelinedExamSession examinationTime:vector ETV
attr source examFinished
vector 1 PipelinedExamSession studentID:vector ETV
attr source student
0	3199	260017.33473977076	2124.8802377377
0	3212	260805.477369111051	2197.7937902324
0	3221	261583.559363242259	2111.636290513
0	3226	262250.198970548829	2046.6110712849
0	3235	262736.265417002161	1930.7880478911
0	3246	263671.545716514831	2087.9863532726
0	3253	264147.337925992926	1786.4593493287
0	3264	265262.900570780059	2187.3910979368
0	3275	266032.613502256593	2124.9814556446
0	3282	266648.985651461428	1971.5653734282
0	3289	267217.426869878566	1939.597190218
0	3298	268007.106977049282	1974.4934747927
0	3309	269056.492226896828	2212.1631255839
0	3318	269650.375259527957	1946.3306149933
0	3327	270380.158574134132	1867.5199897494
0	3336	271373.638114426306	2141.3750732783
0	3347	272204.780393745771	2502.2352025844
0	3354	272662.026541074759	2128.6057947669
0	3361	273310.563442390433	1929.4257451314
0	3372	274289.207679172998	2084.4272854272
0	3379	274989.023198559901	2081.309198169
0	3388	275633.591747190824	1923.8024429418
0	3399	276742.432731203756	2303.9078345988
0	3410	277623.503162339351	2344.6561362594
0	3415	277934.308197582162	1965.5053380411
0	3424	278743.215474486372	1894.3768632598
0	3437	280025.531263696051	2402.0281013567
0	3444	280519.490464171416	2038.7486716267
0	3451	281166.705423127881	1948.9648018498
0	3462	282044.746524794048	2019.215261098
0	3469	282439.575782697669	1719.3898382597
0	3482	283267.803873354591	1800.8429226
0	3491	284005.995706329144	1708.1170190591
0	3496	284314.054324943594	1458.1291585229
0	3505	285347.706999583191	2079.9031262286
0	3518	286188.735833158739	2182.7401268296
0	3525	286538.610083051048	1645.5746426247
0	3532	286958.490388188533	1435.6365494896
0	3541	287779.450132744409	1590.7142995857
0	3550	288660.100968601204	2037.4140436761
0	3561	289171.879007527627	1779.3644615449
0	3568	289770.956359617434	1754.3201706838
0	3577	290347.333880653627	1656.4339442644
0	3586	290984.243133338191	1642.2356339637
0	3595	291582.458472205348	1617.9073777981
0	3606	292536.813260894291	2005.937541509
0	3615	293283.342665294208	1944.9173829518
0	3626	294454.40806145782	2410.8493686654
0	3631	294768.687082780547	2026.9307972398
0	3640	295361.448577232681	1746.2928542867
0	3653	296138.38883279825	1683.9807713404
0	3662	296906.681846687593	2056.146078743
0	3671	297618.918001838051	2122.9460273869
0	3678	298341.111955745168	2202.7231229469
0	3685	298653.803282137983	1747.1214354504
0	3698	299984.652214357652	2365.7342125196
0	3707	300818.829486519121	2317.8511313628
0	3716	301713.150104368128	2626.1019404512
0	3725	302530.235260678478	2545.5830463208
0	3730	302971.825143042975	2152.9956565239
0	3739	303920.987729402282	2207.8376250342
0	3748	304455.172375822463	1924.937115144
0	3757	305162.285174941667	1752.9458573554
0	3766	306291.647879546531	2058.5845248308
0	3775	306825.759351113833	1871.1519042961
0	3786	307842.559870798164	2190.9111107234
0	3797	308810.084073571511	2264.5852080546
0	3806	309709.284901013621	2270.0860179495
0	3811	310043.041540402942	1851.5569615178
0	3820	310447.812403924786	1637.7283303533
0	3829	311619.347151182616	1910.062250169
0	3842	312935.203086398566	2501.0862696916
0	3847	313250.188385322714	2030.9348353185
0	3856	313908.658105088422	1845.8906530403
0	3865	314715.507440781245	1780.3043543827
0	3874	315477.170590404445	1753.9819660597
0	3885	316748.30112322236	2361.5159531124
0	3896	317481.221273727739	2276.3688225299
0	3905	318195.95170207324	2134.061201429
0	3914	319042.063618870476	2264.3299652729
0	3921	319524.817839497724	2043.59656577
0	3930	320303.144257888222	2107.192555815
0	3937	320609.969788743207	1567.9061698727
0	3946	321262.392837787071	1587.9587716889
0	3955	321957.084753317783	1628.701424785
0	3968	323200.901298411215	2371.4582023211
0	3975	323954.55647441561	2432.6669140253
0	3982	324455.993013409923	2063.3960795123
0	3993	325323.861302621688	2122.9600042105
0	4000	325996.008477592867	2034.9696464371
0	4009	326450.936487363678	1833.9045238215
0	4022	327825.850251037654	2398.3203677461
0	4027	328423.553433548686	2252.8522500303
0	4038	329232.042410038438	2166.4347428363
0	4047	329964.168607955825	2138.3183569182
0	4054	330377.696507982936	1699.4439474307
0	4063	331174.363300669965	1728.5823869985
0	4074	331735.713085625348	1651.7257716972
0	4083	332404.874078370658	1607.7310033143
0	4092	333148.696307279197	1883.4750075359
0	4101	333980.253880284755	1982.8319770284
0	4112	334823.982463125168	2298.061028542
0	4117	335194.011810142575	1778.2896957826
0	4126	335829.88411746922	1787.8267942462
0	4139	337016.605198150528	2192.6227350254
0	4146	337455.368579272208	2033.0628414173
0	4153	337998.267395468456	1741.8106636964
0	4164	339382.593584759188	2365.9883866087
0	4173	339851.981012010974	2160.3141357657
0	4176	340168.024678062675	1638.8439879287
0	4189	341297.096463572261	1912.6383845229
0	4202	342044.357018452165	1819.5251913741
0	4207	342615.726814325926	1747.7085541002
0	4220	343590.265415282948	2130.8540114667
0	4227	344177.566770929871	2133.2097524777
0	4236	344965.37828184667	2254.5751144644
0	4243	345496.660999394981	1906.395584112
0	4254	346537.168102059542	2057.569542015
0	4261	347416.611538175522	2085.5011390988
0	4272	348109.29961139339	2170.849549491
0	4281	348975.802363827852	2175.9654549882
0	4292	349781.58823996785	2160.5039055459
0	4297	350160.223537031588	1801.9042129163
0	4310	351395.894809719202	2380.9395794291
0	4319	352176.958620781106	2395.3703808133
0	4324	352526.422718586427	1968.6206321698
0	4337	353734.861143026528	2338.9663333073
0	4344	354222.091628378284	2045.1330075972
0	4355	355267.280170368058	2316.6078695096
0	4362	355834.604201233042	2099.7430582065
0	4369	356699.737141001997	2177.5418061297
0	4378	357265.030883811442	1997.7507134434
0	4391	358233.453981718077	2094.9322465807
0	4396	359045.169543894036	2249.3580935989
0	4405	359786.81271993558	2440.7314070966
0	4416	360359.10105826336	2125.6470765453
0	4423	360940.753574715955	1861.8026148062
0	4436	362050.926129240571	2184.2664958443
0	4445	362730.064852489187	2100.8504649159
0	4452	363244.116215687274	2006.1184301041
0	4459	363691.597191989451	1640.6710627489
0	4468	364543.030514800949	1812.9656623118
0	4477	365519.992563687293	2268.2683775201
0	4490	366458.907065726845	2316.4184210356
0	4495	367080.682471348001	2117.9630239494
0	4504	367527.573782159044	1701.9436120056
0	4517	368652.30081793855	2193.3937522117
0	4522	369016.576035926147	1801.289946679
0	4535	370129.267128417297	2258.3038384561
0	4542	370498.870288766949	1846.5694708284
0	4549	371177.994417445763	1681.792519195
0	4558	371740.408562449767	1611.1414340325
0	4567	372744.225327204942	1872.3943427671
0	4580	373774.307972006529	2299.2493714672
0	4585	374084.25687351267	1760.8828915749
0	4594	374970.676149241656	2061.7290082388
0	4605	376045.147152710736	2270.8391807042
0	4614	376783.771574450687	2112.9495995119
0	4621	377140.59192230928	1591.1225957796
0	4634	377873.597168689623	1815.9238301218
0	4639	378187.506285309821	1372.8325839154
0	4648	379304.936463665246	1900.8985279128
0	4661	380314.730243012338	2441.1330743227
0	4668	380936.711980914726	2321.2146231439
0	4675	381813.909841747984	2305.5942360777
0	4684	382547.759977541893	2233.0297345296
0	4695	383366.470553074061	2210.9877339564
0	4706	384216.08173730786	2284.0399771929
0	4715	385114.484383910923	2454.1677314322
0	4720	385556.901704147487	2151.3073350303
0	4731	386157.2715496179	1941.18981231
0	4738	386814.547962415992	1700.0635785051
0	4747	387585.667940229207	1967.7967982367
0	4760	388449.695568904309	1945.9572137799
0	4767	389169.905581930681	2077.3598753382
0	4774	389716.077955998509	1921.7541118618
0	4783	390388.068603538005	1938.3730346337
0	4792	391439.239610452234	2148.9974315744
0	4801	392072.288177814364	1923.27197548
0	4814	393188.664880022435	2252.1357650869
0	4819	393526.681342860712	1976.8624513876
0	4830	394649.918701825692	2246.1874647997
0	4837	395563.753586076229	2375.0887060538
0	4850	396498.295518988772	2457.1502137464
0	4855	397002.209821902244	2127.6248741895
0	4868	397768.06269767697	2146.9354082365
0	4873	398193.338736332981	1695.0432173442
0	4882	399105.824912991403	1908.1327070016
0	4895	400141.76201331432	2373.6993156374
0	4900	400699.310880806325	2208.84292759
0	4909	401137.330365786357	1764.8401473183
0	4920	402308.210078347503	2166.4480650332
0	4927	402766.715093236445	1997.9196916334
0	4938	403794.246041821344	2283.476839168
0	4945	404326.696104370086	1918.1148574222
0	4956	405414.491517841845	2328.8441131823
0	4963	405792.008531698986	1880.655473331
0	4972	406929.240233497724	2256.2887694221
0	4985	407731.8444435485	2174.6425386518
0	4992	408286.896556941822	2083.7556484155
0	4999	408807.482711272344	1844.987645885
0	5012	410082.240578765079	2350.3961352166
0	5019	410738.946868758678	2149.575564405
0	5026	411092.52295223999	1766.744174296
0	5035	411654.523986624583	1572.2834078595
0	5044	412568.360238801718	1809.682773985
0	5053	413091.233030939505	1845.102374861
0	5062	413668.072802340642	1562.9579664208
0	5073	414432.107389345795	1800.3590523731
0	5080	415011.524307914108	1744.7770329192
0	5093	415809.24099823463	1945.9489732515
0	5098	416162.379436288059	1541.259658942
0	5111	417254.296422796354	2128.8416650146
0	5118	417825.213550077781	2015.9725518432
0	5125	418132.768250629336	1632.5450094882
0	5138	419054.675362771407	1800.3789399751
0	5143	419453.351126611263	1593.510469934
0	5156	420485.542075708539	2130.0585364457
0	5163	421072.98387978229	2018.3085170109
0	5174	421791.626379266412	1923.7920727115
0	5179	422107.022469118268	1621.4803934097
0	5190	422948.489056248248	1753.4567803144
0	5197	423649.310462130264	1857.6840828639
0	5210	424677.388327242837	2400.897709094
0	5219	425451.048411475525	2392.7379037254
0	5226	425836.235189018802	2019.1910739988
0	5233	426585.559125104949	1908.1707978621
0	5244	427186.419523414255	1735.3711119387
0	5253	427690.974457841396	1696.9345827587
0	5264	428519.139881758049	1787.4598634429
0	5271	429220.123763848126	1967.6702123601
0	5278	429608.9490794577	1847.9465434793
0	5287	430594.791696919159	2075.6518151611
0	5298	431333.028662111641	2075.9737284388
0	5307	432107.613777089895	2045.2180344611
0	5314	432609.154331451313	1684.9595690612
0	5323	433075.654742494257	1464.4979457837
0	5334	434331.523970793964	2095.0182358269
0	5343	435172.631956217842	2210.5456802063
0	5354	436055.039605172383	2211.396154901
0	5361	436705.758450971948	2247.8230452631
0	5370	437223.360924236508	1891.1414736416
0	5381	438088.137191254677	2033.0975860823
0	5386	438521.634053159537	1804.8852839973
0	5395	439283.639265596898	1879.0119218174
0	5404	439824.584805266964	1736.4476140123
0	5417	440805.005709780412	2018.2085309643
0	5426	441537.373628653618	2026.379917888
0	5431	442344.961521914261	2286.0731804743
0	5442	442952.988601941648	2147.9828921612
0	5449	443539.834347646716	2002.4607189931
0	5462	444535.925980098577	2119.5229827426
0	5471	445152.962736412914	1869.6722166147
0	5476	445540.488895587654	1833.3631287329
0	5485	446148.98557662967	1613.0595965311
0	5498	447048.797524161668	1895.8347877488
0	5503	447544.027161737935	1627.9489540961
0	5514	448674.64910997081	2312.3570017051
0	5523	449309.04556210156	2260.2480379399
0	5534	450370.695299143003	2469.3923729472
0	5539	450785.096733178975	2041.440803837
0	5548	451365.035199606822	1845.3127289191
0	5559	452373.042208794536	2002.3469096515
0	5566	452822.901801997828	1760.4024551343
0	5577	453419.97002810243	1533.5446758661
0	5580	453820.679471455547	1370.4000558704
0	5597	454819.314497569608	1802.2816987708
0	5604	455305.203979415851	1424.2440752685
0	5611	455728.36179812442	1460.9491422772
0	5622	456927.642946690354	2108.3284491207
0	5633	457478.929805522818	2022.0765626058
0	5640	457888.838686840642	1770.6323116086
0	5647	458647.635893337462	1711.7750076111
0	5658	459448.679416626725	1969.7496111039
0	5665	459856.139107095111	1712.6157809515
0	5676	461213.672955567051	2287.3915378936
0	5683	461908.95145889375	2306.2652814668
0	5694	462806.521556060796	2364.8201465607
0	5703	463550.401736609673	2233.1030128989
0	5710	464075.877836393228	1884.5407253131
0	5721	464817.974323220586	1901.8386491574
0	5728	465307.373581314495	1568.2590407319
0	5741	466496.178287733382	2207.4667186942
0	5750	467196.77002150569	2301.4783501625
0	5755	467541.876820754296	1763.4554999415
0	5768	468864.722210168875	2368.5439224355
0	5773	469301.340482337437	2104.5704608317
0	5786	470094.008713820985	2076.7602296546
0	5793	470757.92417619381	1893.2019660249
0	5800	471450.723581481761	1843.8551883213
0	5809	472207.475297804958	2113.466583984
0	5822	473030.222786217964	2110.8229958452
0	5831	473585.76973979365	1789.3614265602
0	5838	474253.388617560304	1842.913104035
0	5847	474909.981088154054	1879.7583019361
0	5856	475666.939332196526	2081.1695924029
0	5865	476432.927094027436	1998.1507372577
0	5876	477387.15555653911	2225.4678076599
0	5881	477777.532057743556	1816.8998363893
0	5892	478781.303620431609	2239.0730765183
0	5901	479714.651770982928	2327.4962144438
0	5910	480594.942712364756	2382.5902907643
0	5921	481344.415397336744	2262.2176428325
0	5928	481806.62009110678	2003.9328604471
0	5937	482356.2818013132	1654.3341505341
0	5946	483245.266371639483	1900.8509743027
0	5955	484078.683943441175	2198.882239731
0	5966	484691.764985304363	2090.1546045206
0	5971	485019.000945473127	1728.8787502795
0	5984	485859.347982192449	1705.7220215444
0	5993	486671.965345367826	1980.2003600635
0	6000	487277.888662833757	1919.2803285085
0	6007	487840.919348923526	1981.5713667311
0	6016	488597.115057567172	1925.1497121993
0	6025	489255.584666552059	1803.8644753397
0	6034	490402.224709047042	2062.683861237
0	6047	491343.807928869537	2120.4835801385
0	6052	491736.185625381804	1667.4934568815
0	6061	492414.274309901557	1821.0264211055
0	6072	492998.030829615927	1654.2229007464
0	6079	493864.656937681175	2096.62836059
0	6088	494362.655335245691	1846.9305045437
0	6101	495327.559479000083	2130.3386627231
0	6110	496181.237789243496	2133.1738087814
0	6115	496529.522292455695	1825.5533242598
0	6124	497416.810731729529	2089.2512527294
0	6137	498523.185020824931	2341.9472315814
0	6146	499336.237993883006	2354.2744071689
0	6153	499883.763112407215	2071.8637083191
0	6160	500641.006758157201	2117.8217373323
0	6171	501533.66100406278	2197.4230101798
0	6178	502049.992779269852	1978.3208694309
0	6187	502849.636613577642	2014.5221967716
0	6196	503354.914558539204	1708.1255333964
0	6209	504656.667910655998	2392.7310766652
0	6214	505116.982244839929	2012.5724553131
0	6227	506293.195311678612	2482.6351398602
0	6236	507048.131179064551	2391.4632684086
0	6243	507877.820461895356	2376.3248423114
0	6250	508274.587876629123	1981.3925649505
0	6263	509459.836207050869	2411.7050279863
0	6270	510119.097585976163	2228.4542167559
0	6281	511101.231449190567	2514.9974067695
0	6286	511502.697952883358	2042.8617458325
0	6295	512085.62420331877	1755.4248513188
0	6304	512815.999665437307	1714.7682162467
0	6315	513844.530847622122	2126.1601085309
0	6322	514411.469099577557	2171.2352579925
0	6333	515134.932056302245	2018.1036022492
0	6342	515791.03941153739	1806.432740204
0	6345	516119.826802192297	1457.2750124149
0	6358	517337.971946457442	1974.347231118
0	6367	517958.96491832104	1796.9086409546
0	6380	519103.82420984101	2233.1636354327
0	6385	519430.005731899333	1795.109837316
0	6394	519853.666112618563	1470.9872416221
0	6403	520600.621300935787	1496.7970910948
0	6412	521038.88241313402	1560.1003103424
0	6425	522496.976578049403	2267.7998622414
0	6430	522859.450698830229	1832.8520238865
0	6439	523551.207933062729	1765.0152357761
0	6450	524465.43552777734	1968.4589497279
0	6457	524899.641055986326	1608.7690012995
0	6468	525658.89200186361	1511.9926091284
0	6477	526485.42469306853	1944.4769389462
0	6488	527202.440236508888	1923.0034730863
0	6495	527703.02547644828	1862.341721775
0	6504	528689.002398401541	2076.1126731522
0	6515	529589.998928597239	2387.5586920884
0	6524	530380.038501648274	2409.0118392371
0	6531	531183.667358569843	2470.8784104791
0	6540	531694.067139644217	2104.068211047
0	6551	532676.557633839589	2296.5191321913
0	6560	533526.857096096542	2314.2657619435
0	6565	533863.30977715556	2021.702412609
0	6574	534584.8591441289	1908.3015102893
0	6583	535163.814011681866	1636.9569155853
0	6592	536361.871594889131	2094.5985839702
0	6603	537007.806798862335	2146.059858799
0	6612	537767.343340208796	2126.3069700915
0	6619	538366.954881325406	1902.5514217559
0	6632	539623.233617423145	2271.8648222275
0	6637	539993.734744750006	1804.4087029528
0	6650	541091.627866029782	2154.4109249488
0	6657	541675.115974852858	2051.8823574297
0	6668	542616.983756935267	2300.7466724608
0	6675	542957.009442988826	1865.381576959
0	6686	543841.067990334747	1919.4067702163
0	6693	544684.455436142204	2067.4716792069
0	6704	545254.644201044036	2070.9131609648
0	6709	545705.201522866307	1864.1335325316
0	6720	546493.570267315997	1791.0805694293
0	6729	547058.945013396485	1804.3008123524
0	6736	547421.937877172647	1558.4945835639
0	6745	548100.113459816246	1509.871747205
0	6754	549062.08723643799	1929.5659095515
0	6763	549986.329056602014	2113.0487920716
0	6774	550812.531805504157	2086.7667980958
0	6783	551565.793907409577	2046.2435476016
0	6790	551901.860366156368	1771.4177599177
0	6799	552560.505085811064	1587.2436939273
0	6808	553264.569898601667	1579.6191494912
0	6813	553739.611832751007	1664.814594062
0	6828	554858.841273933694	1901.0614507366
0	6837	555540.329531114594	1696.4310695417
0	6846	556418.752223672391	2068.894852465
0	6853	556783.689952036412	1869.4544927683
0	6864	557686.37381396261	1935.9133539721
0	6871	558285.89057223876	1783.1513389014
0	6882	559306.608764268504	2088.9681471046
0	6889	559640.713902516337	1676.9626300782
0	6902	560347.255336912395	1845.3523834236
0	6907	560835.394297633366	1519.8742804583
0	6920	561849.022949952679	1949.1538362578
0	6929	562402.704117167788	2055.4487802554
0	6938	563066.172657441395	2092.9982869886
0	6947	563808.64289444876	1959.6199444961
0	6956	564447.589939786169	2044.8858226184
0	6961	564755.008265376139	1688.8356079347
0	6972	565844.698157720315	2036.0552632716
0	6979	566359.177385643172	1911.587445857
0	6988	567240.483261365491	1987.8367890604
0	6999	568237.533126678366	2178.7673668005
0	7008	569108.975097723354	2237.1060282458
0	7015	569829.75872713146	2093.648047233
0	7028	570473.608444724281	1937.8715114202
0	7035	571051.653120853056	1652.0222175401
0	7042	571688.050462352161	1588.9837116469
0	7051	572533.712635142778	2060.1041904185
0	7064	573382.768941996668	2036.49470089
0	7069	573724.758666381289	1561.8359567598
0	7078	574234.815094526906	1549.9203531537
0	7091	575269.799179723536	1887.0302377269
0	7100	576087.150232633626	2168.24773564
0	7109	576946.310765203139	2456.16446645
0	7116	577595.35397971054	2325.554799987
0	7127	578557.71727859979	2470.5670459662
0	7136	579456.369322165898	2510.0585569628
0	7145	580125.683540152437	2325.2017120365
0	7154	581000.201403116859	2442.4841245171
0	7159	581412.236019317112	1955.8666971512
0	7168	582031.98588928213	1906.3023491297
0	7177	582853.645950509287	1853.4445473924
0	7190	583716.737518273346	2056.8742815871
0	7197	584289.779407996736	1830.9134760406
0	7208	585033.364882087387	1924.8738150112
0	7217	585908.505734754778	2191.7682164814
0	7222	586409.391500847466	2109.304772364
0	7231	587459.529370162688	2426.1644880753
0	7244	588459.414515504666	2550.9087807499
0	7253	589271.302463114314	2557.6497071888
0	7262	590144.479812216066	2570.3795264941
0	7271	590900.819646008365	2441.4051305037
0	7278	591372.565086046286	2101.262622932
0	7287	592383.147239824809	2238.6674276087
0	7296	592899.152732128329	1998.33308612
0	7307	593786.619378905795	2072.3223505542
0	7314	594150.513498159177	1724.3681750726
0	7321	594660.229734052024	1386.6053729318
0	7326	595109.097378328494	1322.4779994227
0	7341	596558.040857780776	2152.2236226127
0	7350	597367.797312419913	2245.7587926183
0	7361	598290.576032269797	2274.6668238658
0	7368	599066.556403460032	2500.1005928032
0	7379	599977.828685799665	2551.2833693996
0	7386	600485.329625057108	2194.7535927873
0	7397	601200.230397982575	2074.0824528504
0	7404	601972.217062208854	1994.3883764092
0	7413	602594.04446021659	1982.4751107954
0	7420	603271.713115833753	2071.4827178512
0	7431	604134.054767992401	2158.5700973868
0	7438	604531.717247050309	1718.3265653439
1	3199	260017.33473977076	354
1	3212	260805.477369111051	355
1	3221	261583.559363242259	356
1	3226	262250.198970548829	357
1	3235	262736.265417002161	358
1	3246	263671.545716514831	359
1	3253	264147.337925992926	360
1	3264	265262.900570780059	361
1	3275	266032.613502256593	362
1	3282	266648.985651461428	363
1	3289	267217.426869878566	364
1	3298	268007.106977049282	365
1	3309	269056.492226896828	366
1	3318	269650.375259527957	367
1	3327	270380.158574134132	368
1	3336	271373.638114426306	369
1	3347	272204.780393745771	370
1	3354	272662.026541074759	371
1	3361	273310.563442390433	372
1	3372	274289.207679172998	373
1	3379	274989.023198559901	374
1	3388	275633.591747190824	375
1	3399	276742.432731203756	376
1	3410	277623.503162339351	377
1	3415	277934.308197582162	378
1	3424	278743.215474486372	379
1	3437	280025.531263696051	380
1	3444	280519.490464171416	381
1	3451	281166.705423127881	382
1	3462	282044.746524794048	383
1	3469	282439.575782697669	384
1	3482	283267.803873354591	385
1	3491	284005.995706329144	386
1	3496	284314.054324943594	387
1	3505	285347.706999583191	388
1	3518	286188.735833158739	389
1	3525	286538.610083051048	390
1	3532	286958.490388188533	391
1	3541	287779.450132744409	392
1	3550	288660.100968601204	393
1	3561	289171.879007527627	394
1	3568	289770.956359617434	395
1	3577	290347.333880653627	396
1	3586	290984.243133338191	397
1	3595	291582.458472205348	398
1	3606	292536.813260894291	399
1	3615	293283.342665294208	400
1	3626	294454.40806145782	401
1	3631	294768.687082780547	402
1	3640	295361.448577232681	403
1	3653	296138.38883279825	404
1	3662	296906.681846687593	405
1	3671	297618.918001838051	406
1	3678	298341.111955745168	407
1	3685	298653.803282137983	408
1	3698	299984.652214357652	409
1	3707	300818.829486519121	410
1	3716	301713.150104368128	411
1	3725	302530.235260678478	412
1	3730	302971.825143042975	413
1	3739	303920.987729402282	414
1	3748	304455.172375822463	415
1	3757	305162.285174941667	416
1	3766	306291.647879546531	417
1	3775	306825.759351113833	418
1	3786	307842.559870798164	419
1	3797	308810.084073571511	420
1	3806	309709.284901013621	421
1	3811	310043.041540402942	422
1	3820	310447.812403924786	423
1	3829	311619.347151182616	424
1	3842	312935.203086398566	425
1	3847	313250.188385322714	426
1	3856	313908.658105088422	427
1	3865	314715.507440781245	428
1	3874	315477.170590404445	429
1	3885	316748.30112322236	430
1	3896	317481.221273727739	431
1	3905	318195.95170207324	432
1	3914	319042.063618870476	433
1	3921	319524.817839497724	434
1	3930	320303.144257888222	435
1	3937	320609.969788743207	436
1	3946	321262.392837787071	437
1	3955	321957.084753317783	438
1	3968	323200.901298411215	439
1	3975	323954.55647441561	440
1	3982	324455.993013409923	441
1	3993	325323.861302621688	442
1	4000	325996.008477592867	443
1	4009	326450.936487363678	444
1	4022	327825.850251037654	445
1	4027	328423.553433548686	446
1	4038	329232.042410038438	447
1	4047	329964.168607955825	448
1	4054	330377.696507982936	449
1	4063	331174.363300669965	450
1	4074	331735.713085625348	451
1	4083	332404.874078370658	452
1	4092	333148.696307279197	453
1	4101	333980.253880284755	454
1	4112	334823.982463125168	455
1	4117	335194.011810142575	456
1	4126	335829.88411746922	457
1	4139	337016.605198150528	458
1	4146	337455.368579272208	459
1	4153	337998.267395468456	460
1	4164	339382.593584759188	461
1	4173	339851.981012010974	462
1	4176	340168.024678062675	463
1	4189	341297.096463572261	464
1	4202	342044.357018452165	465
1	4207	342615.726814325926	466
1	4220	343590.265415282948	467
1	4227	344177.566770929871	468
1	4236	344965.37828184667	469
1	4243	345496.660999394981	470
1	4254	346537.168102059542	471
1	4261	347416.611538175522	472
1	4272	348109.29961139339	473
1	4281	348975.802363827852	474
1	4292	349781.58823996785	475
1	4297	350160.223537031588	476
1	4310	351395.894809719202	477
1	4319	352176.958620781106	478
1	4324	352526.422718586427	479
1	4337	353734.861143026528	480
1	4344	354222.091628378284	481
1	4355	355267.280170368058	482
1	4362	355834.604201233042	483
1	4369	356699.737141001997	484
1	4378	357265.030883811442	485
1	4391	358233.453981718077	486
1	4396	359045.169543894036	487
1	4405	359786.81271993558	488
1	4416	360359.10105826336	489
1	4423	360940.753574715955	490
1	4436	362050.926129240571	491
1	4445	362730.064852489187	492
1	4452	363244.116215687274	493
1	4459	363691.597191989451	494
1	4468	364543.030514800949	495
1	4477	365519.992563687293	496
1	4490	366458.907065726845	497
1	4495	367080.682471348001	498
1	4504	367527.573782159044	499
1	4517	368652.30081793855	500
1	4522	369016.576035926147	501
1	4535	370129.267128417297	502
1	4542	370498.870288766949	503
1	4549	371177.994417445763	504
1	4558	371740.408562449767	505
1	4567	372744.225327204942	506
1	4580	373774.307972006529	507
1	4585	374084.25687351267	508
1	4594	374970.676149241656	509
1	4605	376045.147152710736	510
1	4614	376783.771574450687	511
1	4621	377140.59192230928	512
1	4634	377873.597168689623	513
1	4639	378187.506285309821	514
1	4648	379304.936463665246	515
1	4661	380314.730243012338	516
1	4668	380936.711980914726	517
1	4675	381813.909841747984	518
1	4684	382547.759977541893	519
1	4695	383366.470553074061	520
1	4706	384216.08173730786	521
1	4715	385114.484383910923	522
1	4720	385556.901704147487	523
1	4731	386157.2715496179	524
1	4738	386814.547962415992	525
1	4747	387585.667940229207	526
1	4760	388449.695568904309	527
1	4767	389169.905581930681	528
1	4774	389716.077955998509	529
1	4783	390388.068603538005	530
1	4792	391439.239610452234	531
1	4801	392072.288177814364	532
1	4814	393188.664880022435	533
1	4819	393526.681342860712	534
1	4830	394649.918701825692	535
1	4837	395563.753586076229	536
1	4850	396498.295518988772	537
1	4855	397002.209821902244	538
1	4868	397768.06269767697	539
1	4873	398193.338736332981	540
1	4882	399105.824912991403	541
1	4895	400141.76201331432	542
1	4900	400699.310880806325	543
1	4909	401137.330365786357	544
1	4920	402308.210078347503	545
1	4927	402766.715093236445	546
1	4938	403794.246041821344	547
1	4945	404326.696104370086	548
1	4956	405414.491517841845	549
1	4963	405792.008531698986	550
1	4972	406929.240233497724	551
1	4985	407731.8444435485	552
1	4992	408286.896556941822	553
1	4999	408807.482711272344	554
1	5012	410082.240578765079	555
1	5019	410738.946868758678	556
1	5026	411092.52295223999	557
1	5035	411654.523986624583	558
1	5044	412568.360238801718	559
1	5053	413091.233030939505	560
1	5062	413668.072802340642	561
1	5073	414432.107389345795	562
1	5080	415011.524307914108	563
1	5093	415809.24099823463	564
1	5098	416162.379436288059	565
1	5111	417254.296422796354	566
1	5118	417825.213550077781	567
1	5125	418132.768250629336	568
1	5138	419054.675362771407	569
1	5143	419453.351126611263	570
1	5156	420485.542075708539	571
1	5163	421072.98387978229	572
1	5174	421791.626379266412	573
1	5179	422107.022469118268	574
1	5190	422948.489056248248	575
1	5197	423649.310462130264	576
1	5210	424677.388327242837	577
1	5219	425451.048411475525	578
1	5226	425836.235189018802	579
1	5233	426585.559125104949	580
1	5244	427186.419523414255	581
1	5253	427690.974457841396	582
1	5264	428519.139881758049	583
1	5271	429220.123763848126	584
1	5278	429608.9490794577	585
1	5287	430594.791696919159	586
1	5298	431333.028662111641	587
1	5307	432107.613777089895	588
1	5314	432609.154331451313	589
1	5323	433075.654742494257	590
1	5334	434331.523970793964	591
1	5343	435172.631956217842	592
1	5354	436055.039605172383	593
1	5361	436705.758450971948	594
1	5370	437223.360924236508	595
1	5381	438088.137191254677	596
1	5386	438521.634053159537	597
1	5395	439283.639265596898	598
1	5404	439824.584805266964	599
1	5417	440805.005709780412	600
1	5426	441537.373628653618	601
1	5431	442344.961521914261	602
1	5442	442952.988601941648	603
1	5449	443539.834347646716	604
1	5462	444535.925980098577	605
1	5471	445152.962736412914	606
1	5476	445540.488895587654	607
1	5485	446148.98557662967	608
1	5498	447048.797524161668	609
1	5503	447544.027161737935	610
1	5514	448674.64910997081	611
1	5523	449309.04556210156	612
1	5534	450370.695299143003	613
1	5539	450785.096733178975	614
1	5548	451365.035199606822	615
1	5559	452373.042208794536	616
1	5566	452822.901801997828	617
1	5577	453419.97002810243	618
1	5580	453820.679471455547	619
1	5597	454819.314497569608	620
1	5604	455305.203979415851	621
1	5611	455728.36179812442	622
1	5622	456927.642946690354	623
1	5633	457478.929805522818	624
1	5640	457888.838686840642	625
1	5647	458647.635893337462	626
1	5658	459448.679416626725	627
1	5665	459856.139107095111	628
1	5676	461213.672955567051	629
1	5683	461908.95145889375	630
1	5694	462806.521556060796	631
1	5703	463550.401736609673	632
1	5710	464075.877836393228	633
1	5721	464817.974323220586	634
1	5728	465307.373581314495	635
1	5741	466496.178287733382	636
1	5750	467196.77002150569	637
1	5755	467541.876820754296	638
1	5768	468864.722210168875	639
1	5773	469301.340482337437	640
1	5786	470094.008713820985	641
1	5793	470757.92417619381	642
1	5800	471450.723581481761	643
1	5809	472207.475297804958	644
1	5822	473030.222786217964	645
1	5831	473585.76973979365	646
1	5838	474253.388617560304	647
1	5847	474909.981088154054	648
1	5856	475666.939332196526	649
1	5865	476432.927094027436	650
1	5876	477387.15555653911	651
1	5881	477777.532057743556	652
1	5892	478781.303620431609	653
1	5901	479714.651770982928	654
1	5910	480594.942712364756	655
1	5921	481344.415397336744	656
1	5928	481806.62009110678	657
1	5937	482356.2818013132	658
1	5946	483245.266371639483	659
1	5955	484078.683943441175	660
1	5966	484691.764985304363	661
1	5971	485019.000945473127	662
1	5984	485859.347982192449	663
1	5993	486671.965345367826	664
1	6000	487277.888662833757	665
1	6007	487840.919348923526	666
1	6016	488597.115057567172	667
1	6025	489255.584666552059	668
1	6034	490402.224709047042	669
1	6047	491343.807928869537	670
1	6052	491736.185625381804	671
1	6061	492414.274309901557	672
1	6072	492998.030829615927	673
1	6079	493864.656937681175	674
1	6088	494362.655335245691	675
1	6101	495327.559479000083	676
1	6110	496181.237789243496	677
1	6115	496529.522292455695	678
1	6124	497416.810731729529	679
1	6137	498523.185020824931	680
1	6146	499336.237993883006	681
1	6153	499883.763112407215	682
1	6160	500641.006758157201	683
1	6171	501533.66100406278	684
1	6178	502049.992779269852	685
1	6187	502849.636613577642	686
1	6196	503354.914558539204	687
1	6209	504656.667910655998	688
1	6214	505116.982244839929	689
1	6227	506293.195311678612	690
1	6236	507048.131179064551	691
1	6243	507877.820461895356	692
1	6250	508274.587876629123	693
1	6263	509459.836207050869	694
1	6270	510119.097585976163	695
1	6281	511101.231449190567	696
1	6286	511502.697952883358	697
1	6295	512085.62420331877	698
1	6304	512815.999665437307	699
1	6315	513844.530847622122	700
1	6322	514411.469099577557	701
1	6333	515134.932056302245	702
1	6342	515791.03941153739	703
1	6345	516119.826802192297	704
1	6358	517337.971946457442	705
1	6367	517958.96491832104	706
1	6380	519103.82420984101	707
1	6385	519430.005731899333	708
1	6394	519853.666112618563	709
1	6403	520600.621300935787	710
1	6412	521038.88241313402	711
1	6425	522496.976578049403	712
1	6430	522859.450698830229	713
1	6439	523551.207933062729	714
1	6450	524465.43552777734	715
1	6457	524899.641055986326	716
1	6468	525658.89200186361	717
1	6477	526485.42469306853	718
1	6488	527202.440236508888	719
1	6495	527703.02547644828	720
1	6504	528689.002398401541	721
1	6515	529589.998928597239	722
1	6524	530380.038501648274	723
1	6531	531183.667358569843	724
1	6540	531694.067139644217	725
1	6551	532676.557633839589	726
1	6560	533526.857096096542	727
1	6565	533863.30977715556	728
1	6574	534584.8591441289	729
1	6583	535163.814011681866	730
1	6592	536361.871594889131	731
1	6603	537007.806798862335	732
1	6612	537767.343340208796	733
1	6619	538366.954881325406	734
1	6632	539623.233617423145	735
1	6637	539993.734744750006	736
1	6650	541091.627866029782	737
1	6657	541675.115974852858	738
1	6668	542616.983756935267	739
1	6675	542957.009442988826	740
1	6686	543841.067990334747	741
1	6693	544684.455436142204	742
1	6704	545254.644201044036	743
1	6709	545705.201522866307	744
1	6720	546493.570267315997	745
1	6729	547058.945013396485	746
1	6736	547421.937877172647	747
1	6745	548100.113459816246	748
1	6754	549062.08723643799	749
1	6763	549986.329056602014	750
1	6774	550812.531805504157	751
1	6783	551565.793907409577	752
1	6790	551901.860366156368	753
1	6799	552560.505085811064	754
1	6808	553264.569898601667	755
1	6813	553739.611832751007	756
1	6828	554858.841273933694	757
1	6837	555540.329531114594	758
1	6846	556418.752223672391	759
1	6853	556783.689952036412	760
1	6864	557686.37381396261	761
1	6871	558285.89057223876	762
1	6882	559306.608764268504	763
1	6889	559640.713902516337	764
1	6902	560347.255336912395	765
1	6907	560835.394297633366	766
1	6920	561849.022949952679	767
1	6929	562402.704117167788	768
1	6938	563066.172657441395	769
1	6947	563808.64289444876	770
1	6956	564447.589939786169	771
1	6961	564755.008265376139	772
1	6972	565844.698157720315	773
1	6979	566359.177385643172	774
1	6988	567240.483261365491	775
1	6999	568237.533126678366	776
1	7008	569108.975097723354	777
1	7015	569829.75872713146	778
1	7028	570473.608444724281	779
1	7035	571051.653120853056	780
1	7042	571688.050462352161	781
1	7051	572533.712635142778	782
1	7064	573382.768941996668	783
1	7069	573724.758666381289	784
1	7078	574234.815094526906	785
1	7091	575269.799179723536	786
1	7100	576087.150232633626	787
1	7109	576946.310765203139	788
1	7116	577595.35397971054	789
1	7127	578557.71727859979	790
1	7136	579456.369322165898	791
1	7145	580125.683540152437	792
1	7154	581000.201403116859	793
1	7159	581412.236019317112	794
1	7168	582031.98588928213	795
1	7177	582853.645950509287	796
1	7190	583716.737518273346	797
1	7197	584289.779407996736	798
1	7208	585033.364882087387	799
1	7217	585908.505734754778	800
1	7222	586409.391500847466	801
1	7231	587459.529370162688	802
1	7244	588459.414515504666	803
1	7253	589271.302463114314	804
1	7262	590144.479812216066	805
1	7271	590900.819646008365	806
1	7278	591372.565086046286	807
1	7287	592383.147239824809	808
1	7296	592899.152732128329	809
1	7307	593786.619378905795	810
1	7314	594150.513498159177	811
1	7321	594660.229734052024	812
1	7326	595109.097378328494	813
1	7341	596558.040857780776	814
1	7350	597367.797312419913	815
1	7361	598290.576032269797	816
1	7368	599066.556403460032	817
1	7379	599977.828685799665	818
1	7386	600485.329625057108	819
1	7397	601200.230397982575	820
1	7404	601972.217062208854	821
1	7413	602594.04446021659	822
1	7420	603271.713115833753	823
1	7431	604134.054767992401	824
1	7438	604531.717247050309	825

