version 2
run Pipelined_3Teachers-80-20190105-10:57:36-19180
attr configname Pipelined_3Teachers
attr datetime 20190105-10:57:36
attr experiment Pipelined_3Teachers
attr inifile ../simulations/omnetpp.ini
attr iterationvars "$0=\"uniform\""
attr iterationvarsf uniform-
attr measurement "$0=\"uniform\""
attr network PipelinedExamSession
attr processid 19180
attr repetition 80
attr replication #80
attr resultdir results
attr runnumber 80
attr seedset 80
param **.teachersNumber 3
param **.answerTimeDistribution "\"uniform\""
param **.minUniform 300
param **.maxUniform 900
param **.scaleLognormal 6.2854
param **.shapeLognormal 0.4724

vector 0 PipelinedExamSession examinationTime:vector ETV
attr source examFinished
vector 1 PipelinedExamSession studentID:vector ETV
attr source student
0	3127	260603.088338021206	1991.6023664642
0	3140	261554.077830165642	2068.0625041947
0	3147	262324.173157056811	1949.0673214663
0	3154	262873.334329901281	2152.1523271222
0	3165	263608.271271362918	2054.1934411973
0	3176	264309.774666884931	1867.5092779566
0	3183	265104.577207239362	2010.3678126354
0	3190	265474.315523682179	1714.7048440296
0	3203	266540.758071234467	2230.9834043495
0	3208	267022.855521133187	1914.4260321278
0	3221	267992.29929638097	2104.82055475
0	3230	268815.075703337807	2274.3176321033
0	3235	269467.667841492239	2329.5438160189
0	3246	270348.398371646199	2356.0990752652
0	3255	270944.885742058996	2129.8100387212
0	3266	271823.505344660971	2185.2487714961
0	3275	272713.047647103686	2363.2353030145
0	3284	273443.400327069704	2397.2375068814
0	3289	273748.614357272182	1925.1090126112
0	3298	274252.292518364285	1539.2448712606
0	3311	275483.152240561341	2039.7519134916
0	3318	275923.981338366886	2006.0352961533
0	3327	276755.322590796297	1972.5725645665
0	3338	277655.303140450289	2172.1508998889
0	3345	278239.098427724113	2104.7765930649
0	3352	278901.218040799742	2070.9077665117
0	3361	279603.222072450464	1947.9189320002
0	3370	280335.039729578441	1844.6016919333
0	3383	281231.489587482085	2137.4557117
0	3392	282039.82484866867	2104.4928034768
0	3401	282938.551969639977	2476.9636878278
0	3406	283529.84618274497	2298.3565952629
0	3415	284089.556245459264	2049.7313967906
0	3426	285013.164068944773	2074.6120993048
0	3433	285447.474879445529	1730.9051104356
0	3442	286053.522802703103	1573.7914967816
0	3453	287207.780944230056	2185.1157409139
0	3462	288028.163133887595	2166.0532512702
0	3473	288887.878452753669	2280.2626339719
0	3480	289289.519105153179	1824.5853595901
0	3487	289724.087824439651	1695.5828807317
0	3498	291295.99300925622	2408.1145565026
0	3509	292050.502568716204	2451.1260531843
0	3516	292741.028879815733	2292.0620185789
0	3523	293264.378321589923	1943.3841997292
0	3532	293841.930484632051	1791.4279159158
0	3541	294417.056878516472	1635.0910522509
0	3550	295475.939631694949	2072.5444588345
0	3563	296376.698866020909	2364.8687047418
0	3568	296723.305804096183	1881.3423209824
0	3577	297562.162278452909	1843.7154680025
0	3590	298387.604745849988	2010.9058798291
0	3599	298917.704781750238	1740.2164086699
0	3604	299477.174137020505	1802.0009708125
0	3617	300491.331326449311	2103.7265805993
0	3626	300999.558144249043	2081.8533624988
0	3631	301332.357703009641	1529.5251233038
0	3640	302237.196843093282	1745.865516644
0	3649	303298.904148442692	2299.3460041936
0	3662	303986.51461210104	2095.3604949173
0	3671	304790.178155433408	2041.040603444
0	3676	305092.328978609315	1561.8557588663
0	3687	306197.460420476294	2210.9458083753
0	3698	306905.022405087969	2114.8442496546
0	3703	307296.012594457737	1641.6459860746
0	3714	308184.369653603083	1982.6269056648
0	3721	308800.500996038339	1895.4785909504
0	3734	309755.803201580442	2338.9659316745
0	3743	310645.610024034999	2360.7319108676
0	3752	311426.560645876474	2372.2609775607
0	3759	312204.205835284687	2448.4026337042
0	3766	312651.401985995494	2005.7919619605
0	3779	313642.706022318475	2216.145376442
0	3784	314339.610027568437	2032.235530531
0	3795	315110.156215773918	2194.933350943
0	3806	316183.795649511762	2541.0896271933
0	3815	316997.358776489295	2480.3749441635
0	3820	317348.33048922012	2055.5972444359
0	3831	318179.59457044492	1995.7989209332
0	3838	318844.992239819863	1847.6334633306
0	3847	319593.201727978908	1819.3952597212
0	3858	320723.462257627421	2128.0306419823
0	3869	321792.849631514423	2364.4222922623
0	3874	322270.285779470601	2060.4213529732
0	3883	323078.462919686013	2132.8913679812
0	3892	323908.85281688536	2116.0031853709
0	3905	324769.554350897693	2182.1397200692
0	3910	325134.294949052879	1742.6143907011
0	3921	326008.964363392466	1845.941191446
0	3932	326655.66314812752	1886.1087972298
0	3939	327312.111891573319	2072.7552729193
0	3946	327848.745079943934	1835.6867504306
0	3957	328782.131401821995	2126.4682536945
0	3966	329650.463309744397	2229.251616681
0	3973	330057.516982778931	1739.5874323323
0	3986	330980.195360211679	2069.2328930832
0	3993	331637.416599411541	1974.1688650567
0	4000	332128.932301886403	1991.2240348756
0	4009	333061.409693397605	2081.2143331859
0	4022	333881.755596678728	2128.1538639218
0	4027	334497.372359829048	1936.6632363293
0	4036	335147.941054031277	1841.6685752571
0	4047	336133.125263219723	2251.369666541
0	4058	337001.564645580971	2226.8146951217
0	4065	337503.540323535004	1891.6988379322
0	4072	338048.650302831107	1893.9755592495
0	4081	338899.490960547725	1897.9263149668
0	4092	339995.698252832542	2245.481405966
0	4103	340885.134719638179	2293.4926858172
0	4108	341391.783034801508	1944.1799752414
0	4117	341793.348068604271	1667.3535036854
0	4130	342924.56176844428	2039.4270488061
0	4137	343475.457370234678	2053.8687160704
0	4144	344197.242911579112	2007.4317854829
0	4155	344908.838204434166	1984.2764359899
0	4162	345531.15141182209	1730.5729085114
0	4171	346254.030116368109	1955.5761150084
0	4184	347150.731410272443	1958.3856273908
0	4193	347939.589337958047	2075.4798337352
0	4202	348824.819683749253	2234.1356582008
0	4209	349396.909311180959	2246.1779009085
0	4216	349744.272902375112	1804.6835644171
0	4225	350850.48469039614	2025.6650066469
0	4236	351636.094665108272	1941.6029641405
0	4247	352393.609438044975	1999.8650039546
0	4252	352697.243811283285	1440.8428533934
0	4265	353696.335124596979	1842.5567414146
0	4272	354497.286588465821	2103.6771504208
0	4279	354940.206895954932	1910.5651276186
0	4292	356079.792514164026	2383.457389567
0	4297	356551.614597206961	1976.2936420273
0	4306	357466.168452193986	2086.0453358386
0	4315	357864.86984621736	1785.0773320533
0	4324	358791.846731398281	1849.3643232621
0	4335	359244.942489126723	1599.5256407652
0	4344	360167.464501038221	1827.4824263994
0	4355	360942.437290493426	2094.1456428263
0	4360	361303.600545180989	1817.5248758867
0	4373	362194.062538817552	1840.671676537
0	4382	362860.215321835158	1917.7780313417
0	4387	363373.598671518294	1770.9389449563
0	4400	364082.321971748052	1888.2594329305
0	4407	364718.26893459077	1858.0536127556
0	4414	365467.73240980695	1931.0377954971
0	4425	366151.601041434361	2069.2790696863
0	4432	366950.309668667643	1983.603023272
0	4441	367415.19229877743	1784.2843943741
0	4454	368311.426544375746	2009.6688173711
0	4459	368706.531170010595	1663.0667215213
0	4472	369728.083316562726	2013.456596341
0	4481	370545.130126923351	2233.7035825476
0	4486	370895.436904532863	1805.6037032045
0	4497	371971.145097306026	2243.0617807433
0	4508	372928.271336294739	2383.1412093714
0	4513	373615.691640134929	2288.6484023184
0	4526	374604.768910584999	2536.7735600565
0	4535	375427.579543227358	2499.3082069326
0	4542	376242.451254185317	2439.4132787827
0	4551	377072.863208642258	2468.0942980573
0	4558	377751.004983997001	2323.4254407696
0	4569	378505.815770337386	2239.6590218414
0	4580	379435.558533808244	2302.9773100745
0	4587	380035.705476114554	2056.1866231263
0	4596	380793.968361709294	2222.2711076494
0	4603	381136.726844776449	1701.1683109682
0	4616	382393.962501268861	2176.4768193942
0	4625	383227.728933608187	2159.201928461
0	4630	383839.653594838483	1994.3018990569
0	4643	384804.467549594146	2410.5050483253
0	4648	385174.179526185644	1946.4505925775
0	4657	385736.448601400506	1810.4578044265
0	4670	386516.810658294735	1712.3431087006
0	4679	387269.637544686002	1991.5117430035
0	4688	388036.713510984582	2246.3858507574
0	4695	388826.464945077923	2309.6542867832
0	4706	389750.858009560061	2481.2204648741
0	4715	390609.296440053759	2572.5829290692
0	4720	391084.662712644813	2211.4604753908
0	4731	391901.233566971524	2150.3755574115
0	4740	392650.118904747097	2040.8224646933
0	4747	393250.769153097673	1861.2166965846
0	4756	393616.867026407299	1692.7117589861
0	4767	394936.811718111886	2123.5085257329
0	4778	395661.546372715412	2341.1226001102
0	4785	396349.841914605378	2177.5861592498
0	4794	397085.036232322483	2135.0861269981
0	4803	397688.120670290692	2026.5742975753
0	4814	398874.93174257691	2383.3633704577
0	4819	399421.440837672008	2111.7988333572
0	4828	399821.425145259154	1701.5936284326
0	4839	400946.729480708045	2071.7977381311
0	4846	401448.301612492678	1932.0010594558
0	4859	402496.110530197648	2217.387713911
0	4866	403166.724942438332	2173.5968856141
0	4873	403489.792601019172	1718.4888644144
0	4882	404006.277571572019	1510.1670413744
0	4891	404998.447045404492	1699.3891109247
0	4904	406049.036807287512	2354.0949176531
0	4913	406897.379970923094	2378.4171624575
0	4922	407743.052653642399	2491.2357486784
0	4927	408107.356124930111	2058.3193176426
0	4940	409215.66505981612	2318.285088893
0	4945	409739.336319174645	1996.2836655322
0	4954	410222.225141571863	1764.4799944013
0	4963	411394.472399354009	2178.8073395379
0	4972	412459.791788086323	2346.1253596935
0	4985	413465.745962457759	2491.1103253718
0	4994	414272.802031366182	2470.1552936342
0	5003	415078.669260721681	2436.1931889318
0	5008	415636.270221043405	2170.5242585856
0	5019	416682.658464834121	2409.8564334679
0	5026	417065.393955912469	1986.7246951908
0	5035	417931.841150298743	1953.6685403902
0	5044	418433.038526214686	1700.3912734799
0	5053	419330.871277721626	1841.3585204165
0	5064	420759.70051763582	2444.4779997692
0	5071	421095.593010261682	2011.3430666272
0	5082	422074.470965936807	2188.2859721314
0	5089	422588.849140377742	1827.5865222327
0	5098	423236.170644778785	1627.8120093048
0	5107	423950.415132986407	1649.5071221609
0	5118	425226.278962427776	2196.6965917032
0	5127	426041.028936579849	2259.9217272364
0	5134	426650.703658908631	2101.7026826274
0	5145	427616.552462568532	2312.1131999418
0	5156	428575.463241711285	2457.1087037679
0	5165	429372.627125820171	2423.17029275
0	5172	430189.632922271293	2496.5766156558
0	5183	431083.239894825992	2507.7766531147
0	5192	431619.546300452229	2246.9191746321
0	5201	432345.191243570324	2153.5938274115
0	5210	433041.189690213677	1957.9497953877
0	5219	433722.888504294705	2103.3422038425
0	5226	434219.926493754637	1874.7352501843
0	5233	434878.206072980565	1837.0163827669
0	5242	435695.542774815138	1972.6542705204
0	5255	436577.690642327097	2055.9453109279
0	5262	437404.276115493876	2177.9111157171
0	5271	438184.502604603794	2181.4452985302
0	5278	438526.291085081202	1948.6004427541
0	5287	439227.320128446472	1783.3810590673
0	5296	439931.641814019558	1741.9865598902
0	5309	440804.972999962075	2097.8603029624
0	5318	441693.29086197543	2165.4649922624
0	5327	442234.720295341714	2217.2410683241
0	5332	442691.307127894862	1886.3341279328
0	5341	443492.097979690908	1798.8071177155
0	5350	444410.518980212538	2175.7986848708
0	5363	445290.458700852498	2163.1061970256
0	5368	445681.736149219825	1764.82369476
0	5377	446147.508479934215	1581.456061732
0	5390	447195.176172768727	1904.7174719162
0	5399	447613.784188265011	1862.134505203
0	5406	448103.96533026363	1533.2819856238
0	5417	448869.203641824454	1674.0274690557
0	5426	449411.594004230604	1797.8098159656
0	5431	449776.468152646006	1643.7219412532
0	5444	450716.216059215397	1847.0124173909
0	5449	451073.198021343008	1661.6040171124
0	5458	451955.310782371119	2008.2247714978
0	5469	453067.836365662545	2351.6203064471
0	5476	453684.808803303197	2156.1321674846
0	5489	454919.711099658192	2523.8334871363
0	5496	455459.571184404225	2216.6011154652
0	5503	455898.505253624202	1780.8614992071
0	5516	456407.525641378046	1487.8145417199
0	5525	457289.020848786489	1782.1997060906
0	5530	457728.159914072634	1783.3283660933
0	5539	458398.717245413021	1991.191604035
0	5548	459207.743236888231	1918.7223881017
0	5561	460401.76250464286	2502.7301120572
0	5570	461200.450450368256	2404.5331357978
0	5577	461980.068603297726	2341.734070424
0	5584	462512.789931893379	2111.0274272505
0	5597	463632.259342772918	2431.8088924047
0	5602	464091.598269576239	2070.4238658305
0	5611	464980.511625157701	2226.0887971614
0	5620	465616.573658399316	1984.3143156264
0	5633	466749.266531271891	2235.3641632944
0	5640	467595.817227987604	2435.2120479103
0	5651	468352.134914277153	2313.2673129905
0	5660	469121.67923776436	2372.4127064925
0	5665	469471.481463639097	1873.1639906298
0	5676	470363.662322424384	2011.5274081472
0	5683	470932.897373428599	1811.2181356642
0	5692	471838.620563317122	2078.2055569813
0	5701	472564.558771625192	2040.0979060214
0	5710	473291.149917477773	1911.2014363054
0	5719	474191.35993863459	2147.1811119933
0	5728	474856.483508180858	1917.3995301593
0	5737	475525.36723567176	1731.2535303645
0	5750	476863.752860482813	2272.8978828527
0	5757	477354.470499884368	2070.709089702
0	5766	478183.586215786667	2189.7536767647
0	5775	478844.181966455684	1980.4291059729
0	5784	479825.74199885133	2274.7454757337
0	5791	480526.604855200307	2177.9045437463
0	5800	481366.451130202071	2129.9454679247
0	5809	482153.287852043317	2094.1157363355
0	5822	483053.548334073306	2300.3096011933
0	5831	483937.981054745645	2293.7164091505
0	5840	484803.335585491762	2403.1695426442
0	5849	485528.175226086781	2474.6268920135
0	5854	485941.86920626092	2003.8881515153
0	5863	487134.952147258477	2331.6165617667
0	5872	487590.342391468616	2062.1671653818
0	5881	488285.86359084587	1899.7369172517
0	5890	489568.745326017992	2343.4879688546
0	5903	490488.395467260884	2531.6028834321
0	5908	490806.089225504579	1968.7717895955
0	5917	491816.857405565711	2211.2017043866
0	5930	492902.305122278663	2413.9096550178
0	5937	493515.817332733455	2149.1543107666
0	5944	493975.418089656192	1843.7898297329
0	5953	495057.467924477565	2155.1628021989
0	5964	496001.602580258656	2202.8063034173
0	5973	496623.076432105187	1940.569682233
0	5982	497320.606570551205	1914.3558191601
0	5991	497966.755696618963	1774.6305178385
0	6000	498644.084402639452	1885.1845406927
0	6009	499539.056063164058	2088.1382059772
0	6018	500208.687582286108	2187.9656536505
0	6025	500823.551727505434	1989.3728133291
0	6038	501562.265620753202	1921.9523554668
0	6045	502281.515636108849	1773.9841206931
0	6054	503114.30658437315	1990.5706588179
0	6065	503997.270189877633	2435.0045691244
0	6070	504342.751983460072	1905.7744001504
0	6079	505253.686944209073	2028.1147888396
0	6092	506164.555014995891	2167.2848251183
0	6097	506672.53444916572	1985.1664270274
0	6106	507197.707450529593	1806.7277091555
0	6117	507688.7390547898	1524.1840397939
0	6126	508281.380127836052	1401.0558065493
0	6133	508856.216371525112	1584.8461874295
0	6144	509398.191816872019	1630.0147821195
0	6153	510436.120191402767	2092.1742348466
0	6162	511239.885014668141	2300.2938890364
0	6169	511782.491728803177	2058.3795031998
0	6180	512682.664428977329	2192.2600886319
0	6187	513384.179966943372	2074.8267331626
0	6198	514285.263515543226	2134.3176548369
0	6207	515003.807892557267	2247.778232675
0	6214	515383.634132752228	1861.2256404944
0	6227	516289.85323053788	1920.4091954045
0	6232	516676.691166730631	1610.0291782524
0	6243	517510.770300775799	1902.8247004375
0	6250	518063.620172767002	1773.7669422291
0	6259	518873.569587618146	2045.0524614193
0	6268	519810.585453221608	2097.6310052443
0	6277	520488.348537543822	1908.6245989893
0	6288	521398.724222369526	1956.744567398
0	6295	521870.566861750592	1785.0530671421
0	6306	522758.63633542325	2066.8293247931
0	6315	523396.601094491813	1937.2270477004
0	6326	524286.662486242164	2305.3933632094
0	6335	525001.118770474602	2219.452256849
0	6340	525521.254971809719	1886.621948937
0	6349	526392.476958129589	2105.8144718874
0	6360	527163.964103674549	2162.8453331999
0	6369	528249.163177236948	2389.4019171596
0	6378	528855.318928370285	2273.799215164
0	6387	529447.499802382696	2024.2903588805
0	6394	529992.416314221952	1707.7866761014
0	6405	530909.672050550613	1913.3994305972
0	6414	531779.520981526035	2172.580136871
0	6423	532607.433959841761	2214.2265628092
0	6430	533640.582463145289	2393.4785130434
0	6441	534420.194618683342	2302.4768081959
0	6448	534729.033016366918	1741.5200476069
0	6459	535979.813364660401	2183.7578424253
0	6466	536288.169436343048	1651.5657441225
0	6477	537642.142225708847	2238.8594588265
0	6484	538185.273910593276	2087.3032435309
0	6497	539343.240854283829	2371.8532692175
0	6506	540130.636872723733	2274.7076205444
0	6515	540964.248798927327	2495.9364529699
0	6522	541640.853621298482	2297.6127670147
0	6531	542282.399315480178	2151.7624427564
0	6538	542625.539682665875	1661.2908837385
0	6549	544138.270578207484	2386.0458474141
0	6560	544835.15168675225	2257.4440035503
0	6565	545228.939450020006	1824.2488747928
0	6574	545832.937121344765	1690.6777140219
0	6585	546801.961514214089	1966.8098274618
0	6594	547602.359365252813	1954.5300604776
0	6601	547930.048127844965	1537.6668078359
0	6614	549549.597631813993	2479.3186739087
0	6621	550232.711626449635	2391.8296179269
0	6630	551034.490748774295	2375.3776528873
0	6641	552109.268722962623	2559.6710911486
0	6648	552750.350203737652	2404.5098782517
0	6655	553408.659565122834	2172.896321537
0	6664	554036.457450455089	1927.1887274925
0	6673	554643.341579055449	1658.8677195366
0	6682	555480.668413639104	1684.799172543
0	6693	556672.620299225708	2392.2198367305
0	6704	557456.169910775533	2334.2384396587
0	6711	557829.828372504598	1816.4605313446
0	6718	558768.686100281811	1924.0903487429
0	6731	559694.706896413153	2238.5369856376
0	6736	560003.800644166803	1695.6320512109
0	6745	560661.172146443313	1527.2386947647
0	6756	562150.933636771551	2456.2267403584
0	6763	562658.827634900845	2088.2739246357
0	6774	563318.014222662933	1857.6894706115
0	6781	564033.57280665081	1782.4428572785
0	6794	564829.770099883935	1865.3419864364
0	6801	565324.460206786207	1857.5034666806
0	6808	565896.027808450199	1606.0885928571
0	6821	567251.563662802837	2421.7935629189
0	6826	567567.627809057049	2044.3936077878
0	6835	568388.647358631752	2016.1198582035
0	6848	569209.901672462038	1958.3380096592
0	6857	570080.295725259967	2100.9994022548
0	6864	570613.490218296684	1957.5868054759
0	6871	571126.448505045883	1916.5468325838
0	6884	571902.350839320607	1822.0551140606
0	6893	572786.777805397324	2010.4033028707
0	6898	573271.60537918102	1964.4875285681
0	6907	573867.39565269094	1965.0448133703
0	6916	574720.4677912407	1933.6899858434
0	6929	575756.229810649567	2288.0470362492
0	6936	576154.624318610915	1887.1919251978
0	6943	577221.103999251537	2323.85690175
0	6952	577889.722079644017	2133.4922689945
0	6965	578973.616352258288	2358.5314928088
0	6974	579831.750370049887	2318.5595550109
0	6979	580634.640510426872	2406.533404626
0	6988	581278.264660807365	2304.6483085491
0	6997	581895.435571577438	2063.6852015276
0	7008	582741.955829551481	2013.5308537167
0	7015	583044.235517783128	1446.3961401489
0	7024	584111.393161118068	2032.6650195289
0	7035	584706.574304960706	1752.5073582307
0	7044	585472.748035099395	1868.3002897538
0	7053	586456.388928042762	2170.2078984585
0	7060	587201.610613754056	2218.2867217809
0	7069	587941.69012326751	2126.2792962603
0	7082	588917.069876566567	2440.1643244084
0	7089	589623.366218805351	2268.3804927394
0	7096	590213.27702407729	2101.1975994799
0	7107	590891.37940853838	1974.3095319718
0	7114	591545.859954552763	1785.5203842279
0	7127	592517.642026115247	2031.7194812
0	7134	593193.442147504576	2188.5478648357
0	7143	593891.884018387684	2221.5624286328
0	7150	594506.912708608472	1989.2706824932
0	7159	595432.553777843752	2115.3135920875
0	7168	596321.010121190959	2163.4043006692
0	7179	597477.603307832071	2430.5349481758
0	7188	598315.206756955052	2389.892467903
0	7197	598975.601629028136	2335.2315606549
0	7206	599803.371908515731	2288.6376430281
0	7217	600486.146259494165	2140.1344032492
0	7226	601317.456803144926	2219.8385766707
0	7235	602111.883412767241	2294.4514996838
0	7240	602598.458527168298	2112.3122676741
0	7253	603328.948930883819	2011.4921277389
0	7260	604009.767550136933	1897.8841373697
0	7267	604320.562278991604	1553.2340121455
1	3127	260603.088338021206	346
1	3140	261554.077830165642	347
1	3147	262324.173157056811	348
1	3154	262873.334329901281	349
1	3165	263608.271271362918	350
1	3176	264309.774666884931	351
1	3183	265104.577207239362	352
1	3190	265474.315523682179	353
1	3203	266540.758071234467	354
1	3208	267022.855521133187	355
1	3221	267992.29929638097	356
1	3230	268815.075703337807	357
1	3235	269467.667841492239	358
1	3246	270348.398371646199	359
1	3255	270944.885742058996	360
1	3266	271823.505344660971	361
1	3275	272713.047647103686	362
1	3284	273443.400327069704	363
1	3289	273748.614357272182	364
1	3298	274252.292518364285	365
1	3311	275483.152240561341	366
1	3318	275923.981338366886	367
1	3327	276755.322590796297	368
1	3338	277655.303140450289	369
1	3345	278239.098427724113	370
1	3352	278901.218040799742	371
1	3361	279603.222072450464	372
1	3370	280335.039729578441	373
1	3383	281231.489587482085	374
1	3392	282039.82484866867	375
1	3401	282938.551969639977	376
1	3406	283529.84618274497	377
1	3415	284089.556245459264	378
1	3426	285013.164068944773	379
1	3433	285447.474879445529	380
1	3442	286053.522802703103	381
1	3453	287207.780944230056	382
1	3462	288028.163133887595	383
1	3473	288887.878452753669	384
1	3480	289289.519105153179	385
1	3487	289724.087824439651	386
1	3498	291295.99300925622	387
1	3509	292050.502568716204	388
1	3516	292741.028879815733	389
1	3523	293264.378321589923	390
1	3532	293841.930484632051	391
1	3541	294417.056878516472	392
1	3550	295475.939631694949	393
1	3563	296376.698866020909	394
1	3568	296723.305804096183	395
1	3577	297562.162278452909	396
1	3590	298387.604745849988	397
1	3599	298917.704781750238	398
1	3604	299477.174137020505	399
1	3617	300491.331326449311	400
1	3626	300999.558144249043	401
1	3631	301332.357703009641	402
1	3640	302237.196843093282	403
1	3649	303298.904148442692	404
1	3662	303986.51461210104	405
1	3671	304790.178155433408	406
1	3676	305092.328978609315	407
1	3687	306197.460420476294	408
1	3698	306905.022405087969	409
1	3703	307296.012594457737	410
1	3714	308184.369653603083	411
1	3721	308800.500996038339	412
1	3734	309755.803201580442	413
1	3743	310645.610024034999	414
1	3752	311426.560645876474	415
1	3759	312204.205835284687	416
1	3766	312651.401985995494	417
1	3779	313642.706022318475	418
1	3784	314339.610027568437	419
1	3795	315110.156215773918	420
1	3806	316183.795649511762	421
1	3815	316997.358776489295	422
1	3820	317348.33048922012	423
1	3831	318179.59457044492	424
1	3838	318844.992239819863	425
1	3847	319593.201727978908	426
1	3858	320723.462257627421	427
1	3869	321792.849631514423	428
1	3874	322270.285779470601	429
1	3883	323078.462919686013	430
1	3892	323908.85281688536	431
1	3905	324769.554350897693	432
1	3910	325134.294949052879	433
1	3921	326008.964363392466	434
1	3932	326655.66314812752	435
1	3939	327312.111891573319	436
1	3946	327848.745079943934	437
1	3957	328782.131401821995	438
1	3966	329650.463309744397	439
1	3973	330057.516982778931	440
1	3986	330980.195360211679	441
1	3993	331637.416599411541	442
1	4000	332128.932301886403	443
1	4009	333061.409693397605	444
1	4022	333881.755596678728	445
1	4027	334497.372359829048	446
1	4036	335147.941054031277	447
1	4047	336133.125263219723	448
1	4058	337001.564645580971	449
1	4065	337503.540323535004	450
1	4072	338048.650302831107	451
1	4081	338899.490960547725	452
1	4092	339995.698252832542	453
1	4103	340885.134719638179	454
1	4108	341391.783034801508	455
1	4117	341793.348068604271	456
1	4130	342924.56176844428	457
1	4137	343475.457370234678	458
1	4144	344197.242911579112	459
1	4155	344908.838204434166	460
1	4162	345531.15141182209	461
1	4171	346254.030116368109	462
1	4184	347150.731410272443	463
1	4193	347939.589337958047	464
1	4202	348824.819683749253	465
1	4209	349396.909311180959	466
1	4216	349744.272902375112	467
1	4225	350850.48469039614	468
1	4236	351636.094665108272	469
1	4247	352393.609438044975	470
1	4252	352697.243811283285	471
1	4265	353696.335124596979	472
1	4272	354497.286588465821	473
1	4279	354940.206895954932	474
1	4292	356079.792514164026	475
1	4297	356551.614597206961	476
1	4306	357466.168452193986	477
1	4315	357864.86984621736	478
1	4324	358791.846731398281	479
1	4335	359244.942489126723	480
1	4344	360167.464501038221	481
1	4355	360942.437290493426	482
1	4360	361303.600545180989	483
1	4373	362194.062538817552	484
1	4382	362860.215321835158	485
1	4387	363373.598671518294	486
1	4400	364082.321971748052	487
1	4407	364718.26893459077	488
1	4414	365467.73240980695	489
1	4425	366151.601041434361	490
1	4432	366950.309668667643	491
1	4441	367415.19229877743	492
1	4454	368311.426544375746	493
1	4459	368706.531170010595	494
1	4472	369728.083316562726	495
1	4481	370545.130126923351	496
1	4486	370895.436904532863	497
1	4497	371971.145097306026	498
1	4508	372928.271336294739	499
1	4513	373615.691640134929	500
1	4526	374604.768910584999	501
1	4535	375427.579543227358	502
1	4542	376242.451254185317	503
1	4551	377072.863208642258	504
1	4558	377751.004983997001	505
1	4569	378505.815770337386	506
1	4580	379435.558533808244	507
1	4587	380035.705476114554	508
1	4596	380793.968361709294	509
1	4603	381136.726844776449	510
1	4616	382393.962501268861	511
1	4625	383227.728933608187	512
1	4630	383839.653594838483	513
1	4643	384804.467549594146	514
1	4648	385174.179526185644	515
1	4657	385736.448601400506	516
1	4670	386516.810658294735	517
1	4679	387269.637544686002	518
1	4688	388036.713510984582	519
1	4695	388826.464945077923	520
1	4706	389750.858009560061	521
1	4715	390609.296440053759	522
1	4720	391084.662712644813	523
1	4731	391901.233566971524	524
1	4740	392650.118904747097	525
1	4747	393250.769153097673	526
1	4756	393616.867026407299	527
1	4767	394936.811718111886	528
1	4778	395661.546372715412	529
1	4785	396349.841914605378	530
1	4794	397085.036232322483	531
1	4803	397688.120670290692	532
1	4814	398874.93174257691	533
1	4819	399421.440837672008	534
1	4828	399821.425145259154	535
1	4839	400946.729480708045	536
1	4846	401448.301612492678	537
1	4859	402496.110530197648	538
1	4866	403166.724942438332	539
1	4873	403489.792601019172	540
1	4882	404006.277571572019	541
1	4891	404998.447045404492	542
1	4904	406049.036807287512	543
1	4913	406897.379970923094	544
1	4922	407743.052653642399	545
1	4927	408107.356124930111	546
1	4940	409215.66505981612	547
1	4945	409739.336319174645	548
1	4954	410222.225141571863	549
1	4963	411394.472399354009	550
1	4972	412459.791788086323	551
1	4985	413465.745962457759	552
1	4994	414272.802031366182	553
1	5003	415078.669260721681	554
1	5008	415636.270221043405	555
1	5019	416682.658464834121	556
1	5026	417065.393955912469	557
1	5035	417931.841150298743	558
1	5044	418433.038526214686	559
1	5053	419330.871277721626	560
1	5064	420759.70051763582	561
1	5071	421095.593010261682	562
1	5082	422074.470965936807	563
1	5089	422588.849140377742	564
1	5098	423236.170644778785	565
1	5107	423950.415132986407	566
1	5118	425226.278962427776	567
1	5127	426041.028936579849	568
1	5134	426650.703658908631	569
1	5145	427616.552462568532	570
1	5156	428575.463241711285	571
1	5165	429372.627125820171	572
1	5172	430189.632922271293	573
1	5183	431083.239894825992	574
1	5192	431619.546300452229	575
1	5201	432345.191243570324	576
1	5210	433041.189690213677	577
1	5219	433722.888504294705	578
1	5226	434219.926493754637	579
1	5233	434878.206072980565	580
1	5242	435695.542774815138	581
1	5255	436577.690642327097	582
1	5262	437404.276115493876	583
1	5271	438184.502604603794	584
1	5278	438526.291085081202	585
1	5287	439227.320128446472	586
1	5296	439931.641814019558	587
1	5309	440804.972999962075	588
1	5318	441693.29086197543	589
1	5327	442234.720295341714	590
1	5332	442691.307127894862	591
1	5341	443492.097979690908	592
1	5350	444410.518980212538	593
1	5363	445290.458700852498	594
1	5368	445681.736149219825	595
1	5377	446147.508479934215	596
1	5390	447195.176172768727	597
1	5399	447613.784188265011	598
1	5406	448103.96533026363	599
1	5417	448869.203641824454	600
1	5426	449411.594004230604	601
1	5431	449776.468152646006	602
1	5444	450716.216059215397	603
1	5449	451073.198021343008	604
1	5458	451955.310782371119	605
1	5469	453067.836365662545	606
1	5476	453684.808803303197	607
1	5489	454919.711099658192	608
1	5496	455459.571184404225	609
1	5503	455898.505253624202	610
1	5516	456407.525641378046	611
1	5525	457289.020848786489	612
1	5530	457728.159914072634	613
1	5539	458398.717245413021	614
1	5548	459207.743236888231	615
1	5561	460401.76250464286	616
1	5570	461200.450450368256	617
1	5577	461980.068603297726	618
1	5584	462512.789931893379	619
1	5597	463632.259342772918	620
1	5602	464091.598269576239	621
1	5611	464980.511625157701	622
1	5620	465616.573658399316	623
1	5633	466749.266531271891	624
1	5640	467595.817227987604	625
1	5651	468352.134914277153	626
1	5660	469121.67923776436	627
1	5665	469471.481463639097	628
1	5676	470363.662322424384	629
1	5683	470932.897373428599	630
1	5692	471838.620563317122	631
1	5701	472564.558771625192	632
1	5710	473291.149917477773	633
1	5719	474191.35993863459	634
1	5728	474856.483508180858	635
1	5737	475525.36723567176	636
1	5750	476863.752860482813	637
1	5757	477354.470499884368	638
1	5766	478183.586215786667	639
1	5775	478844.181966455684	640
1	5784	479825.74199885133	641
1	5791	480526.604855200307	642
1	5800	481366.451130202071	643
1	5809	482153.287852043317	644
1	5822	483053.548334073306	645
1	5831	483937.981054745645	646
1	5840	484803.335585491762	647
1	5849	485528.175226086781	648
1	5854	485941.86920626092	649
1	5863	487134.952147258477	650
1	5872	487590.342391468616	651
1	5881	488285.86359084587	652
1	5890	489568.745326017992	653
1	5903	490488.395467260884	654
1	5908	490806.089225504579	655
1	5917	491816.857405565711	656
1	5930	492902.305122278663	657
1	5937	493515.817332733455	658
1	5944	493975.418089656192	659
1	5953	495057.467924477565	660
1	5964	496001.602580258656	661
1	5973	496623.076432105187	662
1	5982	497320.606570551205	663
1	5991	497966.755696618963	664
1	6000	498644.084402639452	665
1	6009	499539.056063164058	666
1	6018	500208.687582286108	667
1	6025	500823.551727505434	668
1	6038	501562.265620753202	669
1	6045	502281.515636108849	670
1	6054	503114.30658437315	671
1	6065	503997.270189877633	672
1	6070	504342.751983460072	673
1	6079	505253.686944209073	674
1	6092	506164.555014995891	675
1	6097	506672.53444916572	676
1	6106	507197.707450529593	677
1	6117	507688.7390547898	678
1	6126	508281.380127836052	679
1	6133	508856.216371525112	680
1	6144	509398.191816872019	681
1	6153	510436.120191402767	682
1	6162	511239.885014668141	683
1	6169	511782.491728803177	684
1	6180	512682.664428977329	685
1	6187	513384.179966943372	686
1	6198	514285.263515543226	687
1	6207	515003.807892557267	688
1	6214	515383.634132752228	689
1	6227	516289.85323053788	690
1	6232	516676.691166730631	691
1	6243	517510.770300775799	692
1	6250	518063.620172767002	693
1	6259	518873.569587618146	694
1	6268	519810.585453221608	695
1	6277	520488.348537543822	696
1	6288	521398.724222369526	697
1	6295	521870.566861750592	698
1	6306	522758.63633542325	699
1	6315	523396.601094491813	700
1	6326	524286.662486242164	701
1	6335	525001.118770474602	702
1	6340	525521.254971809719	703
1	6349	526392.476958129589	704
1	6360	527163.964103674549	705
1	6369	528249.163177236948	706
1	6378	528855.318928370285	707
1	6387	529447.499802382696	708
1	6394	529992.416314221952	709
1	6405	530909.672050550613	710
1	6414	531779.520981526035	711
1	6423	532607.433959841761	712
1	6430	533640.582463145289	713
1	6441	534420.194618683342	714
1	6448	534729.033016366918	715
1	6459	535979.813364660401	716
1	6466	536288.169436343048	717
1	6477	537642.142225708847	718
1	6484	538185.273910593276	719
1	6497	539343.240854283829	720
1	6506	540130.636872723733	721
1	6515	540964.248798927327	722
1	6522	541640.853621298482	723
1	6531	542282.399315480178	724
1	6538	542625.539682665875	725
1	6549	544138.270578207484	726
1	6560	544835.15168675225	727
1	6565	545228.939450020006	728
1	6574	545832.937121344765	729
1	6585	546801.961514214089	730
1	6594	547602.359365252813	731
1	6601	547930.048127844965	732
1	6614	549549.597631813993	733
1	6621	550232.711626449635	734
1	6630	551034.490748774295	735
1	6641	552109.268722962623	736
1	6648	552750.350203737652	737
1	6655	553408.659565122834	738
1	6664	554036.457450455089	739
1	6673	554643.341579055449	740
1	6682	555480.668413639104	741
1	6693	556672.620299225708	742
1	6704	557456.169910775533	743
1	6711	557829.828372504598	744
1	6718	558768.686100281811	745
1	6731	559694.706896413153	746
1	6736	560003.800644166803	747
1	6745	560661.172146443313	748
1	6756	562150.933636771551	749
1	6763	562658.827634900845	750
1	6774	563318.014222662933	751
1	6781	564033.57280665081	752
1	6794	564829.770099883935	753
1	6801	565324.460206786207	754
1	6808	565896.027808450199	755
1	6821	567251.563662802837	756
1	6826	567567.627809057049	757
1	6835	568388.647358631752	758
1	6848	569209.901672462038	759
1	6857	570080.295725259967	760
1	6864	570613.490218296684	761
1	6871	571126.448505045883	762
1	6884	571902.350839320607	763
1	6893	572786.777805397324	764
1	6898	573271.60537918102	765
1	6907	573867.39565269094	766
1	6916	574720.4677912407	767
1	6929	575756.229810649567	768
1	6936	576154.624318610915	769
1	6943	577221.103999251537	770
1	6952	577889.722079644017	771
1	6965	578973.616352258288	772
1	6974	579831.750370049887	773
1	6979	580634.640510426872	774
1	6988	581278.264660807365	775
1	6997	581895.435571577438	776
1	7008	582741.955829551481	777
1	7015	583044.235517783128	778
1	7024	584111.393161118068	779
1	7035	584706.574304960706	780
1	7044	585472.748035099395	781
1	7053	586456.388928042762	782
1	7060	587201.610613754056	783
1	7069	587941.69012326751	784
1	7082	588917.069876566567	785
1	7089	589623.366218805351	786
1	7096	590213.27702407729	787
1	7107	590891.37940853838	788
1	7114	591545.859954552763	789
1	7127	592517.642026115247	790
1	7134	593193.442147504576	791
1	7143	593891.884018387684	792
1	7150	594506.912708608472	793
1	7159	595432.553777843752	794
1	7168	596321.010121190959	795
1	7179	597477.603307832071	796
1	7188	598315.206756955052	797
1	7197	598975.601629028136	798
1	7206	599803.371908515731	799
1	7217	600486.146259494165	800
1	7226	601317.456803144926	801
1	7235	602111.883412767241	802
1	7240	602598.458527168298	803
1	7253	603328.948930883819	804
1	7260	604009.767550136933	805
1	7267	604320.562278991604	806

