version 2
run Pipelined_3Teachers-47-20190105-10:57:28-20568
attr configname Pipelined_3Teachers
attr datetime 20190105-10:57:28
attr experiment Pipelined_3Teachers
attr inifile ../simulations/omnetpp.ini
attr iterationvars "$0=\"uniform\""
attr iterationvarsf uniform-
attr measurement "$0=\"uniform\""
attr network PipelinedExamSession
attr processid 20568
attr repetition 47
attr replication #47
attr resultdir results
attr runnumber 47
attr seedset 47
param **.teachersNumber 3
param **.answerTimeDistribution "\"uniform\""
param **.minUniform 300
param **.maxUniform 900
param **.scaleLognormal 6.2854
param **.shapeLognormal 0.4724

vector 0 PipelinedExamSession examinationTime:vector ETV
attr source examFinished
vector 1 PipelinedExamSession studentID:vector ETV
attr source student
0	3131	260484.339669859063	1930.0985183101
0	3136	261003.166234446716	1637.3691001441
0	3149	262029.159870743778	2029.2026197538
0	3156	262764.346958929699	2280.0072890706
0	3163	263166.618020134074	1948.4767617658
0	3172	263759.389745118124	1730.2298743743
0	3181	264487.372764665661	1626.2116389815
0	3190	265182.024515233961	1580.5362608749
0	3199	265622.064238227931	1494.2206889391
0	3212	266723.853653669384	1960.6589737348
0	3221	267547.00031415562	2171.5822138824
0	3230	268079.893485736128	1820.1052689459
0	3235	268436.807182291549	1712.9535286222
0	3248	269517.045978549894	1970.0456643943
0	3255	270305.681201722499	2225.7877159864
0	3262	270810.996339703005	2046.4500234928
0	3273	271632.238443475243	2115.1924649253
0	3280	272256.682045664665	1901.5052310191
0	3293	273295.36942527632	2202.4108421523
0	3300	273724.065029667716	1903.877793951
0	3311	274568.378761131342	2030.8444764465
0	3316	274989.077848847981	1693.7084235717
0	3327	275806.921147881101	2024.3312604725
0	3334	276249.552735965725	1681.1739748344
0	3345	276751.213935250442	1321.5226622298
0	3356	277649.700222071286	1742.247443134
0	3363	278150.542485807117	1793.4733974282
0	3372	279202.41131521764	2395.0832015835
0	3381	280074.182985490214	2424.4827634189
0	3390	280671.219035843413	2198.5120644327
0	3401	281843.825563648742	2494.2667657044
0	3408	282646.195525908869	2476.0480224621
0	3419	283484.103829320547	2538.6762734503
0	3424	283853.026682557565	2009.2011189088
0	3433	284582.379920035628	1879.111338174
0	3442	285418.18235912363	1934.0785298031
0	3453	286420.741104288054	2347.7714111097
0	3464	287073.395780799938	2211.5896388423
0	3469	287706.235442357165	2034.6205422655
0	3482	288453.323002858116	1957.5052077882
0	3487	289215.296407369925	2141.90062657
0	3496	289589.331526402412	1771.5087263379
0	3509	290866.561050340563	2413.2380474824
0	3514	291312.198345316604	1964.8924815003
0	3525	292214.070015493811	2021.2618677411
0	3532	292795.574785815583	1929.013735475
0	3545	293835.314139258146	2211.2428462598
0	3550	294405.717418296292	1901.8956180196
0	3559	295028.810611786351	2042.0275061857
0	3572	296158.459828421503	2323.1456891634
0	3577	296748.484804714128	2048.6702512018
0	3588	297416.096712788596	1974.7575180139
0	3595	297802.444475842669	1643.9846474212
0	3606	298573.334064614058	1603.9521052502
0	3613	298907.952743908421	1301.3655774761
0	3626	300155.609644856334	2015.3264891356
0	3631	300812.609812896729	2161.8861485738
0	3644	301607.272718567432	2326.9196354784
0	3653	302423.307225108178	2267.6975802518
0	3662	303310.416320432009	2349.0224089008
0	3667	304050.494481157543	2443.2217625901
0	3676	304516.870203707399	2093.5629785992
0	3685	305027.407362777771	1716.9910423458
0	3696	306139.828366320612	1981.879576575
0	3703	306839.832346374201	2146.9432905782
0	3712	307447.837731521608	2004.0590173099
0	3723	308208.505781600283	1893.6962052248
0	3734	309005.127224558996	1993.9672980923
0	3739	309586.536465073036	1818.1611946318
0	3748	310201.8699854147	1651.615387341
0	3759	311457.68583524044	2452.5586106814
0	3766	311863.291474431784	1963.9697211329
0	3779	312545.952972723203	1784.1052543838
0	3784	312952.636067848685	1349.6166025288
0	3793	313771.323613403397	1664.6258327644
0	3806	314767.020290996911	2221.0673182737
0	3815	315534.820230910586	2361.209472036
0	3820	316113.347513414951	2066.1912285257
0	3831	316998.646095441686	2231.6258044448
0	3840	317823.185416962983	2288.3651860524
0	3849	318501.810978446187	2124.5666528586
0	3856	319028.469832940058	1896.0505299736
0	3869	320388.655594456972	2440.8660833258
0	3876	320969.735346268894	2246.3778847363
0	3885	321868.013028893651	2364.301187871
0	3892	322314.395149145307	1925.7395546883
0	3905	323481.331820413501	2197.1490390133
0	3914	324240.55314520377	2149.8940040823
0	3923	324867.279680259556	2210.9119774774
0	3928	325231.510325800658	1750.1785053872
0	3941	326582.80113846998	2342.2479932662
0	3950	327281.2824470457	2414.0027667861
0	3957	327894.441899796979	2186.2390772905
0	3964	328387.06017304215	1804.2590345722
0	3977	329212.135812453956	1930.8533654083
0	3984	329968.106640782238	2019.5230500307
0	3993	330858.222543820769	2271.5422005393
0	4000	331789.427455281869	2577.2916428279
0	4013	332587.249142350659	2479.3716098182
0	4022	333141.519662831009	2197.0271281432
0	4027	333512.456965819032	1678.0175688677
0	4038	334259.789786394716	1672.5406440441
0	4049	334981.92716636698	1840.407503536
0	4056	335338.594344444603	1805.5693087634
0	4063	335980.178014794395	1620.6269393675
0	4072	336797.85116314891	1815.9239967819
0	4081	337600.909229088605	1821.4175198693
0	4090	338202.328904438793	1758.1450295169
0	4103	339543.070775968984	2225.8060097694
0	4108	339886.677492130578	2073.7834534608
0	4119	340814.709801692546	2122.4879234098
0	4128	341283.630552655116	1740.5597766861
0	4135	341972.129484359206	1889.1648885794
0	4146	342998.585789138482	2115.9760337323
0	4153	343579.030807921694	1947.3710041959
0	4164	344471.363602392406	2088.186385436
0	4175	345250.381480995596	2155.7455350179
0	4180	345602.570686116845	1961.8762926199
0	4191	346857.726229447902	2377.7458654717
0	4198	347196.901867585287	1946.5203865897
0	4211	348075.687458692149	2021.2776634377
0	4216	348462.656041374461	1594.6713087615
0	4227	349423.975753365115	1935.3357381653
0	4234	350198.370648594604	2122.6831899025
0	4243	350838.585550524325	1907.4141837191
0	4256	351768.075632164285	1967.8057185374
0	4263	352444.378679059476	2074.6037241071
0	4270	352762.393141770766	1577.3516879417
0	4281	353647.219593962685	1879.1439617984
0	4292	354362.925374507935	1739.6133586764
0	4299	354805.618076305867	1556.1087701004
0	4308	355402.380529046089	1652.9146519024
0	4315	356003.047361411185	1640.1219869032
0	4326	356773.611072404341	1962.700539222
0	4333	357320.694087026672	1883.0710348673
0	4342	358027.814484899894	1742.9612651467
0	4351	358933.006672142105	1850.5819239188
0	4360	359555.595995346116	1755.5052537471
0	4371	360599.968791659953	1968.1940353476
0	4382	361601.554781338231	2496.338018775
0	4389	362288.068972388314	2411.2787193619
0	4398	362850.456972699644	2102.1747062914
0	4407	364056.655254168467	2455.1004728302
0	4414	364510.823536478014	2085.7279084157
0	4423	365383.977303234891	2098.0464210268
0	4432	365805.602309899436	1638.2174366154
0	4445	367040.138173475894	2272.9342010804
0	4454	367915.908885234999	2342.3220760189
0	4463	368798.187777679446	2451.1715984903
0	4472	369521.7083806638	2481.5702071879
0	4481	370298.622414562884	2382.7135293279
0	4490	371033.412987878579	2235.2252101991
0	4497	371650.299153942648	2128.5907732788
0	4504	372324.064576858687	2025.4421622958
0	4513	372907.612461084533	1874.199473206
0	4524	373627.045048121395	1719.6156095713
0	4535	374583.928262768346	2094.5689088199
0	4540	374971.482137264717	1769.6707167663
0	4551	375804.109690245274	1988.5701385327
0	4560	376867.789349192786	2283.8610864244
0	4569	377763.4153758176	2422.9841609951
0	4576	378209.737887326661	2012.4164404348
0	4585	379204.052786668796	2151.343845902
0	4594	380095.410441421006	2163.8907128479
0	4603	380795.177157456089	2056.4065219369
0	4612	381477.523048734326	1893.9879101235
0	4621	381926.615925645489	1592.9433080368
0	4634	383316.740943538058	2247.6764695253
0	4643	384064.725780906189	2520.1489542145
0	4648	384602.100368449498	2165.0484540034
0	4659	385423.143229633603	2106.4022860955
0	4666	386313.986427476663	2249.2606465705
0	4677	386889.77635544728	2053.4839808475
0	4686	387413.223007181692	1875.6910736673
0	4697	388426.39107028957	2043.0398770608
0	4702	388823.846101714331	1834.8425255623
0	4711	389130.306438775766	1556.6405533813
0	4720	389681.800636556032	1255.4095662665
0	4733	391005.080344621125	2133.3903707564
0	4738	391409.546300070393	1860.437708348
0	4747	392035.513840662348	1728.0637135729
0	4760	393093.090052250806	2088.0097076297
0	4767	393783.227148978073	2093.5043160338
0	4774	394434.970617340911	2084.4835497905
0	4787	395148.85119069371	2055.7611384429
0	4794	395707.179978350211	1723.4232720919
0	4801	396447.46350157078	1815.5383659527
0	4810	396995.403214870054	1846.5520241763
0	4819	397473.799609160084	1497.7677277755
0	4830	398169.283751584622	1640.5213275924
0	4837	398837.264254968646	1729.6971984208
0	4846	399313.483914127606	1712.7160275355
0	4859	400476.947697624597	2046.7328265309
0	4868	401275.198344374108	2327.8728246689
0	4873	401575.313815288278	1892.7930594888
0	4882	402210.096952272612	1733.149254648
0	4891	403017.123588686842	1741.9252443127
0	4900	403817.002144781906	2058.3372198511
0	4913	404451.856273692135	1794.3495199084
0	4922	405194.297197088633	1940.8511138521
0	4929	405929.101435421069	1993.4546103235
0	4936	406360.12886934917	1908.272595657
0	4945	406858.606371190432	1664.3091741018
0	4958	408179.229165148024	2187.6091732644
0	4963	408579.170933039893	1911.6847473197
0	4976	409765.786703350056	2465.7847321127
0	4981	410086.140254605595	1906.9110894576
0	4994	411513.212662423063	2595.2132012229
0	5003	412409.861004771698	2644.0743014216
0	5010	413050.204222463105	2385.0959953386
0	5021	413920.063471561331	2406.8508091383
0	5028	414325.173572357777	1915.3125675861
0	5037	414885.24897093888	1790.4078673571
0	5046	415699.926634971086	1779.8631634098
0	5057	416524.247891781885	2159.6034213435
0	5064	417312.326868390698	2192.8511798847
0	5075	417940.957802580703	2092.7500228398
0	5084	418579.999325796995	2055.7514340151
0	5091	419372.876857034895	2055.7698933408
0	5098	419907.821411965448	1966.8636093847
0	5107	420519.901893893291	1939.9025680963
0	5116	421108.093584934283	1669.6514461655
0	5125	422266.723056463558	2056.9575000554
0	5134	422780.923040444064	1794.2815577611
0	5145	423868.873724062029	2351.0400027037
0	5152	424411.357952049035	2067.6243868656
0	5161	425086.314148921553	1865.8686731011
0	5170	425960.371931176667	1870.6023375504
0	5179	426691.568456450511	2114.7574937437
0	5190	427482.447656057809	2023.3540092129
0	5197	428230.92663539577	1974.4902217761
0	5208	429351.275944802944	2351.469753636
0	5219	429852.398086711798	1969.1393667832
0	5224	430694.379706168581	2131.3998764846
0	5233	431313.360051903908	1949.7474682052
0	5246	432406.468894612078	2554.0708079003
0	5255	433155.437034415115	2413.026068313
0	5262	433849.739032611285	2238.8678869698
0	5271	434569.811362121288	2163.3424675092
0	5278	434944.403357338194	1788.9663229231
0	5291	435927.637746557627	2042.0616090763
0	5300	436781.499527022276	2183.5852023214
0	5309	437586.775238625739	2528.5373347811
0	5314	437982.716439385001	2055.0786928274
0	5325	438977.534679695998	2196.0351526737
0	5332	439519.869292946567	1933.0940543208
0	5343	440755.757582886178	2381.9087836426
0	5350	441239.14850293662	1997.7788088843
0	5359	442143.346532061729	2135.2777096443
0	5370	442822.476574033532	2052.1109259222
0	5381	443993.545733112876	2332.7619605698
0	5388	444394.783719861914	1986.9714268483
0	5395	445093.87822109278	1922.3608635832
0	5404	445846.903957659413	1853.3582245465
0	5417	447002.306542731856	2299.8210706282
0	5422	447354.699126910453	1788.9074543025
0	5431	448210.403625480865	1907.661341317
0	5440	448804.022010555525	1801.7154678237
0	5449	449802.852718764949	2117.4056107644
0	5458	450541.472499165718	2068.1395824999
0	5471	451669.800508813966	2387.7613948658
0	5476	452113.901601685245	1945.7039716188
0	5485	453041.981913149391	2091.9075261801
0	5496	453750.505696283687	2080.7051874697
0	5507	454733.910776115987	2174.7367559932
0	5514	455246.923408051986	1956.0107513331
0	5523	455978.5907687154	2033.2064213231
0	5530	456393.477351497892	1659.5665753819
0	5539	457189.646035479416	1563.8418571092
0	5548	458218.86758836921	2149.5450091548
0	5557	458793.693475658108	1995.1535557397
0	5566	459378.451114660164	1838.302535098
0	5575	459788.756121089716	1423.271847982
0	5588	460719.287299085444	1672.1922903322
0	5593	461108.620573254338	1587.7754614223
0	5598	461522.565792733839	1508.6446263827
0	5615	462764.224361674896	2044.9370625895
0	5622	463472.793742921239	1916.5319890715
0	5631	464083.010830683669	2042.3655125778
0	5640	464944.231767207419	2180.0074055325
0	5649	465528.842649422621	1865.8478844445
0	5660	466421.971072303166	2178.0139117967
0	5667	467072.485003620421	2120.0399454217
0	5674	467687.896031560411	2052.3491519038
0	5685	468559.121999284287	2137.1509269811
0	5692	469242.383413016831	1987.6329930034
0	5703	470303.032893547824	2311.0314607155
0	5712	470919.804205885192	2177.9520425946
0	5719	471479.423061199521	1880.4576235358
0	5730	472468.596582999488	2016.9329768512
0	5739	473114.564952487161	2161.655539507
0	5746	473517.515095090529	1815.3359769378
0	5759	474746.14945580255	2201.1545310728
0	5768	475581.222124071827	2368.4017884079
0	5777	476052.277652313968	1951.4950498939
0	5784	476433.684896584635	1687.5354407821
0	5791	477034.664607793128	1453.4424837213
0	5800	478139.776283595746	2087.4986312818
0	5809	478678.492437629064	1839.3146644346
0	5818	479526.789767062327	1811.392626632
0	5827	480070.646186778358	1710.8965014573
0	5838	481690.259647881649	2445.2811798546
0	5847	482568.667720863633	2518.6361117754
0	5854	482916.910892631896	2054.9162574112
0	5867	483763.364294730165	2044.7225956712
0	5872	484065.96107217487	1471.3127327152
0	5881	484882.653914764562	1687.3236182146
0	5892	485832.859249552751	2069.4949548226
0	5899	486710.087830619926	2142.8889159579
0	5912	487727.396526932754	2275.7246287074
0	5917	488085.313848964908	1966.618089471
0	5930	489286.810431210362	2322.5707241334
0	5937	489959.984967811071	2232.5884408783
0	5944	490840.600171778389	2346.3167738635
0	5955	491636.243036342823	2349.4326051325
0	5964	492103.864573873618	2052.8787586838
0	5971	492478.886368358546	1612.9655774217
0	5980	493180.656484002286	1471.2252492551
0	5989	494255.622990243176	1857.7966815792
0	5998	494806.884967396074	1915.7237147447
0	6009	495454.848983371668	1671.5980840847
0	6016	495783.265752112531	1262.0330906007
0	6029	497121.244208794125	2180.6871165521
0	6038	498013.480665721037	2389.1019151546
0	6047	498874.723157705777	2442.4468799494
0	6056	499563.138349168041	2441.8941403739
0	6061	499921.718509588429	1908.2378438674
0	6074	501207.121897302607	2332.3987395968
0	6079	501674.950872408265	2111.8125232402
0	6088	502510.936945024917	2097.4959273823
0	6097	503298.181834258179	2091.0599369556
0	6108	504118.40616739359	2143.4164765757
0	6115	504697.081483807455	1835.0481547415
0	6126	505687.902988772879	2077.0840924233
0	6137	506519.816109957213	2332.9217488412
0	6144	506906.541839567984	1855.9765821788
0	6151	507989.526223065371	2175.1240242273
0	6160	508538.845833577255	2019.02972362
0	6171	509337.974267173598	2009.9358368665
0	6178	510052.207911154294	1960.589068383
0	6191	510848.705365788231	1992.2202095389
0	6198	511579.797689756418	2042.3658734187
0	6209	512418.087342800612	2198.4319205862
0	6214	512723.293208889703	1874.5878431015
0	6223	513542.782968096474	1822.0077607781
0	6232	513896.233183192128	1478.1458403915
0	6245	514842.115589836652	1589.6529637277
0	6250	515377.841688366647	1726.5658437274
0	6259	516192.926054773892	2024.4847751688
0	6270	516948.502250388304	2106.3866605517
0	6277	517404.453102126757	1663.6140744668
0	6288	518672.286963835399	2183.4764707368
0	6295	519373.353107739279	2208.3157810383
0	6306	520095.792856346855	2110.1732610259
0	6313	520417.317670164669	1543.7628799584
0	6326	521562.03904710714	1919.6508871391
0	6333	522121.788112353573	1728.6697778385
0	6342	522999.719843873793	2189.3764596898
0	6351	523639.010015549177	2076.970968442
0	6358	523966.085463948587	1535.8415475581
0	6371	524795.904728444332	1589.4867377356
0	6378	525140.244460059369	1443.1682552677
0	6389	526116.79320288826	1921.8774704263
0	6396	526578.029682626987	1782.1249541827
0	6405	527296.17544314828	1927.5108757429
0	6416	528354.67120972466	2237.8780068364
0	6425	529159.69396638688	2216.1262687761
0	6434	530026.556193642359	2556.7663219292
0	6441	530403.921621618833	2049.2504118942
0	6448	531112.176555627998	1952.4825892411
0	6461	531977.153178770136	1950.5969851278
0	6468	532667.368912836578	1855.2995440084
0	6477	533293.203378561925	1982.567504514
0	6486	534320.317262085196	2343.1640833151
0	6495	535008.40670107868	2216.5461412165
0	6504	535907.595138251822	2312.1797518339
0	6511	536694.681382644962	2327.8616060503
0	6522	537399.627266172362	2229.4816211332
0	6529	538284.912725351793	2370.1859446708
0	6540	538946.417717635674	2163.8426756021
0	6549	539495.730104763104	1921.4274825063
0	6556	540401.705227419777	1952.0162281115
0	6565	540783.712005615277	1686.0266644042
0	6576	541910.747625259726	2012.0704874396
0	6583	542460.376718128143	1738.1628563628
0	6594	543293.629049370108	1924.9602246098
0	6605	544185.414958465887	2028.3678369597
0	6612	544926.998868864072	2157.6183331199
0	6621	545346.583788190079	1748.030880047
0	6632	546213.252716045869	2027.83775758
0	6637	546555.99878523503	1619.6534390096
0	6648	547707.712015975309	2087.8687439952
0	6659	548814.282122813208	2601.0294067673
0	6666	549287.855780683501	2211.8754507042
0	6673	549712.036677170588	1742.7434713114
0	6686	551063.213742664127	2248.9316198509
0	6691	551540.620889514728	2082.2917590849
0	6702	552549.354465119584	2193.8409260474
0	6709	553079.461933253376	2016.2481905892
0	6720	554164.104360854296	2289.9065364618
0	6731	555028.808837430595	2329.6605380718
0	6736	555420.456460258036	1838.4333623573
0	6745	555791.494122007906	1491.3759288378
0	6754	556945.257126074328	1916.4482886437
0	6763	557311.106169596358	1752.7631251607
0	6776	558359.796659136235	1992.8212082013
0	6781	558701.400530012368	1640.7133547589
0	6794	559998.705010302408	2475.688639842
0	6801	560401.807694044007	2042.0110349078
0	6810	560915.35461181779	1762.81385771
0	6821	561772.05487629403	1773.3498659916
0	6828	562534.187688119753	2088.3804154582
0	6835	562967.373734666078	1817.1876523644
0	6844	563544.498671684457	1772.4437953904
0	6855	564894.507677899717	2254.808657337
0	6862	565495.666384929835	1965.9001775086
0	6875	566402.216183580501	1987.8893226385
0	6882	566909.323260560675	1731.8227783777
0	6893	568026.147510577036	2220.2868189197
0	6898	568416.859422717286	2014.6432391368
0	6907	569395.721085090233	2148.3535713516
0	6916	569984.240014571739	1958.0925039947
0	6929	571352.89815226574	2519.7515354957
0	6934	571732.090161368293	2069.2828489468
0	6943	572576.877612993164	2079.0764590725
0	6952	573464.591573830737	2111.693421565
0	6963	574310.11063079354	2151.1811590288
0	6970	574723.974276473789	1687.3168090358
0	6983	575769.717146828813	2054.5853421092
0	6988	576084.490100294394	1689.3318798859
0	6999	576926.492862822531	1910.5187367182
0	7006	577525.004286831288	1755.2871400025
0	7015	578139.970514271451	1617.6664422266
0	7026	579494.196917675478	2472.3687238991
0	7037	580185.440554702697	2398.8490247168
0	7042	580625.729393307162	1969.7912185919
0	7053	581301.630554907067	1798.2586745638
0	7060	582138.035934045954	1952.5953793433
0	7069	582758.992655016525	1884.6877969801
0	7078	583317.944397172002	1790.9990104381
0	7089	584394.323729490905	2094.0102046821
0	7098	585060.245215706571	2078.0055823736
0	7107	585907.242335518866	2344.7569304612
0	7118	586555.411389051049	2108.6293890607
0	7123	586908.358035748868	1734.9580018781
0	7136	588047.556368401318	2078.8320283871
0	7143	588614.476446714296	2059.0650576632
0	7152	589492.360086506276	2088.7461273931
0	7159	589846.76229427573	1799.2059258744
0	7168	590656.032124673991	1772.101298254
0	7179	591211.015469860329	1553.8051480427
0	7186	591658.433839911638	1637.2129063122
0	7195	592813.539053918838	2046.1039180867
0	7204	593402.785339811861	1947.1693874337
0	7213	593930.956284608735	1691.2865919527
0	7222	594472.464948333843	1566.3170359097
0	7235	595730.073098838372	2240.706866188
0	7242	596296.382720489098	2045.4059085343
0	7253	596894.211577763824	1798.5423136968
0	7258	597426.214915746866	1696.1418169085
0	7267	597956.580249639271	1514.1665718053
0	7278	599112.174352956978	2217.9627751932
0	7285	599625.693799043117	2036.3113934174
0	7294	600415.257684420837	1946.5521003585
0	7307	601506.405602535277	2152.4998289533
0	7312	601843.239101534753	1950.9791911114
0	7325	602910.531761124774	2176.6072907019
0	7332	603577.488698624118	2071.0830960888
0	7343	604261.80441314359	2156.3741822261
0	7348	604709.965228149712	1799.4334670249
1	3131	260484.339669859063	346
1	3136	261003.166234446716	347
1	3149	262029.159870743778	348
1	3156	262764.346958929699	349
1	3163	263166.618020134074	350
1	3172	263759.389745118124	351
1	3181	264487.372764665661	352
1	3190	265182.024515233961	353
1	3199	265622.064238227931	354
1	3212	266723.853653669384	355
1	3221	267547.00031415562	356
1	3230	268079.893485736128	357
1	3235	268436.807182291549	358
1	3248	269517.045978549894	359
1	3255	270305.681201722499	360
1	3262	270810.996339703005	361
1	3273	271632.238443475243	362
1	3280	272256.682045664665	363
1	3293	273295.36942527632	364
1	3300	273724.065029667716	365
1	3311	274568.378761131342	366
1	3316	274989.077848847981	367
1	3327	275806.921147881101	368
1	3334	276249.552735965725	369
1	3345	276751.213935250442	370
1	3356	277649.700222071286	371
1	3363	278150.542485807117	372
1	3372	279202.41131521764	373
1	3381	280074.182985490214	374
1	3390	280671.219035843413	375
1	3401	281843.825563648742	376
1	3408	282646.195525908869	377
1	3419	283484.103829320547	378
1	3424	283853.026682557565	379
1	3433	284582.379920035628	380
1	3442	285418.18235912363	381
1	3453	286420.741104288054	382
1	3464	287073.395780799938	383
1	3469	287706.235442357165	384
1	3482	288453.323002858116	385
1	3487	289215.296407369925	386
1	3496	289589.331526402412	387
1	3509	290866.561050340563	388
1	3514	291312.198345316604	389
1	3525	292214.070015493811	390
1	3532	292795.574785815583	391
1	3545	293835.314139258146	392
1	3550	294405.717418296292	393
1	3559	295028.810611786351	394
1	3572	296158.459828421503	395
1	3577	296748.484804714128	396
1	3588	297416.096712788596	397
1	3595	297802.444475842669	398
1	3606	298573.334064614058	399
1	3613	298907.952743908421	400
1	3626	300155.609644856334	401
1	3631	300812.609812896729	402
1	3644	301607.272718567432	403
1	3653	302423.307225108178	404
1	3662	303310.416320432009	405
1	3667	304050.494481157543	406
1	3676	304516.870203707399	407
1	3685	305027.407362777771	408
1	3696	306139.828366320612	409
1	3703	306839.832346374201	410
1	3712	307447.837731521608	411
1	3723	308208.505781600283	412
1	3734	309005.127224558996	413
1	3739	309586.536465073036	414
1	3748	310201.8699854147	415
1	3759	311457.68583524044	416
1	3766	311863.291474431784	417
1	3779	312545.952972723203	418
1	3784	312952.636067848685	419
1	3793	313771.323613403397	420
1	3806	314767.020290996911	421
1	3815	315534.820230910586	422
1	3820	316113.347513414951	423
1	3831	316998.646095441686	424
1	3840	317823.185416962983	425
1	3849	318501.810978446187	426
1	3856	319028.469832940058	427
1	3869	320388.655594456972	428
1	3876	320969.735346268894	429
1	3885	321868.013028893651	430
1	3892	322314.395149145307	431
1	3905	323481.331820413501	432
1	3914	324240.55314520377	433
1	3923	324867.279680259556	434
1	3928	325231.510325800658	435
1	3941	326582.80113846998	436
1	3950	327281.2824470457	437
1	3957	327894.441899796979	438
1	3964	328387.06017304215	439
1	3977	329212.135812453956	440
1	3984	329968.106640782238	441
1	3993	330858.222543820769	442
1	4000	331789.427455281869	443
1	4013	332587.249142350659	444
1	4022	333141.519662831009	445
1	4027	333512.456965819032	446
1	4038	334259.789786394716	447
1	4049	334981.92716636698	448
1	4056	335338.594344444603	449
1	4063	335980.178014794395	450
1	4072	336797.85116314891	451
1	4081	337600.909229088605	452
1	4090	338202.328904438793	453
1	4103	339543.070775968984	454
1	4108	339886.677492130578	455
1	4119	340814.709801692546	456
1	4128	341283.630552655116	457
1	4135	341972.129484359206	458
1	4146	342998.585789138482	459
1	4153	343579.030807921694	460
1	4164	344471.363602392406	461
1	4175	345250.381480995596	462
1	4180	345602.570686116845	463
1	4191	346857.726229447902	464
1	4198	347196.901867585287	465
1	4211	348075.687458692149	466
1	4216	348462.656041374461	467
1	4227	349423.975753365115	468
1	4234	350198.370648594604	469
1	4243	350838.585550524325	470
1	4256	351768.075632164285	471
1	4263	352444.378679059476	472
1	4270	352762.393141770766	473
1	4281	353647.219593962685	474
1	4292	354362.925374507935	475
1	4299	354805.618076305867	476
1	4308	355402.380529046089	477
1	4315	356003.047361411185	478
1	4326	356773.611072404341	479
1	4333	357320.694087026672	480
1	4342	358027.814484899894	481
1	4351	358933.006672142105	482
1	4360	359555.595995346116	483
1	4371	360599.968791659953	484
1	4382	361601.554781338231	485
1	4389	362288.068972388314	486
1	4398	362850.456972699644	487
1	4407	364056.655254168467	488
1	4414	364510.823536478014	489
1	4423	365383.977303234891	490
1	4432	365805.602309899436	491
1	4445	367040.138173475894	492
1	4454	367915.908885234999	493
1	4463	368798.187777679446	494
1	4472	369521.7083806638	495
1	4481	370298.622414562884	496
1	4490	371033.412987878579	497
1	4497	371650.299153942648	498
1	4504	372324.064576858687	499
1	4513	372907.612461084533	500
1	4524	373627.045048121395	501
1	4535	374583.928262768346	502
1	4540	374971.482137264717	503
1	4551	375804.109690245274	504
1	4560	376867.789349192786	505
1	4569	377763.4153758176	506
1	4576	378209.737887326661	507
1	4585	379204.052786668796	508
1	4594	380095.410441421006	509
1	4603	380795.177157456089	510
1	4612	381477.523048734326	511
1	4621	381926.615925645489	512
1	4634	383316.740943538058	513
1	4643	384064.725780906189	514
1	4648	384602.100368449498	515
1	4659	385423.143229633603	516
1	4666	386313.986427476663	517
1	4677	386889.77635544728	518
1	4686	387413.223007181692	519
1	4697	388426.39107028957	520
1	4702	388823.846101714331	521
1	4711	389130.306438775766	522
1	4720	389681.800636556032	523
1	4733	391005.080344621125	524
1	4738	391409.546300070393	525
1	4747	392035.513840662348	526
1	4760	393093.090052250806	527
1	4767	393783.227148978073	528
1	4774	394434.970617340911	529
1	4787	395148.85119069371	530
1	4794	395707.179978350211	531
1	4801	396447.46350157078	532
1	4810	396995.403214870054	533
1	4819	397473.799609160084	534
1	4830	398169.283751584622	535
1	4837	398837.264254968646	536
1	4846	399313.483914127606	537
1	4859	400476.947697624597	538
1	4868	401275.198344374108	539
1	4873	401575.313815288278	540
1	4882	402210.096952272612	541
1	4891	403017.123588686842	542
1	4900	403817.002144781906	543
1	4913	404451.856273692135	544
1	4922	405194.297197088633	545
1	4929	405929.101435421069	546
1	4936	406360.12886934917	547
1	4945	406858.606371190432	548
1	4958	408179.229165148024	549
1	4963	408579.170933039893	550
1	4976	409765.786703350056	551
1	4981	410086.140254605595	552
1	4994	411513.212662423063	553
1	5003	412409.861004771698	554
1	5010	413050.204222463105	555
1	5021	413920.063471561331	556
1	5028	414325.173572357777	557
1	5037	414885.24897093888	558
1	5046	415699.926634971086	559
1	5057	416524.247891781885	560
1	5064	417312.326868390698	561
1	5075	417940.957802580703	562
1	5084	418579.999325796995	563
1	5091	419372.876857034895	564
1	5098	419907.821411965448	565
1	5107	420519.901893893291	566
1	5116	421108.093584934283	567
1	5125	422266.723056463558	568
1	5134	422780.923040444064	569
1	5145	423868.873724062029	570
1	5152	424411.357952049035	571
1	5161	425086.314148921553	572
1	5170	425960.371931176667	573
1	5179	426691.568456450511	574
1	5190	427482.447656057809	575
1	5197	428230.92663539577	576
1	5208	429351.275944802944	577
1	5219	429852.398086711798	578
1	5224	430694.379706168581	579
1	5233	431313.360051903908	580
1	5246	432406.468894612078	581
1	5255	433155.437034415115	582
1	5262	433849.739032611285	583
1	5271	434569.811362121288	584
1	5278	434944.403357338194	585
1	5291	435927.637746557627	586
1	5300	436781.499527022276	587
1	5309	437586.775238625739	588
1	5314	437982.716439385001	589
1	5325	438977.534679695998	590
1	5332	439519.869292946567	591
1	5343	440755.757582886178	592
1	5350	441239.14850293662	593
1	5359	442143.346532061729	594
1	5370	442822.476574033532	595
1	5381	443993.545733112876	596
1	5388	444394.783719861914	597
1	5395	445093.87822109278	598
1	5404	445846.903957659413	599
1	5417	447002.306542731856	600
1	5422	447354.699126910453	601
1	5431	448210.403625480865	602
1	5440	448804.022010555525	603
1	5449	449802.852718764949	604
1	5458	450541.472499165718	605
1	5471	451669.800508813966	606
1	5476	452113.901601685245	607
1	5485	453041.981913149391	608
1	5496	453750.505696283687	609
1	5507	454733.910776115987	610
1	5514	455246.923408051986	611
1	5523	455978.5907687154	612
1	5530	456393.477351497892	613
1	5539	457189.646035479416	614
1	5548	458218.86758836921	615
1	5557	458793.693475658108	616
1	5566	459378.451114660164	617
1	5575	459788.756121089716	618
1	5588	460719.287299085444	619
1	5593	461108.620573254338	620
1	5598	461522.565792733839	621
1	5615	462764.224361674896	622
1	5622	463472.793742921239	623
1	5631	464083.010830683669	624
1	5640	464944.231767207419	625
1	5649	465528.842649422621	626
1	5660	466421.971072303166	627
1	5667	467072.485003620421	628
1	5674	467687.896031560411	629
1	5685	468559.121999284287	630
1	5692	469242.383413016831	631
1	5703	470303.032893547824	632
1	5712	470919.804205885192	633
1	5719	471479.423061199521	634
1	5730	472468.596582999488	635
1	5739	473114.564952487161	636
1	5746	473517.515095090529	637
1	5759	474746.14945580255	638
1	5768	475581.222124071827	639
1	5777	476052.277652313968	640
1	5784	476433.684896584635	641
1	5791	477034.664607793128	642
1	5800	478139.776283595746	643
1	5809	478678.492437629064	644
1	5818	479526.789767062327	645
1	5827	480070.646186778358	646
1	5838	481690.259647881649	647
1	5847	482568.667720863633	648
1	5854	482916.910892631896	649
1	5867	483763.364294730165	650
1	5872	484065.96107217487	651
1	5881	484882.653914764562	652
1	5892	485832.859249552751	653
1	5899	486710.087830619926	654
1	5912	487727.396526932754	655
1	5917	488085.313848964908	656
1	5930	489286.810431210362	657
1	5937	489959.984967811071	658
1	5944	490840.600171778389	659
1	5955	491636.243036342823	660
1	5964	492103.864573873618	661
1	5971	492478.886368358546	662
1	5980	493180.656484002286	663
1	5989	494255.622990243176	664
1	5998	494806.884967396074	665
1	6009	495454.848983371668	666
1	6016	495783.265752112531	667
1	6029	497121.244208794125	668
1	6038	498013.480665721037	669
1	6047	498874.723157705777	670
1	6056	499563.138349168041	671
1	6061	499921.718509588429	672
1	6074	501207.121897302607	673
1	6079	501674.950872408265	674
1	6088	502510.936945024917	675
1	6097	503298.181834258179	676
1	6108	504118.40616739359	677
1	6115	504697.081483807455	678
1	6126	505687.902988772879	679
1	6137	506519.816109957213	680
1	6144	506906.541839567984	681
1	6151	507989.526223065371	682
1	6160	508538.845833577255	683
1	6171	509337.974267173598	684
1	6178	510052.207911154294	685
1	6191	510848.705365788231	686
1	6198	511579.797689756418	687
1	6209	512418.087342800612	688
1	6214	512723.293208889703	689
1	6223	513542.782968096474	690
1	6232	513896.233183192128	691
1	6245	514842.115589836652	692
1	6250	515377.841688366647	693
1	6259	516192.926054773892	694
1	6270	516948.502250388304	695
1	6277	517404.453102126757	696
1	6288	518672.286963835399	697
1	6295	519373.353107739279	698
1	6306	520095.792856346855	699
1	6313	520417.317670164669	700
1	6326	521562.03904710714	701
1	6333	522121.788112353573	702
1	6342	522999.719843873793	703
1	6351	523639.010015549177	704
1	6358	523966.085463948587	705
1	6371	524795.904728444332	706
1	6378	525140.244460059369	707
1	6389	526116.79320288826	708
1	6396	526578.029682626987	709
1	6405	527296.17544314828	710
1	6416	528354.67120972466	711
1	6425	529159.69396638688	712
1	6434	530026.556193642359	713
1	6441	530403.921621618833	714
1	6448	531112.176555627998	715
1	6461	531977.153178770136	716
1	6468	532667.368912836578	717
1	6477	533293.203378561925	718
1	6486	534320.317262085196	719
1	6495	535008.40670107868	720
1	6504	535907.595138251822	721
1	6511	536694.681382644962	722
1	6522	537399.627266172362	723
1	6529	538284.912725351793	724
1	6540	538946.417717635674	725
1	6549	539495.730104763104	726
1	6556	540401.705227419777	727
1	6565	540783.712005615277	728
1	6576	541910.747625259726	729
1	6583	542460.376718128143	730
1	6594	543293.629049370108	731
1	6605	544185.414958465887	732
1	6612	544926.998868864072	733
1	6621	545346.583788190079	734
1	6632	546213.252716045869	735
1	6637	546555.99878523503	736
1	6648	547707.712015975309	737
1	6659	548814.282122813208	738
1	6666	549287.855780683501	739
1	6673	549712.036677170588	740
1	6686	551063.213742664127	741
1	6691	551540.620889514728	742
1	6702	552549.354465119584	743
1	6709	553079.461933253376	744
1	6720	554164.104360854296	745
1	6731	555028.808837430595	746
1	6736	555420.456460258036	747
1	6745	555791.494122007906	748
1	6754	556945.257126074328	749
1	6763	557311.106169596358	750
1	6776	558359.796659136235	751
1	6781	558701.400530012368	752
1	6794	559998.705010302408	753
1	6801	560401.807694044007	754
1	6810	560915.35461181779	755
1	6821	561772.05487629403	756
1	6828	562534.187688119753	757
1	6835	562967.373734666078	758
1	6844	563544.498671684457	759
1	6855	564894.507677899717	760
1	6862	565495.666384929835	761
1	6875	566402.216183580501	762
1	6882	566909.323260560675	763
1	6893	568026.147510577036	764
1	6898	568416.859422717286	765
1	6907	569395.721085090233	766
1	6916	569984.240014571739	767
1	6929	571352.89815226574	768
1	6934	571732.090161368293	769
1	6943	572576.877612993164	770
1	6952	573464.591573830737	771
1	6963	574310.11063079354	772
1	6970	574723.974276473789	773
1	6983	575769.717146828813	774
1	6988	576084.490100294394	775
1	6999	576926.492862822531	776
1	7006	577525.004286831288	777
1	7015	578139.970514271451	778
1	7026	579494.196917675478	779
1	7037	580185.440554702697	780
1	7042	580625.729393307162	781
1	7053	581301.630554907067	782
1	7060	582138.035934045954	783
1	7069	582758.992655016525	784
1	7078	583317.944397172002	785
1	7089	584394.323729490905	786
1	7098	585060.245215706571	787
1	7107	585907.242335518866	788
1	7118	586555.411389051049	789
1	7123	586908.358035748868	790
1	7136	588047.556368401318	791
1	7143	588614.476446714296	792
1	7152	589492.360086506276	793
1	7159	589846.76229427573	794
1	7168	590656.032124673991	795
1	7179	591211.015469860329	796
1	7186	591658.433839911638	797
1	7195	592813.539053918838	798
1	7204	593402.785339811861	799
1	7213	593930.956284608735	800
1	7222	594472.464948333843	801
1	7235	595730.073098838372	802
1	7242	596296.382720489098	803
1	7253	596894.211577763824	804
1	7258	597426.214915746866	805
1	7267	597956.580249639271	806
1	7278	599112.174352956978	807
1	7285	599625.693799043117	808
1	7294	600415.257684420837	809
1	7307	601506.405602535277	810
1	7312	601843.239101534753	811
1	7325	602910.531761124774	812
1	7332	603577.488698624118	813
1	7343	604261.80441314359	814
1	7348	604709.965228149712	815

