version 2
run Pipelined_3Teachers-14-20190105-10:57:20-21868
attr configname Pipelined_3Teachers
attr datetime 20190105-10:57:20
attr experiment Pipelined_3Teachers
attr inifile ../simulations/omnetpp.ini
attr iterationvars "$0=\"uniform\""
attr iterationvarsf uniform-
attr measurement "$0=\"uniform\""
attr network PipelinedExamSession
attr processid 21868
attr repetition 14
attr replication #14
attr resultdir results
attr runnumber 14
attr seedset 14
param **.teachersNumber 3
param **.answerTimeDistribution "\"uniform\""
param **.minUniform 300
param **.maxUniform 900
param **.scaleLognormal 6.2854
param **.shapeLognormal 0.4724

vector 0 PipelinedExamSession examinationTime:vector ETV
attr source examFinished
vector 1 PipelinedExamSession studentID:vector ETV
attr source student
0	3136	260704.586429335204	2083.5257898085
0	3147	261606.555008981403	2126.6645746306
0	3154	262649.434349639367	2269.9055397883
0	3167	263547.078519919913	2534.1966883745
0	3176	264256.5880826209	2354.5747950207
0	3183	264618.005105992805	1876.880737301
0	3190	265051.90748814496	1504.828968225
0	3203	266321.47060227583	2064.8825196549
0	3210	266762.201396701884	2045.3436844982
0	3217	267254.988887161043	1697.6571093779
0	3226	268272.716873651397	1951.2462713756
0	3235	269358.031146554304	2247.8826769162
0	3244	269975.180436763939	1987.3747585807
0	3253	270669.344315165681	1864.2947156914
0	3264	271573.2795510907	1902.6780964807
0	3271	272194.352018181262	1879.6173782554
0	3282	273190.569875948159	2108.7286699098
0	3293	274106.766788475243	2263.5236829054
0	3300	274671.921681426493	2112.8502085805
0	3307	275161.506657768068	1938.8260602951
0	3318	276292.264166800333	2185.4973783251
0	3325	276682.134939590497	1677.3062745575
0	3334	277490.240087080774	1865.9018351231
0	3343	278254.903998691615	1845.4243528191
0	3354	278984.240175224869	1920.0016745366
0	3361	279370.258098235382	1520.2267734334
0	3372	280374.773148866399	1949.5012553874
0	3379	281050.742614595248	2002.5830727071
0	3390	281904.829260008438	2226.2812270783
0	3399	283043.875185074314	2501.0724908207
0	3408	283523.556612571731	2130.2226890344
0	3417	284557.943035522505	2337.3009092174
0	3424	285215.523569192767	2095.6816585734
0	3435	286083.943051798299	2311.6530978587
0	3442	286539.683596417337	1871.3174390607
0	3451	287625.756491627573	2347.882827837
0	3462	288367.183234356373	2193.8539580908
0	3469	288705.024510389223	1637.9355601966
0	3482	290045.591289270698	2213.4973949287
0	3489	290550.022215535893	1891.7049257085
0	3500	291390.214217361091	2095.803543739
0	3509	291977.169017493753	1931.5777282231
0	3516	292479.812229378177	1888.8060236815
0	3523	292923.926658136798	1533.7124407757
0	3536	293998.465809691725	2021.296792198
0	3545	294713.635836169151	2036.8919406552
0	3554	295515.372270997641	2235.7459024061
0	3561	296038.051009085057	2039.5851993933
0	3572	297091.008027456728	2377.3721912876
0	3577	297490.807543555302	1975.4352725577
0	3590	298483.355745859472	2125.6171298213
0	3597	299147.808394767372	2056.8003673106
0	3604	299463.719869125662	1629.1383286938
0	3613	300160.020765289692	1676.6650194302
0	3626	301091.418324876605	1842.156568123
0	3635	301907.611313089757	2253.5180937499
0	3640	302313.925944082468	2076.2791852467
0	3651	303539.619314856856	2448.2009899803
0	3662	304389.256050623982	2481.6447375342
0	3671	305281.225509988173	2514.8288256023
0	3680	306153.103776555537	2547.2562088631
0	3685	306571.075878990843	2181.8198283669
0	3694	307229.176386818319	1947.9508768301
0	3707	308128.335579112201	1975.2318025567
0	3712	308614.447702607169	1847.3314465955
0	3721	309294.593323487817	1700.5982092582
0	3730	310161.308735841913	2032.9731567297
0	3741	311024.045861000223	2102.9963489156
0	3752	312148.91802901405	2490.0271268561
0	3757	312507.867373432993	1984.7145506646
0	3768	313424.457138916506	2091.3043021224
0	3779	314261.765943886741	2112.8479148727
0	3786	314784.22178858894	2036.306549795
0	3795	315263.694582134514	1795.9116609301
0	3802	315578.736325912206	1316.9703820255
0	3811	316821.450057858631	1887.194081163
0	3824	317513.950750418037	2081.2979134731
0	3833	318369.359570089757	2135.7882698067
0	3842	318824.803810939222	1969.4344833959
0	3849	319348.272585170373	1834.3218347523
0	3858	319969.364449800953	1600.0048797112
0	3865	320487.246178044036	1662.4423671048
0	3878	321611.179055040732	2190.1784600224
0	3887	322446.863586874709	2234.1058768798
0	3894	323196.711680386246	2454.1568384506
0	3903	323929.835419915647	2318.6563648749
0	3912	324637.924167467312	2191.0605805926
0	3919	325310.093042766706	2092.168132402
0	3930	326092.419019248368	2157.2235269006
0	3937	326663.460477395015	1883.0403267872
0	3950	327429.074132675336	1817.8932158276
0	3955	327992.843506671519	1787.1219749562
0	3968	329114.809600822658	2246.154706087
0	3977	329859.966235980422	2430.8921033051
0	3986	330694.314003735811	2448.030159669
0	3995	331438.831298612089	2324.0216977894
0	4000	331743.130163149939	1883.1639271695
0	4011	332914.727942459316	2220.4139387235
0	4020	333683.331070980088	2244.499772368
0	4031	334146.517885057286	2058.1138049718
0	4036	334574.434527754814	1643.4016406536
0	4049	335459.328531101377	1699.7110180557
0	4054	335925.260876538263	1778.742991481
0	4063	336781.763971690119	2102.070887899
0	4076	338083.696731599079	2624.3682004977
0	4085	338835.177573049472	2497.2251469735
0	4090	339260.710078105362	2052.6500162669
0	4101	339971.680284105272	1887.9835525062
0	4112	341104.502427158909	2269.3248541094
0	4117	341535.876243375274	2000.7305391133
0	4128	342583.083935966747	2330.5367069319
0	4137	343203.005852876263	2098.5034257174
0	4144	343889.003211725535	1910.5675487313
0	4153	344671.654663095283	1932.5586095452
0	4162	345349.078145111012	1767.6446684171
0	4171	346168.574938131529	1807.5776353944
0	4180	346557.90389380421	1352.674603276
0	4189	347613.285535946521	1744.6385532618
0	4202	349043.085267813909	2507.3513486423
0	4207	349469.992455979842	2134.1409140266
0	4218	350620.233781496096	2418.6332431622
0	4225	351150.002772733602	2106.9175049197
0	4234	351697.471005795556	1755.7460999116
0	4247	352802.004087483543	1987.5683085993
0	4252	353261.581228114697	1957.701756293
0	4263	354420.676014712113	2239.9098016787
0	4270	354917.49691832814	2115.4928308446
0	4283	355960.965035576407	2351.1506380979
0	4290	356458.921456150744	2028.2881942112
0	4297	356948.487889207933	1692.0498305932
0	4306	357865.238854475353	1904.2738188989
0	4317	358831.803974183311	2227.6189001743
0	4324	359529.035529540886	2031.9966028444
0	4337	360460.914322687348	2349.7274303343
0	4342	360875.230655120721	2026.410397701
0	4351	361563.305708253791	1958.0128608271
0	4362	362381.468666950276	1920.5543442629
0	4369	362758.994076401031	1729.8792954069
0	4378	363297.711416613345	1606.4409060404
0	4387	364159.490955015679	1723.7827312667
0	4400	365251.046807086129	2020.1173046138
0	4409	366095.572421606664	2077.3533399682
0	4418	366924.906038213555	2229.373497935
0	4423	367460.137740103562	2209.0909330174
0	4436	368574.628534074906	2479.0561124682
0	4445	369423.985617421601	2499.079579208
0	4452	370199.135123100165	2411.029606685
0	4463	370800.394376786459	2225.7658427116
0	4472	371591.450446844134	2167.4648294225
0	4477	371905.563393607769	1703.7463281769
0	4490	373205.752118350971	2405.3577415645
0	4495	373690.413495479185	2098.9630486351
0	4508	374801.474597957018	2381.1192358844
0	4517	375563.919391762498	2358.1672734115
0	4522	375936.6411102936	1889.1088529024
0	4533	376894.373002275858	2092.8984043188
0	4542	377530.466127209399	1966.5467354469
0	4551	377932.621650584075	1783.0948411021
0	4562	378884.48408916596	1877.097494714
0	4571	379539.473914308508	1951.7736699432
0	4578	380122.569218091701	2117.3179043457
0	4589	381239.392281370272	2354.9081922043
0	4596	381814.538703393226	2275.0647890847
0	4603	382310.564145538991	1937.4692936428
0	4614	383267.639482626726	2028.2472012565
0	4625	384554.175184154918	2418.455874268
0	4634	385230.090359738132	2419.2344904877
0	4641	386006.650732783636	2316.7998315766
0	4652	386708.718214044383	2154.5430298895
0	4657	387036.688335193357	1806.5979754552
0	4666	387845.994472224301	1778.0222394504
0	4675	388432.560154795683	1723.8419407513
0	4684	388971.40841935765	1617.4086541403
0	4693	389849.055114621334	1839.5425553899
0	4702	390619.881812855638	2006.9039302412
0	4715	391542.946446267925	2133.5888061672
0	4724	392352.63072447855	2197.0626259223
0	4731	393079.772189352698	2239.0819891356
0	4740	393753.247855324335	2210.3014090564
0	4751	394361.74074145969	2009.1100169811
0	4760	395185.031537571959	1982.6487891376
0	4769	395953.298394475169	2180.0057649147
0	4774	396288.391845859624	1926.6511043999
0	4783	397122.516651777588	1937.4851142056
0	4796	398159.355692658611	2206.0572981834
0	4805	398838.738714158573	2158.4771426395
0	4810	399383.755443804004	2036.4150092471
0	4819	399804.129011509979	1644.7733188514
0	4828	400806.473043747285	1967.7343295887
0	4837	401771.249046362976	2112.170484988
0	4846	402597.181845177004	2150.348456623
0	4859	403673.117915494406	2458.3847676404
0	4864	404023.108922783324	2027.6277700905
0	4877	405144.653581827918	2311.8233175483
0	4882	405561.592108011285	1888.4741925169
0	4895	406658.892757399047	2181.5537818708
0	4902	407454.795480798969	2310.1418989711
0	4911	408057.392194401512	2114.7797559388
0	4920	408601.654363749588	1942.7616063505
0	4931	409477.131027169565	1968.4332855977
0	4940	410274.269381677771	2208.2488050219
0	4947	410722.762592649126	2110.5413094163
0	4954	411380.286588566417	1903.1555613969
0	4965	412250.690716970752	1976.421335293
0	4972	412703.140602400566	1708.4302243777
0	4983	414191.58324985769	2353.6943138111
0	4992	414753.816045401659	2090.0073719211
0	4999	415300.536289718043	1943.7139947899
0	5010	416465.774207515682	2273.2487083878
0	5021	417434.868264896836	2469.046421349
0	5028	418008.924174215686	2205.5125581566
0	5035	418501.341823954176	1844.1899301019
0	5048	419747.542997030583	2312.6747321337
0	5053	420191.460257861805	2133.6756651755
0	5064	421175.785039924127	2255.1128071267
0	5075	422133.569138310892	2386.0261412803
0	5082	422836.537049571095	2211.1640683841
0	5089	423538.946376834108	2300.1809437294
0	5098	424064.490239415361	1930.9211011045
0	5107	424637.763660214885	1665.5902327504
0	5120	425645.513957273258	2017.6671814173
0	5129	426462.558104423849	2198.2964630239
0	5138	427235.850424971474	2350.7147757802
0	5147	427945.664318371607	2300.1503610983
0	5156	428790.906688291622	2328.3485838678
0	5163	429544.121708767531	2308.2712837961
0	5170	429997.527909977404	2051.8635916058
0	5179	430882.271889550654	2091.365201259
0	5192	431884.83464419846	2253.1201114878
0	5199	432383.156734518749	1866.9873121195
0	5208	433086.047743074638	1897.7219971362
0	5219	433951.65637736213	2066.8217331637
0	5226	434717.228574631778	2230.0450589508
0	5233	435215.463400119958	2013.3901996538
0	5246	436182.68966926266	2231.0332919005
0	5255	436935.169346770314	2182.0498424582
0	5260	437377.275499189315	1726.6271612607
0	5273	438447.166046686513	2264.4763774239
0	5282	439288.236138364343	2353.066791594
0	5291	440074.745069677053	2387.2047477867
0	5298	440639.419006230352	2192.2529595438
0	5307	441048.017029836816	1759.7808914725
0	5318	441774.55593463969	1699.8108649626
0	5327	442589.858439378483	1930.9022388887
0	5336	443037.463241536213	1941.0765809007
0	5345	443578.44542814423	1803.8894935045
0	5350	444042.317624297036	1452.4591849186
0	5363	445318.556677736386	2281.0934362002
0	5370	445844.008505623832	2265.5630774796
0	5377	446294.206922315105	1835.0225409027
0	5386	446796.028023026928	1477.4713452905
0	5395	447453.359955316454	1486.6215457208
0	5406	448577.282389439687	2140.0289809797
0	5415	449377.38367337738	2073.3175090514
0	5424	449820.833010273099	1655.2974188235
0	5431	450418.274733563929	1681.1630407814
0	5442	451394.458547188013	1995.1880949084
0	5453	452416.576531715736	2373.8474445418
0	5462	452891.853711102203	2024.7717663646
0	5471	453687.962402869061	2072.3308633547
0	5480	454585.955664608673	2169.3791328929
0	5485	455157.063573645473	2265.2098625433
0	5496	455947.921551950321	2259.9591490813
0	5505	457148.858811333821	2562.9031467251
0	5512	457522.276021353945	2079.1974011343
0	5521	458191.979731014044	1909.6847349778
0	5530	458836.928233411209	1667.1356760431
0	5541	459793.216131487907	2012.3570250347
0	5550	460507.352603226946	2068.0627894588
0	5561	461269.630805449606	2077.030803496
0	5568	461645.051753008784	1844.1141595133
0	5579	462518.934891605795	1916.1092472263
0	5584	462876.932728523434	1607.3019230738
0	5593	463446.922611678064	1666.7428439017
0	5602	464263.999387901321	1745.0644962955
0	5613	465404.345477186189	2295.5311632715
0	5620	465721.106683183507	1714.4841647241
0	5629	466898.413549689621	1991.8707804289
0	5638	467660.486594773874	2007.1412012447
0	5651	468490.192002849699	1960.370040033
0	5656	468856.900715734855	1605.3667746484
0	5665	469632.156707625882	1893.4998432174
0	5674	470325.390708865644	1835.1987060159
0	5683	471108.114072354556	2029.8273586202
0	5692	471573.277590796398	1683.6606931407
0	5705	472667.067698948131	2190.7253157813
0	5712	473288.71644409378	2057.0057597011
0	5721	474181.943743256898	2137.6407718286
0	5732	475004.689974943222	2337.6222759951
0	5739	475599.511272646533	2212.2461110353
0	5748	476129.22151512471	1842.9394609295
0	5757	477031.048627523752	2026.3586525805
0	5764	477740.534230694221	1976.6050494276
0	5775	478760.004122089641	2101.8610719591
0	5786	479500.648563774349	2017.6185306162
0	5791	479840.597749874042	1806.0792309232
0	5800	480309.64610050437	1433.6222703103
0	5809	481037.624212168204	1536.9756483939
0	5818	482038.52895274763	1944.2685873248
0	5831	483170.401512365835	2260.5763765052
0	5838	483775.263226730796	2137.5038602855
0	5849	484628.851427044766	2340.8759186044
0	5856	485231.141413701745	2060.7399013359
0	5865	485876.284075062769	1960.8025659341
0	5876	486748.345173988537	2119.4937469438
0	5881	487098.447622731374	1851.090457337
0	5890	487580.095518054486	1538.1113519892
0	5903	488908.418731531174	2160.0735575426
0	5908	489244.078949186997	1668.8718794379
0	5921	490536.920600524218	2383.1025119405
0	5926	491071.389774000318	2162.9710424691
0	5939	491915.023845573933	2202.4420222733
0	5946	492372.204093681694	1835.2834931575
0	5953	492955.131662590475	1568.0458290037
0	5964	493888.246340258093	1973.2224946842
0	5971	494646.46428097044	2125.4702949431
0	5982	495337.909398693637	2059.6024140716
0	5991	495974.352007079915	1996.6317021288
0	5998	496457.421897584618	1649.7113043442
0	6007	496905.88663090025	1532.056239713
0	6016	497831.31868243222	1849.186395295
0	6029	498900.938372639985	2258.8102456648
0	6036	499337.423636019276	1910.7771365438
0	6043	499888.233336294116	1754.1540943086
0	6054	501181.414658529729	2280.4762858897
0	6061	501635.824716975958	1904.5711913612
0	6070	502038.000712730036	1484.5733332448
0	6083	503122.908210614742	1801.9513458945
0	6088	503568.865620810584	1818.879321171
0	6097	504253.865354647905	1678.8037324324
0	6106	504915.465351473586	1792.5571408588
0	6119	506243.666476383851	2298.7746897619
0	6128	507142.304372135596	2358.3291131537
0	6133	507573.710491228895	2146.2866419461
0	6146	508503.646336309658	2259.9798599258
0	6153	508952.572286920668	1810.2679147851
0	6160	509705.323725706012	1990.2516928967
0	6169	510330.353908846201	1826.7075725365
0	6182	511352.295922162058	1993.6581458431
0	6187	511706.709551531868	1781.4655358903
0	6196	512570.27459372771	1807.9268175177
0	6205	513424.716702662456	2072.4207805004
0	6214	513909.570320416289	1738.1155442912
0	6227	515163.145468896302	2271.3337016758
0	6232	515708.67493827832	2147.0003813971
0	6243	516291.003977973062	1947.4284437019
0	6250	516853.421300835955	1690.2758319397
0	6263	518247.805284569087	2402.2714324761
0	6268	518609.568266803446	2016.6032554116
0	6279	519500.671635707888	2084.0204066131
0	6290	520214.236173313159	1966.4308887441
0	6299	521025.999943306718	2027.1222347394
0	6306	521636.772806989078	2103.3611452673
0	6315	522050.296754809145	1836.060581496
0	6324	523106.697733327795	2080.6977900211
0	6331	523935.84624105138	2262.9679852165
0	6344	524690.800731070389	2160.8813356608
0	6353	525429.084965586712	2063.3894580882
0	6358	525802.750932052781	1832.4872374535
0	6371	526711.50732091633	2020.7065898459
0	6376	527278.573621809532	1849.4886562228
0	6389	528235.699479701048	2155.1486534067
0	6396	528776.037150062671	2064.5298291463
0	6405	529507.208851631782	1987.4776865356
0	6416	530437.548832967928	2201.8493532669
0	6425	531313.387087220377	2406.0213978868
0	6432	532136.127994023314	2416.1127097439
0	6443	532788.525125663778	2350.9762926959
0	6450	533354.440681356987	2041.0535941366
0	6461	534244.294344261339	2037.476570718
0	6468	534807.112555671534	2018.5874300078
0	6475	535310.314580239406	1833.2918993197
0	6486	536283.349713357216	2039.0553690959
0	6493	537009.895953303253	2021.798083093
0	6502	537610.039651952734	1839.8882095702
0	6515	538619.493613159335	2090.2087717317
0	6524	539243.200470088101	2120.4221776687
0	6531	540050.828339019842	2214.5396852866
0	6542	540884.146269131503	2264.6526559722
0	6547	541302.910933038271	2059.7104629502
0	6558	541941.253473283774	1863.5349070653
0	6565	542684.139001742056	1799.9927326106
0	6574	543197.494975989736	1710.8253469225
0	6583	543640.679552592388	1580.007400224
0	6592	544612.385035213135	1791.0296897404
0	6601	545474.803486280195	2096.5976688545
0	6612	546518.067383067735	2277.5489921216
0	6619	547089.31683325214	2183.8273010217
0	6630	548063.558210525715	2319.0060077235
0	6637	548524.708975665324	1985.8438120689
0	6650	549964.059721631982	2631.1851197854
0	6659	550840.572013752588	2619.4728019182
0	6668	551539.889057306626	2447.4330651574
0	6677	552258.451087726333	2294.3913660944
0	6686	552718.880032002979	1878.3080182504
0	6691	553351.991296559625	1812.102239253
0	6700	554021.996071748489	1763.5449840222
0	6713	555057.24003966903	2338.3600076661
0	6722	555928.588750446268	2386.356137367
0	6729	556516.833531903156	2266.6126943193
0	6736	557009.606880974078	1952.366841305
0	6745	557915.879185264983	1987.2904348187
0	6754	558248.415625188553	1468.4515396133
0	6765	559180.074322829076	1603.8237301167
0	6774	559796.015724074149	1853.2799720764
0	6783	560646.604153560528	2153.349308297
0	6790	561271.038003126213	1913.9756825287
0	6801	562256.492216605746	2413.4993636515
0	6810	563147.967331577146	2417.8287071642
0	6819	563570.825223717892	2098.6564284191
0	6828	564244.040583679506	1924.1422568914
0	6837	565041.613987600484	1847.6493353024
0	6844	565604.479998070801	2025.9550913237
0	6853	566422.088732058236	2115.5882704072
0	6862	567071.155138593222	1960.4462385178
0	6873	567710.056839650552	1861.6502716206
0	6882	568536.589941568727	1957.5173530262
0	6891	569026.672224747071	1776.1720621493
0	6900	569929.929046751986	2044.1037446726
0	6911	570519.319418957512	1946.696123248
0	6918	571041.331991460229	1734.0809409041
0	6925	571582.187505718376	1540.6812541187
0	6934	572175.687216734569	1656.3677977771
0	6945	572951.801870763357	1786.2769796513
0	6952	573518.118880642633	1832.2206503246
0	6961	574116.509762127008	1653.1052358449
0	6970	575018.687341176029	1977.6118854526
0	6981	575955.581561056952	2021.3843010832
0	6988	576530.829800991397	1702.0812112838
0	6999	577323.877579439487	2008.6408080999
0	7008	578298.597393510918	2277.5590687059
0	7017	578853.994802339057	2036.0877780709
0	7028	579550.25364006875	1970.7049441058
0	7035	580222.856893530171	1817.0459213667
0	7042	580595.556387445014	1718.3007671032
0	7051	581462.725962745081	1912.4723226763
0	7064	582497.867233352792	2180.8300116565
0	7069	582880.546718370226	1764.6781828254
0	7078	584025.768891116661	2311.1780277919
0	7087	584778.950801398662	2281.0835680459
0	7096	585334.32816811843	1990.2728963178
0	7105	586419.736346416233	2206.5394198056
0	7118	587314.692550431994	2262.8600846976
0	7127	588205.530565884021	2312.1555232443
0	7132	588776.299947872815	2263.5381862521
0	7141	589525.45332103042	2210.7607705984
0	7152	590434.533345932197	2229.0027800482
0	7163	591106.350697483924	2030.3685239051
0	7168	591496.814898122159	1567.9458873812
0	7177	592045.761198643652	1592.3799050041
0	7188	592856.036631390509	1749.6859339066
0	7199	593957.903907308412	2119.6392750833
0	7206	594650.412384979484	2264.1357430257
0	7213	595373.198687564639	2130.8422474656
0	7222	595932.573261112032	1974.6693538036
0	7235	596941.779777500836	2149.8711459339
0	7242	597699.328258959634	2091.5882561356
0	7253	598542.559426138235	2151.885436289
0	7258	598954.941898165328	2013.1621206645
0	7267	599776.353522297052	2045.8376317285
0	7276	600614.815770741609	2072.2563446034
0	7287	601236.602215888035	2239.7218348458
0	7298	602194.382460974214	2316.3609657437
0	7307	602977.340644039271	2202.4678824004
0	7316	603498.651216644851	2044.58509502
0	7323	604146.397891547588	1952.0154305734
0	7330	604777.277852967439	1799.9372089282
1	3136	260704.586429335204	347
1	3147	261606.555008981403	348
1	3154	262649.434349639367	349
1	3167	263547.078519919913	350
1	3176	264256.5880826209	351
1	3183	264618.005105992805	352
1	3190	265051.90748814496	353
1	3203	266321.47060227583	354
1	3210	266762.201396701884	355
1	3217	267254.988887161043	356
1	3226	268272.716873651397	357
1	3235	269358.031146554304	358
1	3244	269975.180436763939	359
1	3253	270669.344315165681	360
1	3264	271573.2795510907	361
1	3271	272194.352018181262	362
1	3282	273190.569875948159	363
1	3293	274106.766788475243	364
1	3300	274671.921681426493	365
1	3307	275161.506657768068	366
1	3318	276292.264166800333	367
1	3325	276682.134939590497	368
1	3334	277490.240087080774	369
1	3343	278254.903998691615	370
1	3354	278984.240175224869	371
1	3361	279370.258098235382	372
1	3372	280374.773148866399	373
1	3379	281050.742614595248	374
1	3390	281904.829260008438	375
1	3399	283043.875185074314	376
1	3408	283523.556612571731	377
1	3417	284557.943035522505	378
1	3424	285215.523569192767	379
1	3435	286083.943051798299	380
1	3442	286539.683596417337	381
1	3451	287625.756491627573	382
1	3462	288367.183234356373	383
1	3469	288705.024510389223	384
1	3482	290045.591289270698	385
1	3489	290550.022215535893	386
1	3500	291390.214217361091	387
1	3509	291977.169017493753	388
1	3516	292479.812229378177	389
1	3523	292923.926658136798	390
1	3536	293998.465809691725	391
1	3545	294713.635836169151	392
1	3554	295515.372270997641	393
1	3561	296038.051009085057	394
1	3572	297091.008027456728	395
1	3577	297490.807543555302	396
1	3590	298483.355745859472	397
1	3597	299147.808394767372	398
1	3604	299463.719869125662	399
1	3613	300160.020765289692	400
1	3626	301091.418324876605	401
1	3635	301907.611313089757	402
1	3640	302313.925944082468	403
1	3651	303539.619314856856	404
1	3662	304389.256050623982	405
1	3671	305281.225509988173	406
1	3680	306153.103776555537	407
1	3685	306571.075878990843	408
1	3694	307229.176386818319	409
1	3707	308128.335579112201	410
1	3712	308614.447702607169	411
1	3721	309294.593323487817	412
1	3730	310161.308735841913	413
1	3741	311024.045861000223	414
1	3752	312148.91802901405	415
1	3757	312507.867373432993	416
1	3768	313424.457138916506	417
1	3779	314261.765943886741	418
1	3786	314784.22178858894	419
1	3795	315263.694582134514	420
1	3802	315578.736325912206	421
1	3811	316821.450057858631	422
1	3824	317513.950750418037	423
1	3833	318369.359570089757	424
1	3842	318824.803810939222	425
1	3849	319348.272585170373	426
1	3858	319969.364449800953	427
1	3865	320487.246178044036	428
1	3878	321611.179055040732	429
1	3887	322446.863586874709	430
1	3894	323196.711680386246	431
1	3903	323929.835419915647	432
1	3912	324637.924167467312	433
1	3919	325310.093042766706	434
1	3930	326092.419019248368	435
1	3937	326663.460477395015	436
1	3950	327429.074132675336	437
1	3955	327992.843506671519	438
1	3968	329114.809600822658	439
1	3977	329859.966235980422	440
1	3986	330694.314003735811	441
1	3995	331438.831298612089	442
1	4000	331743.130163149939	443
1	4011	332914.727942459316	444
1	4020	333683.331070980088	445
1	4031	334146.517885057286	446
1	4036	334574.434527754814	447
1	4049	335459.328531101377	448
1	4054	335925.260876538263	449
1	4063	336781.763971690119	450
1	4076	338083.696731599079	451
1	4085	338835.177573049472	452
1	4090	339260.710078105362	453
1	4101	339971.680284105272	454
1	4112	341104.502427158909	455
1	4117	341535.876243375274	456
1	4128	342583.083935966747	457
1	4137	343203.005852876263	458
1	4144	343889.003211725535	459
1	4153	344671.654663095283	460
1	4162	345349.078145111012	461
1	4171	346168.574938131529	462
1	4180	346557.90389380421	463
1	4189	347613.285535946521	464
1	4202	349043.085267813909	465
1	4207	349469.992455979842	466
1	4218	350620.233781496096	467
1	4225	351150.002772733602	468
1	4234	351697.471005795556	469
1	4247	352802.004087483543	470
1	4252	353261.581228114697	471
1	4263	354420.676014712113	472
1	4270	354917.49691832814	473
1	4283	355960.965035576407	474
1	4290	356458.921456150744	475
1	4297	356948.487889207933	476
1	4306	357865.238854475353	477
1	4317	358831.803974183311	478
1	4324	359529.035529540886	479
1	4337	360460.914322687348	480
1	4342	360875.230655120721	481
1	4351	361563.305708253791	482
1	4362	362381.468666950276	483
1	4369	362758.994076401031	484
1	4378	363297.711416613345	485
1	4387	364159.490955015679	486
1	4400	365251.046807086129	487
1	4409	366095.572421606664	488
1	4418	366924.906038213555	489
1	4423	367460.137740103562	490
1	4436	368574.628534074906	491
1	4445	369423.985617421601	492
1	4452	370199.135123100165	493
1	4463	370800.394376786459	494
1	4472	371591.450446844134	495
1	4477	371905.563393607769	496
1	4490	373205.752118350971	497
1	4495	373690.413495479185	498
1	4508	374801.474597957018	499
1	4517	375563.919391762498	500
1	4522	375936.6411102936	501
1	4533	376894.373002275858	502
1	4542	377530.466127209399	503
1	4551	377932.621650584075	504
1	4562	378884.48408916596	505
1	4571	379539.473914308508	506
1	4578	380122.569218091701	507
1	4589	381239.392281370272	508
1	4596	381814.538703393226	509
1	4603	382310.564145538991	510
1	4614	383267.639482626726	511
1	4625	384554.175184154918	512
1	4634	385230.090359738132	513
1	4641	386006.650732783636	514
1	4652	386708.718214044383	515
1	4657	387036.688335193357	516
1	4666	387845.994472224301	517
1	4675	388432.560154795683	518
1	4684	388971.40841935765	519
1	4693	389849.055114621334	520
1	4702	390619.881812855638	521
1	4715	391542.946446267925	522
1	4724	392352.63072447855	523
1	4731	393079.772189352698	524
1	4740	393753.247855324335	525
1	4751	394361.74074145969	526
1	4760	395185.031537571959	527
1	4769	395953.298394475169	528
1	4774	396288.391845859624	529
1	4783	397122.516651777588	530
1	4796	398159.355692658611	531
1	4805	398838.738714158573	532
1	4810	399383.755443804004	533
1	4819	399804.129011509979	534
1	4828	400806.473043747285	535
1	4837	401771.249046362976	536
1	4846	402597.181845177004	537
1	4859	403673.117915494406	538
1	4864	404023.108922783324	539
1	4877	405144.653581827918	540
1	4882	405561.592108011285	541
1	4895	406658.892757399047	542
1	4902	407454.795480798969	543
1	4911	408057.392194401512	544
1	4920	408601.654363749588	545
1	4931	409477.131027169565	546
1	4940	410274.269381677771	547
1	4947	410722.762592649126	548
1	4954	411380.286588566417	549
1	4965	412250.690716970752	550
1	4972	412703.140602400566	551
1	4983	414191.58324985769	552
1	4992	414753.816045401659	553
1	4999	415300.536289718043	554
1	5010	416465.774207515682	555
1	5021	417434.868264896836	556
1	5028	418008.924174215686	557
1	5035	418501.341823954176	558
1	5048	419747.542997030583	559
1	5053	420191.460257861805	560
1	5064	421175.785039924127	561
1	5075	422133.569138310892	562
1	5082	422836.537049571095	563
1	5089	423538.946376834108	564
1	5098	424064.490239415361	565
1	5107	424637.763660214885	566
1	5120	425645.513957273258	567
1	5129	426462.558104423849	568
1	5138	427235.850424971474	569
1	5147	427945.664318371607	570
1	5156	428790.906688291622	571
1	5163	429544.121708767531	572
1	5170	429997.527909977404	573
1	5179	430882.271889550654	574
1	5192	431884.83464419846	575
1	5199	432383.156734518749	576
1	5208	433086.047743074638	577
1	5219	433951.65637736213	578
1	5226	434717.228574631778	579
1	5233	435215.463400119958	580
1	5246	436182.68966926266	581
1	5255	436935.169346770314	582
1	5260	437377.275499189315	583
1	5273	438447.166046686513	584
1	5282	439288.236138364343	585
1	5291	440074.745069677053	586
1	5298	440639.419006230352	587
1	5307	441048.017029836816	588
1	5318	441774.55593463969	589
1	5327	442589.858439378483	590
1	5336	443037.463241536213	591
1	5345	443578.44542814423	592
1	5350	444042.317624297036	593
1	5363	445318.556677736386	594
1	5370	445844.008505623832	595
1	5377	446294.206922315105	596
1	5386	446796.028023026928	597
1	5395	447453.359955316454	598
1	5406	448577.282389439687	599
1	5415	449377.38367337738	600
1	5424	449820.833010273099	601
1	5431	450418.274733563929	602
1	5442	451394.458547188013	603
1	5453	452416.576531715736	604
1	5462	452891.853711102203	605
1	5471	453687.962402869061	606
1	5480	454585.955664608673	607
1	5485	455157.063573645473	608
1	5496	455947.921551950321	609
1	5505	457148.858811333821	610
1	5512	457522.276021353945	611
1	5521	458191.979731014044	612
1	5530	458836.928233411209	613
1	5541	459793.216131487907	614
1	5550	460507.352603226946	615
1	5561	461269.630805449606	616
1	5568	461645.051753008784	617
1	5579	462518.934891605795	618
1	5584	462876.932728523434	619
1	5593	463446.922611678064	620
1	5602	464263.999387901321	621
1	5613	465404.345477186189	622
1	5620	465721.106683183507	623
1	5629	466898.413549689621	624
1	5638	467660.486594773874	625
1	5651	468490.192002849699	626
1	5656	468856.900715734855	627
1	5665	469632.156707625882	628
1	5674	470325.390708865644	629
1	5683	471108.114072354556	630
1	5692	471573.277590796398	631
1	5705	472667.067698948131	632
1	5712	473288.71644409378	633
1	5721	474181.943743256898	634
1	5732	475004.689974943222	635
1	5739	475599.511272646533	636
1	5748	476129.22151512471	637
1	5757	477031.048627523752	638
1	5764	477740.534230694221	639
1	5775	478760.004122089641	640
1	5786	479500.648563774349	641
1	5791	479840.597749874042	642
1	5800	480309.64610050437	643
1	5809	481037.624212168204	644
1	5818	482038.52895274763	645
1	5831	483170.401512365835	646
1	5838	483775.263226730796	647
1	5849	484628.851427044766	648
1	5856	485231.141413701745	649
1	5865	485876.284075062769	650
1	5876	486748.345173988537	651
1	5881	487098.447622731374	652
1	5890	487580.095518054486	653
1	5903	488908.418731531174	654
1	5908	489244.078949186997	655
1	5921	490536.920600524218	656
1	5926	491071.389774000318	657
1	5939	491915.023845573933	658
1	5946	492372.204093681694	659
1	5953	492955.131662590475	660
1	5964	493888.246340258093	661
1	5971	494646.46428097044	662
1	5982	495337.909398693637	663
1	5991	495974.352007079915	664
1	5998	496457.421897584618	665
1	6007	496905.88663090025	666
1	6016	497831.31868243222	667
1	6029	498900.938372639985	668
1	6036	499337.423636019276	669
1	6043	499888.233336294116	670
1	6054	501181.414658529729	671
1	6061	501635.824716975958	672
1	6070	502038.000712730036	673
1	6083	503122.908210614742	674
1	6088	503568.865620810584	675
1	6097	504253.865354647905	676
1	6106	504915.465351473586	677
1	6119	506243.666476383851	678
1	6128	507142.304372135596	679
1	6133	507573.710491228895	680
1	6146	508503.646336309658	681
1	6153	508952.572286920668	682
1	6160	509705.323725706012	683
1	6169	510330.353908846201	684
1	6182	511352.295922162058	685
1	6187	511706.709551531868	686
1	6196	512570.27459372771	687
1	6205	513424.716702662456	688
1	6214	513909.570320416289	689
1	6227	515163.145468896302	690
1	6232	515708.67493827832	691
1	6243	516291.003977973062	692
1	6250	516853.421300835955	693
1	6263	518247.805284569087	694
1	6268	518609.568266803446	695
1	6279	519500.671635707888	696
1	6290	520214.236173313159	697
1	6299	521025.999943306718	698
1	6306	521636.772806989078	699
1	6315	522050.296754809145	700
1	6324	523106.697733327795	701
1	6331	523935.84624105138	702
1	6344	524690.800731070389	703
1	6353	525429.084965586712	704
1	6358	525802.750932052781	705
1	6371	526711.50732091633	706
1	6376	527278.573621809532	707
1	6389	528235.699479701048	708
1	6396	528776.037150062671	709
1	6405	529507.208851631782	710
1	6416	530437.548832967928	711
1	6425	531313.387087220377	712
1	6432	532136.127994023314	713
1	6443	532788.525125663778	714
1	6450	533354.440681356987	715
1	6461	534244.294344261339	716
1	6468	534807.112555671534	717
1	6475	535310.314580239406	718
1	6486	536283.349713357216	719
1	6493	537009.895953303253	720
1	6502	537610.039651952734	721
1	6515	538619.493613159335	722
1	6524	539243.200470088101	723
1	6531	540050.828339019842	724
1	6542	540884.146269131503	725
1	6547	541302.910933038271	726
1	6558	541941.253473283774	727
1	6565	542684.139001742056	728
1	6574	543197.494975989736	729
1	6583	543640.679552592388	730
1	6592	544612.385035213135	731
1	6601	545474.803486280195	732
1	6612	546518.067383067735	733
1	6619	547089.31683325214	734
1	6630	548063.558210525715	735
1	6637	548524.708975665324	736
1	6650	549964.059721631982	737
1	6659	550840.572013752588	738
1	6668	551539.889057306626	739
1	6677	552258.451087726333	740
1	6686	552718.880032002979	741
1	6691	553351.991296559625	742
1	6700	554021.996071748489	743
1	6713	555057.24003966903	744
1	6722	555928.588750446268	745
1	6729	556516.833531903156	746
1	6736	557009.606880974078	747
1	6745	557915.879185264983	748
1	6754	558248.415625188553	749
1	6765	559180.074322829076	750
1	6774	559796.015724074149	751
1	6783	560646.604153560528	752
1	6790	561271.038003126213	753
1	6801	562256.492216605746	754
1	6810	563147.967331577146	755
1	6819	563570.825223717892	756
1	6828	564244.040583679506	757
1	6837	565041.613987600484	758
1	6844	565604.479998070801	759
1	6853	566422.088732058236	760
1	6862	567071.155138593222	761
1	6873	567710.056839650552	762
1	6882	568536.589941568727	763
1	6891	569026.672224747071	764
1	6900	569929.929046751986	765
1	6911	570519.319418957512	766
1	6918	571041.331991460229	767
1	6925	571582.187505718376	768
1	6934	572175.687216734569	769
1	6945	572951.801870763357	770
1	6952	573518.118880642633	771
1	6961	574116.509762127008	772
1	6970	575018.687341176029	773
1	6981	575955.581561056952	774
1	6988	576530.829800991397	775
1	6999	577323.877579439487	776
1	7008	578298.597393510918	777
1	7017	578853.994802339057	778
1	7028	579550.25364006875	779
1	7035	580222.856893530171	780
1	7042	580595.556387445014	781
1	7051	581462.725962745081	782
1	7064	582497.867233352792	783
1	7069	582880.546718370226	784
1	7078	584025.768891116661	785
1	7087	584778.950801398662	786
1	7096	585334.32816811843	787
1	7105	586419.736346416233	788
1	7118	587314.692550431994	789
1	7127	588205.530565884021	790
1	7132	588776.299947872815	791
1	7141	589525.45332103042	792
1	7152	590434.533345932197	793
1	7163	591106.350697483924	794
1	7168	591496.814898122159	795
1	7177	592045.761198643652	796
1	7188	592856.036631390509	797
1	7199	593957.903907308412	798
1	7206	594650.412384979484	799
1	7213	595373.198687564639	800
1	7222	595932.573261112032	801
1	7235	596941.779777500836	802
1	7242	597699.328258959634	803
1	7253	598542.559426138235	804
1	7258	598954.941898165328	805
1	7267	599776.353522297052	806
1	7276	600614.815770741609	807
1	7287	601236.602215888035	808
1	7298	602194.382460974214	809
1	7307	602977.340644039271	810
1	7316	603498.651216644851	811
1	7323	604146.397891547588	812
1	7330	604777.277852967439	813

