version 2
run Pipelined_3Teachers-63-20190105-10:57:32-14328
attr configname Pipelined_3Teachers
attr datetime 20190105-10:57:32
attr experiment Pipelined_3Teachers
attr inifile ../simulations/omnetpp.ini
attr iterationvars "$0=\"uniform\""
attr iterationvarsf uniform-
attr measurement "$0=\"uniform\""
attr network PipelinedExamSession
attr processid 14328
attr repetition 63
attr replication #63
attr resultdir results
attr runnumber 63
attr seedset 63
param **.teachersNumber 3
param **.answerTimeDistribution "\"uniform\""
param **.minUniform 300
param **.maxUniform 900
param **.scaleLognormal 6.2854
param **.shapeLognormal 0.4724

vector 0 PipelinedExamSession examinationTime:vector ETV
attr source examFinished
vector 1 PipelinedExamSession studentID:vector ETV
attr source student
0	3138	260337.35308083708	2383.4415522404
0	3149	261306.511801946932	2508.4232412279
0	3158	262078.153361706087	2524.0255219862
0	3165	262669.310057256395	2221.5042267926
0	3172	263166.424721712271	1859.9129197653
0	3185	264492.814857093641	2414.6614953876
0	3190	264796.158927306557	1976.4840783086
0	3203	265744.590985821584	2125.0893880147
0	3212	266440.227242885182	1947.4123857915
0	3219	266967.225251533116	2042.940465454
0	3230	267832.876539230371	2088.2855534088
0	3235	268223.426649346972	1783.1994064618
0	3248	269155.599981872389	2136.4456827287
0	3255	269655.494676623518	1822.6181373931
0	3266	270651.807963894705	2376.6001196578
0	3275	271287.657543132107	2132.0575612597
0	3282	272038.285680301513	2216.5088536218
0	3291	272885.380508238475	2233.5725443438
0	3300	273687.498220754813	2399.8406776227
0	3309	274607.752511696915	2436.9114072528
0	3316	275470.797438221077	2473.1464102864
0	3327	276014.839512342613	2210.1166487206
0	3336	276852.494802279423	2194.2785697989
0	3343	277242.188303126047	1719.0880221315
0	3356	278484.60896518084	2339.3921031151
0	3363	278971.657440438892	2106.5910060424
0	3370	279280.415712716083	1682.9867463559
0	3379	280246.521289832917	1761.9123246521
0	3390	281118.787179188829	2006.3292802311
0	3397	281545.280933193889	1681.5099329688
0	3408	282728.155511850518	2098.6343096942
0	3417	283188.233050424632	1878.215428954
0	3424	283808.545902371433	1660.7303746976
0	3433	284943.672366812851	2162.2176669538
0	3442	285341.644610976826	1788.4721002076
0	3455	286543.126397905898	2148.7593095284
0	3460	286870.649859448922	1840.1159429457
0	3469	287376.285219658193	1560.3744823951
0	3482	288255.119602801305	1711.9932048954
0	3487	288827.904565120143	1791.0709221382
0	3496	289456.587869022068	2038.6317288503
0	3505	290230.977421626475	1975.8578188252
0	3514	290765.967305749681	1837.4255508184
0	3527	292190.939964400631	2614.1807536595
0	3534	292586.00744786675	2121.0142889991
0	3543	293384.682592889321	2067.0607276261
0	3552	294152.98276422548	1962.0427998248
0	3563	294890.430842852247	2176.4339666348
0	3568	295246.776435803649	1853.2284827437
0	3581	296479.372116783661	2323.9754246548
0	3586	297165.651347721023	2275.2205048688
0	3597	298138.02220621149	2497.062356025
0	3606	298884.623604035032	2405.2514872514
0	3613	299465.917264251066	2120.7414731383
0	3624	300307.273601554361	2147.6271321997
0	3631	301032.914512977032	2056.0442375019
0	3640	301578.507945220945	1846.8563185539
0	3649	302450.360995810506	1900.0900216866
0	3662	303286.81802214126	2070.0775728095
0	3671	304112.993233138722	2052.8937886935
0	3676	304438.782340195057	1784.694578452
0	3685	305068.704149918657	1781.8861277774
0	3694	306097.407759167281	1984.4145260286
0	3703	306965.520408097682	2034.9669066723
0	3714	307629.446668457268	1905.3304143716
0	3725	308504.923663660912	2167.2051523346
0	3730	308995.116780605195	1855.4329670034
0	3743	309895.253320690273	1906.5159997903
0	3752	310619.648636039375	2114.7249723785
0	3761	311372.65440635386	2095.7343810238
0	3770	312263.779785158141	2368.5264644679
0	3779	313084.189865598483	2464.5412295591
0	3784	313416.962939919932	2044.3085335661
0	3793	313892.568065598635	1628.7882804405
0	3806	315045.191942621051	1961.0020770226
0	3811	315552.795664966135	1963.9634443447
0	3824	316742.433514259784	2428.9684345946
0	3829	317353.828040789841	2308.6360981688
0	3842	318432.794527569814	2560.301202815
0	3849	319041.747312946273	2299.3137986865
0	3856	319707.540624495624	2128.5192078911
0	3867	320791.599850170343	2358.8053226005
0	3874	321384.835792752012	2192.7828532644
0	3883	322290.922764781893	2237.5069700181
0	3894	322989.209647709534	2188.2962167729
0	3901	323505.041829077558	1817.8927640431
0	3914	324349.093526322425	1887.0140761603
0	3919	324768.828369956494	1774.2411728483
0	3928	325474.930571112812	1770.2001937665
0	3937	326302.648734441057	1953.5552081186
0	3948	327030.972689716176	1982.1652301587
0	3957	328006.870192335949	2224.7836856637
0	3968	328906.294148275659	2341.1574087571
0	3973	329297.636719420583	1970.4472473823
0	3982	329973.891995893822	1899.1131245624
0	3991	330706.410116516085	1800.1159682404
0	4002	331761.966873100059	2072.467342671
0	4009	332295.67835815254	1978.1488395296
0	4020	333389.853741880538	2344.5669683162
0	4031	334401.757723605293	2480.7564376853
0	4036	334840.440993569824	2091.8739896268
0	4049	335966.431691916692	2385.4598015081
0	4056	336466.305447835508	2064.5477242302
0	4063	337079.019475774872	2003.7270538509
0	4072	337638.898407993871	1672.4667160772
0	4081	338280.875494843382	1651.4240262564
0	4090	338997.562330914695	1515.7010036521
0	4099	339816.132916649837	1876.7216220964
0	4112	340374.182202061671	1866.3245994598
0	4119	340973.741798708248	1571.1860137526
0	4130	341960.144314449314	2082.1087054443
0	4139	342854.008434293825	2479.8262322322
0	4148	343548.315065167878	2296.9872035086
0	4155	344006.508422596414	2046.3641081471
0	4166	344865.640582842786	2011.632148549
0	4173	345590.792794385959	2042.4777292181
0	4184	346651.929002394934	2598.9604989532
0	4191	347140.066168550436	2274.4255857077
0	4198	347719.018921069835	1958.1452094018
0	4207	348215.182232391124	1563.2532299962
0	4218	349256.70509305786	1866.7391875293
0	4221	349603.144490439479	1615.8279446885
0	4236	350928.555079177056	2062.2974134516
0	4247	351793.876600870897	2160.2551175281
0	4252	352208.469094382633	1765.0169982109
0	4263	353204.613853851368	2024.6931133792
0	4270	353902.661001076956	2108.7844002061
0	4279	354730.084767378901	2245.1009364333
0	4290	355710.137145593797	2402.408805443
0	4299	356293.143477709999	2105.679615587
0	4308	357513.474023295601	2488.9241339173
0	4319	358380.139609286596	2635.9903807752
0	4324	358929.657356254791	2292.2574295197
0	4335	359691.262685693835	2170.9498715121
0	4342	360418.802899215405	2038.6632899288
0	4355	361381.604004185681	2248.0767992791
0	4362	361749.554682802443	1886.6016488057
0	4369	362718.228771491011	2046.6561469249
0	4380	363621.746034873685	2240.142030688
0	4389	364447.356735868415	2396.1394082755
0	4398	365131.926272576709	2180.9089089744
0	4407	365840.092657366802	2047.6218943018
0	4416	366706.693728826975	2179.6774041373
0	4425	367131.29677861001	1903.4517591353
0	4434	367918.327537598123	1811.5289654117
0	4445	368980.731230741401	2230.6020509452
0	4454	369826.611362490837	2517.8608944174
0	4463	370627.813221886788	2493.6340981163
0	4472	371480.584808019955	2499.8535772786
0	4477	371898.464079061557	2071.8527165707
0	4486	372484.904079884324	1857.0908579975
0	4499	373729.251001775299	2248.6661937553
0	4508	374231.660649832372	2059.7647314426
0	4515	374881.963812606443	1838.2115749642
0	4524	375539.127296162803	1809.8762943875
0	4535	376484.813375026022	2253.1527251936
0	4544	377279.327567853068	2367.3142336775
0	4551	378057.736363448237	2259.9035013467
0	4558	378568.388755247031	2083.575380221
0	4567	379292.697102902492	2013.3695350494
0	4576	379969.190084282343	1877.7635992505
0	4585	380652.792901452666	2002.1211091429
0	4596	381635.800230782514	2093.2334500831
0	4607	382490.269176894834	2387.4813848175
0	4612	382898.391779093107	2077.7077279519
0	4625	384149.746345309576	2499.0274888929
0	4632	384894.055865658483	2403.7866887636
0	4639	385276.352093322238	1987.215952808
0	4648	386078.726650401985	1928.9803050924
0	4657	386684.033216675779	1727.7745742351
0	4668	387674.126365687734	2021.0594310891
0	4677	388323.439353285392	1964.3412248231
0	4686	388987.597780628165	2049.1026150528
0	4695	389851.144215557759	2014.5263521001
0	4702	390285.780189698597	1913.4031367954
0	4711	390968.927309755271	1801.0970183183
0	4720	391518.246659589967	1612.1521049179
0	4729	392372.216337779572	1949.5376430452
0	4738	392810.860595013982	1642.2193801962
0	4749	393563.483978156037	1551.4265266713
0	4756	393910.416775429657	1276.5713017434
0	4765	395119.188666204027	1927.8538053855
0	4776	396039.265089668369	2443.9508420415
0	4785	396831.570138456336	2346.7384134885
0	4796	397768.438613740764	2411.1676242203
0	4803	398337.958143884353	2244.3369280547
0	4810	398786.332612903826	1823.5477966256
0	4823	399706.095141219012	1937.6565274782
0	4828	400039.871620712839	1502.5385965593
0	4841	401219.587276736312	1953.6665216088
0	4850	402058.870939118825	2352.7757978998
0	4855	402398.640350159295	1976.8424351234
0	4866	403257.034613192119	2037.4473364558
0	4873	403711.563680833243	1652.6927417144
0	4884	404586.264180578329	1865.1957655326
0	4895	405649.4435958099	2314.9943004828
0	4900	406091.966316802465	2076.2780284043
0	4913	407157.774757174813	2369.478645036
0	4922	407974.127252586224	2324.6836567763
0	4931	408679.394595371597	2306.3521558419
0	4938	409135.000739945137	1977.2259827703
0	4945	409778.389225993343	1804.2619734071
0	4956	410749.843819392883	2070.4492240213
0	4967	411652.806231798642	2179.6627161093
0	4974	412531.867803353854	2288.3809754625
0	4981	413027.003402821758	2242.2835167032
0	4990	413660.82890848633	2008.0226766877
0	4999	414468.087015207895	1930.5771464948
0	5010	415421.108606876844	2131.1231423635
0	5019	416111.473474418783	2044.3527590018
0	5030	417031.673509581052	2174.651619466
0	5039	417857.677546190135	2352.7894085739
0	5044	418555.941519141234	2314.1317497008
0	5055	419432.613885775246	2400.9403761942
0	5066	420415.854614507444	2558.1770683173
0	5073	421047.328853001855	2347.6743483916
0	5084	421981.143260747231	2441.7571447324
0	5089	422567.463978985361	2151.6093644779
0	5098	423045.092120580412	1731.9011998829
0	5111	424129.879625514187	2148.736364767
0	5120	425013.662906829305	2325.6553337909
0	5127	425506.175001338162	2191.461836407
0	5136	425979.830304672979	1849.9506791588
0	5145	426619.950867723711	1606.2879608944
0	5152	427314.501252584196	1801.117295539
0	5163	428141.72838348899	2154.0344929788
0	5174	428920.301935588978	2139.3258460332
0	5179	429715.203901240639	2105.7728177402
0	5192	430362.324972683601	1916.8979882263
0	5201	431068.24396010492	2147.9420245159
0	5210	431768.950731586702	1985.5815249961
0	5217	432432.040764251761	2069.7157915682
0	5224	432758.448418322988	1690.2044582181
0	5235	434077.72553740073	2308.774805814
0	5244	434735.156421549656	2111.6795032751
0	5251	435349.672741536089	1872.9368744418
0	5260	436061.158297117837	1788.2796771359
0	5271	436880.950277438424	1882.4683276936
0	5274	437211.867981730066	1549.0508494433
0	5289	438701.88238942068	2264.9564709049
0	5298	439282.112188031933	2009.2554650735
0	5305	440059.198276000134	1958.3302674349
0	5314	440532.731278426981	1664.3279399257
0	5327	441979.187568789383	2227.3689351976
0	5336	442825.692530628329	2416.5291595738
0	5345	443555.504624499043	2362.5533383805
0	5354	444434.657571930473	2455.4700031411
0	5361	445079.666318558191	2253.9737879299
0	5368	445819.619975192507	2264.1153506935
0	5381	446617.499589733814	2182.8420178033
0	5388	447234.178567305242	2021.4797819965
0	5395	447935.103054111858	1988.2610823959
0	5404	448366.649924078991	1749.1503343452
0	5415	449593.023860128631	2208.2846788689
0	5422	450141.673231730272	1890.6721165404
0	5431	450781.805728655343	1874.7240986209
0	5440	451265.743315313046	1634.200918721
0	5449	452114.705642312799	1679.5591827482
0	5460	453211.936586257104	2081.7904406693
0	5467	453829.81248297732	2267.8115056828
0	5476	454461.366945505177	1999.5665260591
0	5485	455088.717920612579	1772.4951193202
0	5496	455751.90592487346	1606.2441428192
0	5507	457092.840458219905	2531.9161965977
0	5516	457936.12693632025	2601.8005820923
0	5521	458484.819040261244	2283.8471163064
0	5530	459133.45645051453	2040.6159922946
0	5539	460085.193672403728	2149.0667360835
0	5548	460852.982093906065	2028.6174920853
0	5557	461695.913775824046	2225.4828704987
0	5570	462404.948173323682	2122.9576785117
0	5577	462921.994085423684	1893.6760533135
0	5584	463448.083131155035	1544.3680433091
0	5593	463873.028779495543	1468.0806061719
0	5606	465020.404147077388	2024.2664088495
0	5611	465358.47111297775	1837.9203960299
0	5624	466644.048672588579	2478.8381191436
0	5629	466955.854892358221	1935.4507452808
0	5642	468174.173182435371	2369.8865446262
0	5651	469012.341575324573	2368.292902736
0	5658	469721.141108544581	2249.8880352359
0	5669	470614.433291042261	2440.2601086069
0	5676	471092.406079452522	2080.0645041279
0	5683	471834.920912236013	1996.554045612
0	5692	472486.131188739128	1871.6978976969
0	5701	473193.644369021095	1806.9478154182
0	5710	473791.67395555418	1633.6440510582
0	5723	474501.28692872826	1620.3598979395
0	5728	474948.643031576686	1558.6690463126
0	5741	476049.414729047604	2043.2958084159
0	5746	476459.775000438132	1958.4880717099
0	5755	476859.827139414885	1482.6918220147
0	5766	477860.026388056613	1810.611659009
0	5773	478278.618874959685	1682.8990152106
0	5786	479259.277660818808	1979.4824527111
0	5795	480134.326859191098	2166.4985625073
0	5804	480881.558305537366	2253.3793911338
0	5809	481558.605997916349	2299.3283370975
0	5820	482105.61828855429	1971.2914293632
0	5831	483017.453948501536	2135.8956429642
0	5836	483353.00311599862	1666.0282749217
0	5845	484169.013223238328	2001.0594131425
0	5856	485071.761596063191	2054.3076475617
0	5867	485736.548342602367	2103.6817844957
0	5872	486413.431313680524	1945.216205623
0	5885	487270.631568599532	2010.2872094605
0	5892	487930.668391194234	2194.1200485919
0	5901	488845.538651570718	2217.2328871675
0	5908	489348.36088931192	2077.7293207124
0	5917	489756.122893234754	1784.1261774302
0	5930	490790.511542838107	1927.2132750135
0	5937	491382.045622402842	1929.5628811698
0	5944	491866.416254779365	1967.5153205171
0	5955	493126.280790288042	2335.7692474499
0	5962	493580.556676397141	2032.7679004055
0	5971	494226.420125691261	1816.1424509715
0	5982	495287.503482587676	2031.8502933718
0	5993	496064.07874817964	2185.8496936038
0	5998	496462.118324311491	1728.604129795
0	6007	497066.761432634707	1770.8357518539
0	6016	498083.055681176525	2018.9769329969
0	6027	498978.317021951121	2249.3687425274
0	6038	499647.419561818284	2112.6305219717
0	6045	500235.643611894962	1877.8083034325
0	6052	500688.44024743889	1691.498136241
0	6063	501810.722644301174	2163.3030824829
0	6072	502478.672193316785	1946.5528923087
0	6081	503110.4141493794	1911.8027189746
0	6088	503735.57448894721	1826.3865564018
0	6097	504677.171703754035	2155.1156523172
0	6106	505255.262123560575	1963.813329488
0	6115	506095.769820967731	1928.7502460182
0	6128	507009.771309094546	2128.7479479332
0	6133	507487.27425481197	1831.6069979221
0	6146	508237.914198450787	1940.9201708157
0	6151	508573.284553131131	1563.5132440366
0	6160	509392.724889284042	1719.2716701888
0	6173	510467.771533085076	2229.8573346343
0	6178	510849.928526161281	1862.1093446854
0	6191	511644.712994713379	1849.7820708901
0	6198	512394.186773104636	1926.4152400196
0	6209	513223.681291518776	2063.4158026893
0	6214	513622.828424396036	1978.1154296827
0	6225	514785.302497353448	2387.9819015041
0	6234	515253.517618356316	2029.8363268375
0	6245	515877.853866247504	1830.7576937601
0	6252	516588.401994388594	1766.0746348556
0	6259	516899.903065245642	1523.4051186126
0	6270	518025.858884677334	2148.0050184298
0	6281	519027.360315201848	2320.0999927707
0	6290	519744.080513902053	2257.8610697296
0	6297	520371.931508090392	2199.7608162928
0	6306	521113.467962248295	2086.1076470464
0	6317	521889.930344838693	2145.8498309366
0	6326	522668.919027736455	2181.8628054578
0	6331	523044.938739761755	1887.7162121236
0	6340	523505.877132201612	1615.9467873629
0	6353	525236.84522104454	2567.9261933081
0	6358	525582.089106738612	2117.8232133854
0	6363	526060.187380341857	1713.1095468532
0	6378	527306.1630932149	2069.3178721704
0	6387	527766.839309921534	1697.4414614495
0	6396	528381.754144839988	1724.2762859445
0	6405	529129.886351432697	1688.821193995
0	6412	529784.620802057953	1945.6762215123
0	6421	530250.469528930307	1526.4308386948
0	6430	531173.817586479754	1979.0172900539
0	6441	532100.591437378944	2200.095723616
0	6452	533065.808671060996	2348.0138177052
0	6457	533684.93149951105	2208.6201646831
0	6468	534615.554372174712	2423.0101309251
0	6477	535382.451735483529	2316.6430644225
0	6488	536174.311875645118	2290.9364559688
0	6495	536897.640449926304	2167.8767655976
0	6506	537691.399321658583	2251.5187678859
0	6513	538397.189791593747	2222.8779159486
0	6520	539039.651524415286	2108.3322614897
0	6531	539835.125497821765	2143.7261761632
0	6542	540845.570894703315	2435.2507827803
0	6547	541307.877077814238	2099.3467323482
0	6560	542585.339401289867	2515.2941375971
0	6567	543163.518036156939	2317.9471414536
0	6576	543576.272199489223	1858.5801602807
0	6583	543921.080049360218	1335.7406480704
0	6594	544996.433039289015	1812.9829023499
0	6605	545906.814400060149	2230.5202164687
0	6612	546578.288760781335	2287.7444115467
0	6619	546887.386262929114	1778.6006710958
0	6628	547437.556397868367	1530.7419978082
0	6637	548311.844716267706	1683.6369674653
0	6650	549452.656534127938	2231.0863577295
0	6659	550325.915045337799	2377.8237897903
0	6664	550739.91405428392	2115.2170642745
0	6673	551431.051902193623	1978.3953680657
0	6684	552415.817551408011	2089.9025060702
0	6691	552822.215569904122	1737.260684045
0	6704	553958.168925298426	2195.43880946
0	6709	554355.269359052229	1804.1389484424
0	6720	555323.176591191489	1962.885871483
0	6727	555835.914781177465	1877.745855879
0	6738	556592.857944499751	1943.7183461152
0	6747	557247.148256097039	1888.6805854272
0	6758	558059.111958509361	2190.6549935695
0	6765	558488.829290354674	1839.7626437712
0	6776	559558.588937949439	2222.8969763964
0	6781	560402.916297409733	2343.8043389004
0	6792	561057.236606441488	2273.6138334498
0	6799	561649.222881021028	2090.6339430716
0	6808	562506.558206956883	2053.4507410135
0	6817	563053.254497749782	1754.6439770143
0	6830	564503.557093860632	2472.797652008
0	6835	565114.987835381231	2294.8867287487
0	6844	565757.916652411273	2040.4040111694
0	6853	566444.879232253931	1941.3221383933
0	6862	567011.464232672057	1674.6116733178
0	6875	568470.49873690126	2396.3139514904
0	6884	569253.740048920787	2406.5533612389
0	6893	570123.807191150314	2475.41077598
0	6902	571019.304127804986	2548.8053909037
0	6907	571426.266637444547	2172.5265885238
0	6918	572594.605033379099	2470.7978422288
0	6927	573195.34213137818	2176.0380035732
0	6934	573550.317722931555	1642.1256019268
0	6943	574393.075989140249	1702.0390816033
0	6952	575334.789668396166	1839.4297204446
0	6965	576522.355194669268	2365.353260329
0	6972	577252.051017712853	2262.2070915531
0	6983	578114.38604174187	2465.2545341291
0	6990	578492.061015497945	1969.7058208287
0	6993	578809.624643437616	1469.4173576776
0	7006	579655.941534088976	1541.5554923471
0	7019	580962.477358197845	2138.5886735748
0	7024	581347.111816937156	1765.4694406316
0	7037	582555.203405208937	2112.6775050536
0	7044	583219.862547749705	2257.3851895519
0	7051	583726.59070682717	1914.1482156236
0	7064	584655.451454641349	2100.2480494324
0	7071	585239.70308233989	1913.5379588697
0	7082	586215.288661513529	2353.3878749236
0	7089	586814.611695427499	2159.1602407862
0	7100	587668.08767784392	2205.4573589936
0	7107	588056.240036711148	1840.9513751976
0	7114	588917.994228657386	2037.3305224814
0	7125	589613.074583793111	1944.9869059492
0	7136	590573.134209215693	2243.2743617333
0	7143	591169.952616607822	2082.751987176
0	7152	592013.576047075964	2337.6787647139
0	7159	592314.500612765602	1741.3664035499
0	7168	593072.735408088244	1661.0526284203
0	7177	593663.020815700344	1554.8753833864
0	7190	594905.235169502027	2305.4711455945
0	7197	595254.249035753362	1907.5986540411
0	7208	596447.871100064419	2232.3028760031
0	7213	596778.171240259014	1872.936070757
0	7222	597583.700712863408	1813.6996070389
0	7233	598398.255127994397	1950.38402793
0	7240	599058.457432687336	1825.3394984175
0	7249	599493.527534930088	1767.9511605296
0	7258	600097.653238009715	1517.6174595952
0	7267	601118.113039713406	1930.6285527069
0	7278	601950.027873320559	2014.3712138291
0	7285	602450.220274552757	1723.307571793
0	7296	603400.263183843398	2088.816822879
0	7305	604299.387774104306	2213.4158950299
1	3138	260337.35308083708	347
1	3149	261306.511801946932	348
1	3158	262078.153361706087	349
1	3165	262669.310057256395	350
1	3172	263166.424721712271	351
1	3185	264492.814857093641	352
1	3190	264796.158927306557	353
1	3203	265744.590985821584	354
1	3212	266440.227242885182	355
1	3219	266967.225251533116	356
1	3230	267832.876539230371	357
1	3235	268223.426649346972	358
1	3248	269155.599981872389	359
1	3255	269655.494676623518	360
1	3266	270651.807963894705	361
1	3275	271287.657543132107	362
1	3282	272038.285680301513	363
1	3291	272885.380508238475	364
1	3300	273687.498220754813	365
1	3309	274607.752511696915	366
1	3316	275470.797438221077	367
1	3327	276014.839512342613	368
1	3336	276852.494802279423	369
1	3343	277242.188303126047	370
1	3356	278484.60896518084	371
1	3363	278971.657440438892	372
1	3370	279280.415712716083	373
1	3379	280246.521289832917	374
1	3390	281118.787179188829	375
1	3397	281545.280933193889	376
1	3408	282728.155511850518	377
1	3417	283188.233050424632	378
1	3424	283808.545902371433	379
1	3433	284943.672366812851	380
1	3442	285341.644610976826	381
1	3455	286543.126397905898	382
1	3460	286870.649859448922	383
1	3469	287376.285219658193	384
1	3482	288255.119602801305	385
1	3487	288827.904565120143	386
1	3496	289456.587869022068	387
1	3505	290230.977421626475	388
1	3514	290765.967305749681	389
1	3527	292190.939964400631	390
1	3534	292586.00744786675	391
1	3543	293384.682592889321	392
1	3552	294152.98276422548	393
1	3563	294890.430842852247	394
1	3568	295246.776435803649	395
1	3581	296479.372116783661	396
1	3586	297165.651347721023	397
1	3597	298138.02220621149	398
1	3606	298884.623604035032	399
1	3613	299465.917264251066	400
1	3624	300307.273601554361	401
1	3631	301032.914512977032	402
1	3640	301578.507945220945	403
1	3649	302450.360995810506	404
1	3662	303286.81802214126	405
1	3671	304112.993233138722	406
1	3676	304438.782340195057	407
1	3685	305068.704149918657	408
1	3694	306097.407759167281	409
1	3703	306965.520408097682	410
1	3714	307629.446668457268	411
1	3725	308504.923663660912	412
1	3730	308995.116780605195	413
1	3743	309895.253320690273	414
1	3752	310619.648636039375	415
1	3761	311372.65440635386	416
1	3770	312263.779785158141	417
1	3779	313084.189865598483	418
1	3784	313416.962939919932	419
1	3793	313892.568065598635	420
1	3806	315045.191942621051	421
1	3811	315552.795664966135	422
1	3824	316742.433514259784	423
1	3829	317353.828040789841	424
1	3842	318432.794527569814	425
1	3849	319041.747312946273	426
1	3856	319707.540624495624	427
1	3867	320791.599850170343	428
1	3874	321384.835792752012	429
1	3883	322290.922764781893	430
1	3894	322989.209647709534	431
1	3901	323505.041829077558	432
1	3914	324349.093526322425	433
1	3919	324768.828369956494	434
1	3928	325474.930571112812	435
1	3937	326302.648734441057	436
1	3948	327030.972689716176	437
1	3957	328006.870192335949	438
1	3968	328906.294148275659	439
1	3973	329297.636719420583	440
1	3982	329973.891995893822	441
1	3991	330706.410116516085	442
1	4002	331761.966873100059	443
1	4009	332295.67835815254	444
1	4020	333389.853741880538	445
1	4031	334401.757723605293	446
1	4036	334840.440993569824	447
1	4049	335966.431691916692	448
1	4056	336466.305447835508	449
1	4063	337079.019475774872	450
1	4072	337638.898407993871	451
1	4081	338280.875494843382	452
1	4090	338997.562330914695	453
1	4099	339816.132916649837	454
1	4112	340374.182202061671	455
1	4119	340973.741798708248	456
1	4130	341960.144314449314	457
1	4139	342854.008434293825	458
1	4148	343548.315065167878	459
1	4155	344006.508422596414	460
1	4166	344865.640582842786	461
1	4173	345590.792794385959	462
1	4184	346651.929002394934	463
1	4191	347140.066168550436	464
1	4198	347719.018921069835	465
1	4207	348215.182232391124	466
1	4218	349256.70509305786	467
1	4221	349603.144490439479	468
1	4236	350928.555079177056	469
1	4247	351793.876600870897	470
1	4252	352208.469094382633	471
1	4263	353204.613853851368	472
1	4270	353902.661001076956	473
1	4279	354730.084767378901	474
1	4290	355710.137145593797	475
1	4299	356293.143477709999	476
1	4308	357513.474023295601	477
1	4319	358380.139609286596	478
1	4324	358929.657356254791	479
1	4335	359691.262685693835	480
1	4342	360418.802899215405	481
1	4355	361381.604004185681	482
1	4362	361749.554682802443	483
1	4369	362718.228771491011	484
1	4380	363621.746034873685	485
1	4389	364447.356735868415	486
1	4398	365131.926272576709	487
1	4407	365840.092657366802	488
1	4416	366706.693728826975	489
1	4425	367131.29677861001	490
1	4434	367918.327537598123	491
1	4445	368980.731230741401	492
1	4454	369826.611362490837	493
1	4463	370627.813221886788	494
1	4472	371480.584808019955	495
1	4477	371898.464079061557	496
1	4486	372484.904079884324	497
1	4499	373729.251001775299	498
1	4508	374231.660649832372	499
1	4515	374881.963812606443	500
1	4524	375539.127296162803	501
1	4535	376484.813375026022	502
1	4544	377279.327567853068	503
1	4551	378057.736363448237	504
1	4558	378568.388755247031	505
1	4567	379292.697102902492	506
1	4576	379969.190084282343	507
1	4585	380652.792901452666	508
1	4596	381635.800230782514	509
1	4607	382490.269176894834	510
1	4612	382898.391779093107	511
1	4625	384149.746345309576	512
1	4632	384894.055865658483	513
1	4639	385276.352093322238	514
1	4648	386078.726650401985	515
1	4657	386684.033216675779	516
1	4668	387674.126365687734	517
1	4677	388323.439353285392	518
1	4686	388987.597780628165	519
1	4695	389851.144215557759	520
1	4702	390285.780189698597	521
1	4711	390968.927309755271	522
1	4720	391518.246659589967	523
1	4729	392372.216337779572	524
1	4738	392810.860595013982	525
1	4749	393563.483978156037	526
1	4756	393910.416775429657	527
1	4765	395119.188666204027	528
1	4776	396039.265089668369	529
1	4785	396831.570138456336	530
1	4796	397768.438613740764	531
1	4803	398337.958143884353	532
1	4810	398786.332612903826	533
1	4823	399706.095141219012	534
1	4828	400039.871620712839	535
1	4841	401219.587276736312	536
1	4850	402058.870939118825	537
1	4855	402398.640350159295	538
1	4866	403257.034613192119	539
1	4873	403711.563680833243	540
1	4884	404586.264180578329	541
1	4895	405649.4435958099	542
1	4900	406091.966316802465	543
1	4913	407157.774757174813	544
1	4922	407974.127252586224	545
1	4931	408679.394595371597	546
1	4938	409135.000739945137	547
1	4945	409778.389225993343	548
1	4956	410749.843819392883	549
1	4967	411652.806231798642	550
1	4974	412531.867803353854	551
1	4981	413027.003402821758	552
1	4990	413660.82890848633	553
1	4999	414468.087015207895	554
1	5010	415421.108606876844	555
1	5019	416111.473474418783	556
1	5030	417031.673509581052	557
1	5039	417857.677546190135	558
1	5044	418555.941519141234	559
1	5055	419432.613885775246	560
1	5066	420415.854614507444	561
1	5073	421047.328853001855	562
1	5084	421981.143260747231	563
1	5089	422567.463978985361	564
1	5098	423045.092120580412	565
1	5111	424129.879625514187	566
1	5120	425013.662906829305	567
1	5127	425506.175001338162	568
1	5136	425979.830304672979	569
1	5145	426619.950867723711	570
1	5152	427314.501252584196	571
1	5163	428141.72838348899	572
1	5174	428920.301935588978	573
1	5179	429715.203901240639	574
1	5192	430362.324972683601	575
1	5201	431068.24396010492	576
1	5210	431768.950731586702	577
1	5217	432432.040764251761	578
1	5224	432758.448418322988	579
1	5235	434077.72553740073	580
1	5244	434735.156421549656	581
1	5251	435349.672741536089	582
1	5260	436061.158297117837	583
1	5271	436880.950277438424	584
1	5274	437211.867981730066	585
1	5289	438701.88238942068	586
1	5298	439282.112188031933	587
1	5305	440059.198276000134	588
1	5314	440532.731278426981	589
1	5327	441979.187568789383	590
1	5336	442825.692530628329	591
1	5345	443555.504624499043	592
1	5354	444434.657571930473	593
1	5361	445079.666318558191	594
1	5368	445819.619975192507	595
1	5381	446617.499589733814	596
1	5388	447234.178567305242	597
1	5395	447935.103054111858	598
1	5404	448366.649924078991	599
1	5415	449593.023860128631	600
1	5422	450141.673231730272	601
1	5431	450781.805728655343	602
1	5440	451265.743315313046	603
1	5449	452114.705642312799	604
1	5460	453211.936586257104	605
1	5467	453829.81248297732	606
1	5476	454461.366945505177	607
1	5485	455088.717920612579	608
1	5496	455751.90592487346	609
1	5507	457092.840458219905	610
1	5516	457936.12693632025	611
1	5521	458484.819040261244	612
1	5530	459133.45645051453	613
1	5539	460085.193672403728	614
1	5548	460852.982093906065	615
1	5557	461695.913775824046	616
1	5570	462404.948173323682	617
1	5577	462921.994085423684	618
1	5584	463448.083131155035	619
1	5593	463873.028779495543	620
1	5606	465020.404147077388	621
1	5611	465358.47111297775	622
1	5624	466644.048672588579	623
1	5629	466955.854892358221	624
1	5642	468174.173182435371	625
1	5651	469012.341575324573	626
1	5658	469721.141108544581	627
1	5669	470614.433291042261	628
1	5676	471092.406079452522	629
1	5683	471834.920912236013	630
1	5692	472486.131188739128	631
1	5701	473193.644369021095	632
1	5710	473791.67395555418	633
1	5723	474501.28692872826	634
1	5728	474948.643031576686	635
1	5741	476049.414729047604	636
1	5746	476459.775000438132	637
1	5755	476859.827139414885	638
1	5766	477860.026388056613	639
1	5773	478278.618874959685	640
1	5786	479259.277660818808	641
1	5795	480134.326859191098	642
1	5804	480881.558305537366	643
1	5809	481558.605997916349	644
1	5820	482105.61828855429	645
1	5831	483017.453948501536	646
1	5836	483353.00311599862	647
1	5845	484169.013223238328	648
1	5856	485071.761596063191	649
1	5867	485736.548342602367	650
1	5872	486413.431313680524	651
1	5885	487270.631568599532	652
1	5892	487930.668391194234	653
1	5901	488845.538651570718	654
1	5908	489348.36088931192	655
1	5917	489756.122893234754	656
1	5930	490790.511542838107	657
1	5937	491382.045622402842	658
1	5944	491866.416254779365	659
1	5955	493126.280790288042	660
1	5962	493580.556676397141	661
1	5971	494226.420125691261	662
1	5982	495287.503482587676	663
1	5993	496064.07874817964	664
1	5998	496462.118324311491	665
1	6007	497066.761432634707	666
1	6016	498083.055681176525	667
1	6027	498978.317021951121	668
1	6038	499647.419561818284	669
1	6045	500235.643611894962	670
1	6052	500688.44024743889	671
1	6063	501810.722644301174	672
1	6072	502478.672193316785	673
1	6081	503110.4141493794	674
1	6088	503735.57448894721	675
1	6097	504677.171703754035	676
1	6106	505255.262123560575	677
1	6115	506095.769820967731	678
1	6128	507009.771309094546	679
1	6133	507487.27425481197	680
1	6146	508237.914198450787	681
1	6151	508573.284553131131	682
1	6160	509392.724889284042	683
1	6173	510467.771533085076	684
1	6178	510849.928526161281	685
1	6191	511644.712994713379	686
1	6198	512394.186773104636	687
1	6209	513223.681291518776	688
1	6214	513622.828424396036	689
1	6225	514785.302497353448	690
1	6234	515253.517618356316	691
1	6245	515877.853866247504	692
1	6252	516588.401994388594	693
1	6259	516899.903065245642	694
1	6270	518025.858884677334	695
1	6281	519027.360315201848	696
1	6290	519744.080513902053	697
1	6297	520371.931508090392	698
1	6306	521113.467962248295	699
1	6317	521889.930344838693	700
1	6326	522668.919027736455	701
1	6331	523044.938739761755	702
1	6340	523505.877132201612	703
1	6353	525236.84522104454	704
1	6358	525582.089106738612	705
1	6363	526060.187380341857	706
1	6378	527306.1630932149	707
1	6387	527766.839309921534	708
1	6396	528381.754144839988	709
1	6405	529129.886351432697	710
1	6412	529784.620802057953	711
1	6421	530250.469528930307	712
1	6430	531173.817586479754	713
1	6441	532100.591437378944	714
1	6452	533065.808671060996	715
1	6457	533684.93149951105	716
1	6468	534615.554372174712	717
1	6477	535382.451735483529	718
1	6488	536174.311875645118	719
1	6495	536897.640449926304	720
1	6506	537691.399321658583	721
1	6513	538397.189791593747	722
1	6520	539039.651524415286	723
1	6531	539835.125497821765	724
1	6542	540845.570894703315	725
1	6547	541307.877077814238	726
1	6560	542585.339401289867	727
1	6567	543163.518036156939	728
1	6576	543576.272199489223	729
1	6583	543921.080049360218	730
1	6594	544996.433039289015	731
1	6605	545906.814400060149	732
1	6612	546578.288760781335	733
1	6619	546887.386262929114	734
1	6628	547437.556397868367	735
1	6637	548311.844716267706	736
1	6650	549452.656534127938	737
1	6659	550325.915045337799	738
1	6664	550739.91405428392	739
1	6673	551431.051902193623	740
1	6684	552415.817551408011	741
1	6691	552822.215569904122	742
1	6704	553958.168925298426	743
1	6709	554355.269359052229	744
1	6720	555323.176591191489	745
1	6727	555835.914781177465	746
1	6738	556592.857944499751	747
1	6747	557247.148256097039	748
1	6758	558059.111958509361	749
1	6765	558488.829290354674	750
1	6776	559558.588937949439	751
1	6781	560402.916297409733	752
1	6792	561057.236606441488	753
1	6799	561649.222881021028	754
1	6808	562506.558206956883	755
1	6817	563053.254497749782	756
1	6830	564503.557093860632	757
1	6835	565114.987835381231	758
1	6844	565757.916652411273	759
1	6853	566444.879232253931	760
1	6862	567011.464232672057	761
1	6875	568470.49873690126	762
1	6884	569253.740048920787	763
1	6893	570123.807191150314	764
1	6902	571019.304127804986	765
1	6907	571426.266637444547	766
1	6918	572594.605033379099	767
1	6927	573195.34213137818	768
1	6934	573550.317722931555	769
1	6943	574393.075989140249	770
1	6952	575334.789668396166	771
1	6965	576522.355194669268	772
1	6972	577252.051017712853	773
1	6983	578114.38604174187	774
1	6990	578492.061015497945	775
1	6993	578809.624643437616	776
1	7006	579655.941534088976	777
1	7019	580962.477358197845	778
1	7024	581347.111816937156	779
1	7037	582555.203405208937	780
1	7044	583219.862547749705	781
1	7051	583726.59070682717	782
1	7064	584655.451454641349	783
1	7071	585239.70308233989	784
1	7082	586215.288661513529	785
1	7089	586814.611695427499	786
1	7100	587668.08767784392	787
1	7107	588056.240036711148	788
1	7114	588917.994228657386	789
1	7125	589613.074583793111	790
1	7136	590573.134209215693	791
1	7143	591169.952616607822	792
1	7152	592013.576047075964	793
1	7159	592314.500612765602	794
1	7168	593072.735408088244	795
1	7177	593663.020815700344	796
1	7190	594905.235169502027	797
1	7197	595254.249035753362	798
1	7208	596447.871100064419	799
1	7213	596778.171240259014	800
1	7222	597583.700712863408	801
1	7233	598398.255127994397	802
1	7240	599058.457432687336	803
1	7249	599493.527534930088	804
1	7258	600097.653238009715	805
1	7267	601118.113039713406	806
1	7278	601950.027873320559	807
1	7285	602450.220274552757	808
1	7296	603400.263183843398	809
1	7305	604299.387774104306	810

