version 2
run Pipelined_3Teachers-56-20190105-10:57:30-15708
attr configname Pipelined_3Teachers
attr datetime 20190105-10:57:30
attr experiment Pipelined_3Teachers
attr inifile ../simulations/omnetpp.ini
attr iterationvars "$0=\"uniform\""
attr iterationvarsf uniform-
attr measurement "$0=\"uniform\""
attr network PipelinedExamSession
attr processid 15708
attr repetition 56
attr replication #56
attr resultdir results
attr runnumber 56
attr seedset 56
param **.teachersNumber 3
param **.answerTimeDistribution "\"uniform\""
param **.minUniform 300
param **.maxUniform 900
param **.scaleLognormal 6.2854
param **.shapeLognormal 0.4724

vector 0 PipelinedExamSession examinationTime:vector ETV
attr source examFinished
vector 1 PipelinedExamSession studentID:vector ETV
attr source student
0	3185	260712.071649078298	2027.427985752
0	3192	261524.091491242889	2154.9470135942
0	3203	262284.096735622752	2061.7598120123
0	3212	263114.540200727079	2402.4685516488
0	3217	263639.042517263461	2029.0027863812
0	3230	264559.835609514285	2275.7388738915
0	3239	265431.994048878569	2317.4538481515
0	3246	266066.929928027112	2245.0173308607
0	3253	266677.883861493338	2118.0482519791
0	3262	267494.122596597318	2062.1285477187
0	3271	268631.632117135469	2336.4156996366
0	3280	269157.458126870934	2058.4025358316
0	3289	270066.464861948062	2115.8160247374
0	3300	270971.29305358978	2136.460294202
0	3311	271938.869063509648	2621.4902083855
0	3318	272324.344587139805	2120.347284805
0	3329	273542.43897870185	2466.7828385253
0	3336	274427.338856784647	2488.469793275
0	3343	274853.138886624967	2171.1913737003
0	3354	275958.08459208349	2415.6456133816
0	3365	276940.57760713624	2510.1958556101
0	3372	277647.779105370885	2432.9918104224
0	3379	277998.312065005323	1916.5391505696
0	3388	278881.96456572043	1941.3869585842
0	3397	279408.887569885721	1643.1755878497
0	3408	280244.569531688487	1771.6979976743
0	3419	281035.737739875933	1744.0523876343
0	3428	281931.497906707248	2199.4999735616
0	3433	282345.211145980304	2099.5927606244
0	3442	282971.899949060774	1936.1622091848
0	3451	283765.113568352557	1833.6156616453
0	3460	284566.644248412943	1918.8460035715
0	3471	285861.303678620628	2431.583408732
0	3478	286336.672716820635	2035.4942239355
0	3489	287183.949152939044	2055.2812926471
0	3496	287811.569702625297	1876.1835104786
0	3507	288619.423748133726	1916.2081932183
0	3518	289419.877231400482	1830.8111535385
0	3523	289850.242770602949	1936.1134991515
0	3532	290419.16353935378	1787.0969514828
0	3543	291818.234153604157	2398.3569222037
0	3552	292473.650326766096	2223.3004595619
0	3563	293321.347361477114	2181.5653828438
0	3570	293862.013477273308	1912.3663330916
0	3577	294752.77716452258	1927.0121448208
0	3590	295722.377356980018	2401.0299955029
0	3595	296086.771883396454	1981.1808058061
0	3604	296855.222141928993	1888.3479095064
0	3615	297771.081949397944	2048.7045924179
0	3626	298682.015304313995	2157.1256051771
0	3635	299391.526993084721	2279.6198125463
0	3642	299980.742521164961	2125.429989025
0	3649	300381.931431312136	1699.9161269981
0	3662	301573.668929329165	2182.1419362444
0	3667	302074.264425085881	2066.6798602324
0	3676	302797.976414300525	1981.2663946766
0	3689	303629.274200135865	2055.6052708067
0	3694	304160.526545019843	1753.3794946969
0	3703	304848.355609830492	2025.5088786129
0	3712	305572.822944726818	1943.548744591
0	3721	306361.578605370619	1873.2094764244
0	3730	306994.423917168775	1862.152334908
0	3739	307692.906470736512	1732.6208044309
0	3752	309088.351593771973	2308.6280867457
0	3761	309930.387013871246	2607.2334214579
0	3770	310701.641114847758	2487.412340194
0	3777	311346.640771720582	2258.2891779486
0	3784	312002.202477213019	2071.8154633418
0	3793	312711.28226439471	2009.641149547
0	3804	313837.99279010857	2291.0414207261
0	3815	314680.463081644871	2279.0052588098
0	3820	315144.301668182038	2052.7044417802
0	3829	315890.53789135071	1918.4324407484
0	3838	316987.000418873527	2306.5373372287
0	3847	317345.781967090466	1793.6312297825
0	3856	317968.831259803869	1581.2374665868
0	3865	318940.484521072381	1945.4927705694
0	3878	319974.576958129207	2285.9586602077
0	3885	320607.584181753943	2171.8446434475
0	3892	321036.655609169999	1720.0688636396
0	3901	322033.557604439582	2058.9806463104
0	3914	323251.679873513083	2434.8729995079
0	3923	323975.007765507351	2377.5212124456
0	3930	324633.415460167478	2225.7991054561
0	3939	325481.635338440563	2229.9554649275
0	3950	326365.66213695335	2390.654371446
0	3959	327110.837706131887	2283.4829536267
0	3966	327796.905170800191	2206.0279443394
0	3973	328273.302994854775	1907.6408579014
0	3984	329081.028165668276	1970.1904595364
0	3993	329806.89714462499	1994.025575649
0	4004	330607.02234744097	2095.191217633
0	4011	331278.19520118649	2048.3753009699
0	4018	331788.727255398434	1823.2673903927
0	4027	332520.295387459945	1913.273040019
0	4040	333795.04336682151	2417.9768127389
0	4047	334358.301969990162	2137.8890496679
0	4054	334841.207578126368	1826.9636852201
0	4063	335542.987151071457	1747.9437842499
0	4074	336547.188921505612	2075.6604476832
0	4085	337263.135396363241	2146.102931723
0	4090	337730.045923450989	1809.2292529531
0	4101	338538.14553916457	1970.9918242414
0	4112	339288.981742691276	2025.846346328
0	4117	339692.253083456335	1820.3285836615
0	4126	340454.186049196897	1914.371889364
0	4135	341150.513258529854	1861.5315158386
0	4144	342005.474554980201	2007.0797187276
0	4155	342506.264176871655	1695.7718089689
0	4166	343480.856349226115	1874.5269826613
0	4173	343992.262273002444	1898.2189008035
0	4184	344972.157881129561	2179.1934175417
0	4189	345581.400685664294	2100.5443364382
0	4198	346210.308875050424	2128.8236876484
0	4207	347136.537560401513	2164.379679272
0	4218	347777.996019506855	1957.8727799468
0	4227	348631.587647181032	2110.3512437548
0	4236	349469.127448741375	2151.5453422442
0	4247	350255.091930460213	2316.4243224543
0	4252	350690.696925530238	1941.8839705177
0	4265	351582.628559321193	1976.9971093163
0	4274	352441.267053131042	2186.1751226708
0	4283	353199.880024837358	2413.4585422464
0	4290	353774.770488543464	2192.1419292223
0	4297	354128.154686093358	1686.8876329623
0	4308	355153.967442316963	1954.0874174796
0	4315	355585.490874107956	1492.6242790651
0	4324	356314.531057700544	1652.529095253
0	4333	357148.948218254402	1965.1954114437
0	4338	357630.483345687418	1555.1882986911
0	4347	358504.328201478376	1635.1480642799
0	4362	359514.215904939948	1784.5654634759
0	4373	360308.554016612498	1771.0280457046
0	4378	360626.547371316729	1549.3201233912
0	4387	361546.835558395861	2027.8304880951
0	4396	362159.869389049737	1851.3153724372
0	4405	363069.241012958838	1943.3431673795
0	4418	364239.283052505954	2524.0789788309
0	4427	365094.752297597035	2494.6499490179
0	4436	365985.388649906992	2520.3902080189
0	4445	366563.394237170025	2324.1111846641
0	4454	367196.188930654927	2101.4366330579
0	4459	367666.872655274375	1681.4840053674
0	4468	368085.485375812306	1522.0911386423
0	4479	369128.380315750866	1932.1913850959
0	4488	369615.68337092179	1752.5621348061
0	4497	370372.21249602738	1928.0030450318
0	4504	370888.164442777663	1746.2348695379
0	4515	371779.863614123345	1941.2886334118
0	4522	372284.277917537868	1795.6712370738
0	4531	373028.301291167766	1963.918289775
0	4544	374267.68127256076	2442.1897346154
0	4553	375092.172363493621	2372.5247154012
0	4562	375791.869093710586	2319.2765863147
0	4567	376166.287197684899	1898.6059251241
0	4576	377104.896942246735	2012.7245787531
0	4587	377637.772022187739	1845.9029284772
0	4596	378280.495267175167	1944.1960081458
0	4607	378997.517825430288	1867.2000455204
0	4616	379853.316979436233	2175.0098255463
0	4623	380591.443241480767	2305.373044638
0	4630	381001.083227992087	2003.5654025618
0	4639	381600.974420830637	1747.6574413944
0	4652	382938.93252373676	2274.6619870886
0	4659	383501.028944598541	1938.8012800366
0	4666	384012.459586886719	1786.076091975
0	4677	384937.797295348749	1998.864771612
0	4686	385603.216478694261	2044.5903437678
0	4693	386037.132261414112	1811.7194484919
0	4706	387099.759219540313	2111.1034701113
0	4711	387740.408127056465	1929.6328995377
0	4722	388593.645435757965	2048.9065511618
0	4733	389320.397378224909	2220.6381586846
0	4742	389955.285401735484	2026.5941506717
0	4751	390624.418033193826	1937.123766588
0	4760	391279.984708176955	1959.587329952
0	4765	391620.232013147354	1664.9466114119
0	4778	392563.832870079234	1939.4148368854
0	4787	393169.248001417175	1889.2632932402
0	4796	393673.122188262671	1769.9401337653
0	4805	394455.592812085554	1891.7599420063
0	4814	395265.258396975726	2096.0103955586
0	4821	395689.366222405836	2016.2440341432
0	4828	396764.086248306588	2308.493436221
0	4841	397405.616945587129	2140.3585486114
0	4850	398233.879590639875	2163.7796038762
0	4855	398573.967526713417	1621.159751527
0	4868	399562.685144646124	2157.068199059
0	4873	399870.935202436552	1637.0556117967
0	4884	400922.556527657465	2198.5920174513
0	4895	401715.915298741341	2153.2301540952
0	4900	402055.923755373836	1919.9754672591
0	4911	403076.753221638531	2094.2658967338
0	4918	403418.546401010857	1702.6311022695
0	4929	404595.75307792987	2287.5705080107
0	4938	405451.887671928883	2283.7676399387
0	4945	405908.136731386215	1997.3611681256
0	4954	406360.38613356653	1602.5200657547
0	4967	407318.969881720872	1725.1180567313
0	4972	407880.602687364475	1793.1845893152
0	4981	408451.584682613643	1751.2131180614
0	4992	409329.967785067888	2010.997903347
0	4999	409955.130723444777	1976.931428723
0	5012	411150.186695437911	2513.830108149
0	5017	411636.881575221228	2170.4091988038
0	5026	412341.473679430815	2015.6712875236
0	5039	413065.962894726577	1915.7761992887
0	5044	413399.076781561631	1499.6088911779
0	5053	414259.055825555729	1831.8500488065
0	5064	415239.947971981051	2173.9850772545
0	5071	415782.697961479458	1917.3792560119
0	5084	416846.773234102907	2308.847800456
0	5093	417712.291382113504	2345.2676414978
0	5098	418105.586438812348	1967.2930533998
0	5109	418746.982349641653	1900.2091155387
0	5120	419536.211995873632	1823.9206137601
0	5127	420184.431585855814	1782.0795603096
0	5136	420993.138820817726	2208.9818435255
0	5143	421365.128718735682	1828.916722862
0	5152	421924.028065893832	1667.3549597617
0	5161	422717.82942353751	1696.8952421565
0	5172	423835.218775738063	2224.9438441359
0	5181	424636.208222061428	2149.7849991079
0	5188	425507.070532534304	2400.3301599529
0	5201	426218.211309704963	2304.3743162882
0	5208	426841.388106532428	2108.6651313119
0	5215	427575.356886209953	1992.332066875
0	5224	428307.337084924835	2089.1257752199
0	5237	429530.792702129144	2446.5169150382
0	5244	430156.304935505647	2228.9682148956
0	5251	430546.398535463992	1789.9741077796
0	5262	431293.108488433096	1762.315786304
0	5269	432002.502438146654	1679.8992576543
0	5282	433257.639727508683	2399.9323007651
0	5287	433576.004834286902	1895.4952761065
0	5300	434857.404504809562	2488.0009523593
0	5305	435256.407791236449	1998.7680637278
0	5314	435978.50144337866	1985.8607826289
0	5325	437138.938919222016	2281.5344144125
0	5332	437671.668143151362	2006.7594214808
0	5341	438437.174052419175	1889.9752543308
0	5354	439560.458977287669	2144.4083524402
0	5359	440130.465253628824	2044.5552023593
0	5372	441160.434503993053	2392.4029195681
0	5381	441667.121515749056	2106.6625384614
0	5390	442481.668062927235	2208.8634730317
0	5397	443048.177898349274	1887.7433943562
0	5404	443500.938932877068	1833.817417128
0	5413	444505.298300273751	2023.6302373465
0	5422	444912.706787232344	1687.3676321469
0	5431	445497.360604489257	1546.5080693364
0	5440	446237.107754778153	1592.6434056368
0	5453	447693.008338892868	2369.1456355155
0	5460	448343.205734901166	2203.7138164043
0	5467	448935.116497753224	2043.3872946538
0	5478	449344.258613884485	1651.2502749916
0	5487	450303.622999414838	1752.8580056503
0	5498	451248.128820955789	2236.9774425868
0	5505	451866.114416532254	2336.9331488851
0	5512	452185.192695865443	1833.9954579715
0	5523	453664.259919477663	2416.1310985219
0	5532	454355.918482085726	2352.7520560194
0	5543	455029.60218004886	2209.1114667244
0	5550	455472.147229872681	1788.2459753193
0	5557	455922.030257899351	1482.1960297879
0	5566	456770.1312775724	1740.5290975235
0	5575	457194.97727192942	1518.6760559678
0	5584	457850.627526361531	1690.1112541091
0	5593	458762.919967342205	1966.6102969553
0	5602	459348.884734790809	1691.3962623104
0	5615	460731.788245355746	2342.3315600026
0	5620	461370.528735453299	2349.3370366283
0	5631	462048.975915228983	2168.4602878522
0	5638	462971.325146220659	2239.5369008649
0	5649	463717.630104767194	2085.8563337009
0	5658	464657.960374373978	2440.6268967781
0	5669	465530.865282285994	2445.16351372
0	5678	465996.01451545026	2149.0619648248
0	5683	466297.685229079834	1600.9553611279
0	5692	466988.761633727735	1457.8963514417
0	5703	467967.030982766336	1971.0164673161
0	5710	468587.14646142911	1704.9480768386
0	5719	469521.338523784688	2117.3963359091
0	5728	470087.270679138637	1855.407874519
0	5739	471003.855971200427	1924.5626230258
0	5746	471753.805832052639	1840.7908114605
0	5755	472356.570116942785	1888.9412570279
0	5764	473097.581854462659	1957.9156761523
0	5773	473824.668569443783	1922.4079050589
0	5782	474499.065565550736	1938.167967042
0	5791	475233.66628750231	1866.1957098171
0	5800	475783.304028539024	1662.9546567332
0	5811	477292.254025116599	2368.0336303543
0	5818	478049.017699481956	2266.1612331402
0	5823	478390.327815944367	1718.6425840482
0	5838	479646.853523561768	2084.5991180744
0	5845	480324.006076902188	1897.5000722799
0	5856	480904.055678984187	1951.8906201236
0	5863	481392.406348139084	1663.2177353371
0	5872	482287.509890785477	1851.7859613989
0	5881	483051.210100762583	1973.5128611326
0	5890	483452.136713080146	1555.224631587
0	5901	484808.407645672597	2061.7042247672
0	5912	485518.679503770583	2079.1774716228
0	5917	485821.377624990456	1639.6055425052
0	5930	486612.764451652803	1706.9276627619
0	5935	487031.406024936624	1512.726521166
0	5946	487940.121044358276	1889.6800209302
0	5953	488750.074881920629	2137.3104302678
0	5962	489513.326873816587	2119.564838754
0	5971	490053.085767896883	1834.525849577
0	5980	490792.772213509344	1945.1792922802
0	5989	491270.81718673002	1540.7012604643
0	5998	492307.393669802733	1874.1556221619
0	6009	493373.653157986738	2168.6364416499
0	6020	494379.871296929233	2277.4525548331
0	6027	495096.894298866429	2228.4959608689
0	6036	495856.474710954391	2281.9524045568
0	6047	496833.03367900666	2453.1623820774
0	6056	497653.031654236877	2470.7188105211
0	6065	498435.693474998736	2497.260739468
0	6074	499016.680761426726	2183.6470824201
0	6081	499660.48885937784	2007.457205141
0	6092	500723.108384991104	2287.4149099924
0	6097	501215.189926838542	2198.5091654118
0	6106	501802.783575654069	1912.9760453012
0	6117	502972.917555458883	2249.8091704678
0	6126	503615.306635201017	2106.4326858614
0	6133	504021.157255908514	1737.2439604718
0	6144	504901.059907022904	1834.5728471875
0	6151	505323.862018855329	1606.2832293101
0	6160	506291.179609252181	1947.823182866
0	6169	507193.066261941607	2102.8401648626
0	6182	508108.028191560919	2125.0760338269
0	6189	508675.519133359234	1908.9177904185
0	6196	509428.887221915687	2140.3004277963
0	6205	509960.765523556659	1852.7373319957
0	6214	510528.146446170324	1603.3931295387
0	6223	511380.80601543192	1697.8305545636
0	6234	512059.243858326265	1835.6342060957
0	6245	513061.547047365496	2114.7827234119
0	6254	513808.472968451718	2198.3812176157
0	6263	514212.163955345789	1885.4699898977
0	6270	514798.844858910928	1737.2978115454
0	6277	515365.054772654588	1556.5818042029
0	6286	516179.075831640551	1966.9118762948
0	6295	516975.772550236473	1973.4936227091
0	6308	518002.422195905859	2443.2526584249
0	6313	518605.443837074602	2300.7573470939
0	6322	519253.147616051177	2134.5114758704
0	6335	520072.435026196803	2070.0128302909
0	6340	520504.42401948389	1816.2632860243
0	6349	521258.627513609867	1721.3769903872
0	6358	521775.993175758089	1703.5581495613
0	6371	522933.117181621532	1998.3802195173
0	6376	523372.866789763833	1985.2162885945
0	6385	523911.893057590391	1677.5142249651
0	6396	524800.211598258505	1867.094416637
0	6405	525325.218553422059	1777.2769502364
0	6414	526248.947720602195	2189.0547503717
0	6423	526834.599596913944	1882.5800905935
0	6432	527595.292956149245	2101.378285652
0	6439	527935.447393683756	1561.2627119757
0	6452	528912.208869494538	1866.9639639091
0	6461	529478.671072237234	1637.3320395593
0	6466	529789.784808922599	1458.4354610648
0	6475	530717.435213131871	1805.2263436373
0	6484	531494.720613816794	2016.0495415796
0	6493	532192.366073420312	1933.7376714684
0	6504	533187.992795929353	2115.6472133473
0	6515	534160.525087779429	2477.0683427341
0	6520	534694.316899403971	2227.5478892494
0	6531	535293.348377756816	2007.172833709
0	6542	536599.222793849226	2438.6977060698
0	6547	537011.33078201678	2085.5459926184
0	6560	537771.763736754697	1998.4160000458
0	6565	538259.800110524561	1660.5773166753
0	6578	539104.015900567215	2021.0775742773
0	6583	539625.509222550359	1853.7454857957
0	6594	540545.31133985151	2054.7657873016
0	6603	541468.681413028431	2364.6655124612
0	6612	541933.708831295413	2110.9673777595
0	6621	542769.573366036681	2082.6552686747
0	6630	543464.201913541224	1992.987175053
0	6639	544173.965982813429	2060.4448492639
0	6646	544680.504023982253	1877.2710023448
0	6655	545270.472729904618	1786.7031083442
0	6664	546271.568963443902	2051.9169404637
0	6673	546676.592226605903	1570.3584352043
0	6686	547752.445224020671	2137.2746113222
0	6695	548629.619483370375	2260.4291957337
0	6702	549302.694182703313	2209.0281031095
0	6711	550272.779129119631	2520.333905099
0	6722	550721.873634215486	2092.2541508451
0	6731	551587.163205491421	2082.6877412852
0	6736	551946.429557399866	1655.7761871256
0	6745	552718.259938666639	1996.3863044512
0	6756	553943.468609266024	2356.3054037746
0	6765	554955.598646448968	2578.0051806942
0	6772	555372.473820671482	2114.1376056243
0	6781	556175.837585516317	2093.3986618649
0	6794	557157.906841859265	2175.5756242666
0	6799	557720.344121754213	2035.4641901795
0	6808	558256.968664331405	1848.6440730281
0	6817	559065.949809132188	1908.0429672729
0	6830	559960.618171189024	2006.3288312405
0	6835	560404.169737687378	1973.2763605658
0	6846	561272.777232946872	1948.7951230723
0	6855	562007.418842241212	2046.8006710522
0	6862	562818.359815701886	2268.3885903563
0	6871	563356.163070956288	1959.004145069
0	6882	563888.179360516413	1621.7780963983
0	6889	564579.922067932828	1691.1832964513
0	6900	565465.367647307036	1973.7497946247
0	6907	565852.81689106491	1873.0880197138
0	6916	566495.394455082757	1636.9277715683
0	6927	567481.241694884418	1821.600783756
0	6934	568065.907693840607	1987.1884183958
0	6943	568564.194450667171	1642.1528421342
0	6954	569543.414079118564	1843.4634463862
0	6965	570252.775087952658	2104.3316648807
0	6972	570965.797406388491	1957.8791957349
0	6983	571618.916218355342	2068.9333417453
0	6988	572249.334942223548	1996.5598542709
0	6999	572829.863765370145	1780.5927200709
0	7006	573538.561317650646	1919.6450992953
0	7015	573988.920743577227	1651.2083316687
0	7026	574988.082939432978	2098.8593939692
0	7033	575592.199248494625	1886.6174004972
0	7046	576765.570737980351	2257.6274945866
0	7053	577564.965586038351	2491.4210358169
0	7064	578376.560426875994	2449.2923928425
0	7071	578980.37351542157	2214.8027774412
0	7082	579956.256382959008	2292.0803375076
0	7087	580318.158708885357	1941.5982820094
0	7096	580888.78552783285	1795.1876638457
0	7107	581673.52982880552	1717.2734458465
0	7118	582577.049310039773	2102.2018176969
0	7127	583388.329077791467	2042.9135531187
0	7136	584155.460874689787	2150.4185906611
0	7145	584951.811817428141	2374.7625073884
0	7154	585709.329095715701	2321.0000179242
0	7161	586432.154077291533	2276.6932026017
0	7168	586868.862390937328	1917.0505735092
0	7177	587628.032974060669	1918.703878345
0	7186	588315.941991889893	1863.7517344672
0	7195	589146.562852989926	1871.0046954453
0	7204	590082.70124648702	2116.0671553574
0	7213	590595.05763226193	1806.0377343558
0	7226	591596.297326684042	2171.6519654263
0	7235	592340.675183292522	2083.7845798116
0	7244	593126.772160129665	2040.416675806
0	7251	593767.115256702571	2170.8179300185
0	7258	594175.46030217786	1834.7851188853
0	7269	595383.279079757675	2256.506919628
0	7278	595962.899165740281	2005.5244920775
0	7289	596656.883744057313	1876.7171454616
0	7294	596998.135998845146	1547.7280268446
0	7305	597937.896516826049	1805.9021461755
0	7312	598472.789615253032	1815.9058711957
0	7321	598952.460750052751	1564.5176712424
0	7330	599793.953827489212	1815.3613965958
0	7339	600396.443083416716	1716.0277451389
0	7350	601451.232277974532	2015.2639048174
0	7357	601844.337660586506	1689.4872286823
0	7366	602424.699556594759	1746.684561437
0	7375	603350.875599123583	1826.7053827643
0	7384	604072.479900950612	1838.3853147738
1	3185	260712.071649078298	352
1	3192	261524.091491242889	353
1	3203	262284.096735622752	354
1	3212	263114.540200727079	355
1	3217	263639.042517263461	356
1	3230	264559.835609514285	357
1	3239	265431.994048878569	358
1	3246	266066.929928027112	359
1	3253	266677.883861493338	360
1	3262	267494.122596597318	361
1	3271	268631.632117135469	362
1	3280	269157.458126870934	363
1	3289	270066.464861948062	364
1	3300	270971.29305358978	365
1	3311	271938.869063509648	366
1	3318	272324.344587139805	367
1	3329	273542.43897870185	368
1	3336	274427.338856784647	369
1	3343	274853.138886624967	370
1	3354	275958.08459208349	371
1	3365	276940.57760713624	372
1	3372	277647.779105370885	373
1	3379	277998.312065005323	374
1	3388	278881.96456572043	375
1	3397	279408.887569885721	376
1	3408	280244.569531688487	377
1	3419	281035.737739875933	378
1	3428	281931.497906707248	379
1	3433	282345.211145980304	380
1	3442	282971.899949060774	381
1	3451	283765.113568352557	382
1	3460	284566.644248412943	383
1	3471	285861.303678620628	384
1	3478	286336.672716820635	385
1	3489	287183.949152939044	386
1	3496	287811.569702625297	387
1	3507	288619.423748133726	388
1	3518	289419.877231400482	389
1	3523	289850.242770602949	390
1	3532	290419.16353935378	391
1	3543	291818.234153604157	392
1	3552	292473.650326766096	393
1	3563	293321.347361477114	394
1	3570	293862.013477273308	395
1	3577	294752.77716452258	396
1	3590	295722.377356980018	397
1	3595	296086.771883396454	398
1	3604	296855.222141928993	399
1	3615	297771.081949397944	400
1	3626	298682.015304313995	401
1	3635	299391.526993084721	402
1	3642	299980.742521164961	403
1	3649	300381.931431312136	404
1	3662	301573.668929329165	405
1	3667	302074.264425085881	406
1	3676	302797.976414300525	407
1	3689	303629.274200135865	408
1	3694	304160.526545019843	409
1	3703	304848.355609830492	410
1	3712	305572.822944726818	411
1	3721	306361.578605370619	412
1	3730	306994.423917168775	413
1	3739	307692.906470736512	414
1	3752	309088.351593771973	415
1	3761	309930.387013871246	416
1	3770	310701.641114847758	417
1	3777	311346.640771720582	418
1	3784	312002.202477213019	419
1	3793	312711.28226439471	420
1	3804	313837.99279010857	421
1	3815	314680.463081644871	422
1	3820	315144.301668182038	423
1	3829	315890.53789135071	424
1	3838	316987.000418873527	425
1	3847	317345.781967090466	426
1	3856	317968.831259803869	427
1	3865	318940.484521072381	428
1	3878	319974.576958129207	429
1	3885	320607.584181753943	430
1	3892	321036.655609169999	431
1	3901	322033.557604439582	432
1	3914	323251.679873513083	433
1	3923	323975.007765507351	434
1	3930	324633.415460167478	435
1	3939	325481.635338440563	436
1	3950	326365.66213695335	437
1	3959	327110.837706131887	438
1	3966	327796.905170800191	439
1	3973	328273.302994854775	440
1	3984	329081.028165668276	441
1	3993	329806.89714462499	442
1	4004	330607.02234744097	443
1	4011	331278.19520118649	444
1	4018	331788.727255398434	445
1	4027	332520.295387459945	446
1	4040	333795.04336682151	447
1	4047	334358.301969990162	448
1	4054	334841.207578126368	449
1	4063	335542.987151071457	450
1	4074	336547.188921505612	451
1	4085	337263.135396363241	452
1	4090	337730.045923450989	453
1	4101	338538.14553916457	454
1	4112	339288.981742691276	455
1	4117	339692.253083456335	456
1	4126	340454.186049196897	457
1	4135	341150.513258529854	458
1	4144	342005.474554980201	459
1	4155	342506.264176871655	460
1	4166	343480.856349226115	461
1	4173	343992.262273002444	462
1	4184	344972.157881129561	463
1	4189	345581.400685664294	464
1	4198	346210.308875050424	465
1	4207	347136.537560401513	466
1	4218	347777.996019506855	467
1	4227	348631.587647181032	468
1	4236	349469.127448741375	469
1	4247	350255.091930460213	470
1	4252	350690.696925530238	471
1	4265	351582.628559321193	472
1	4274	352441.267053131042	473
1	4283	353199.880024837358	474
1	4290	353774.770488543464	475
1	4297	354128.154686093358	476
1	4308	355153.967442316963	477
1	4315	355585.490874107956	478
1	4324	356314.531057700544	479
1	4333	357148.948218254402	480
1	4338	357630.483345687418	481
1	4347	358504.328201478376	482
1	4362	359514.215904939948	483
1	4373	360308.554016612498	484
1	4378	360626.547371316729	485
1	4387	361546.835558395861	486
1	4396	362159.869389049737	487
1	4405	363069.241012958838	488
1	4418	364239.283052505954	489
1	4427	365094.752297597035	490
1	4436	365985.388649906992	491
1	4445	366563.394237170025	492
1	4454	367196.188930654927	493
1	4459	367666.872655274375	494
1	4468	368085.485375812306	495
1	4479	369128.380315750866	496
1	4488	369615.68337092179	497
1	4497	370372.21249602738	498
1	4504	370888.164442777663	499
1	4515	371779.863614123345	500
1	4522	372284.277917537868	501
1	4531	373028.301291167766	502
1	4544	374267.68127256076	503
1	4553	375092.172363493621	504
1	4562	375791.869093710586	505
1	4567	376166.287197684899	506
1	4576	377104.896942246735	507
1	4587	377637.772022187739	508
1	4596	378280.495267175167	509
1	4607	378997.517825430288	510
1	4616	379853.316979436233	511
1	4623	380591.443241480767	512
1	4630	381001.083227992087	513
1	4639	381600.974420830637	514
1	4652	382938.93252373676	515
1	4659	383501.028944598541	516
1	4666	384012.459586886719	517
1	4677	384937.797295348749	518
1	4686	385603.216478694261	519
1	4693	386037.132261414112	520
1	4706	387099.759219540313	521
1	4711	387740.408127056465	522
1	4722	388593.645435757965	523
1	4733	389320.397378224909	524
1	4742	389955.285401735484	525
1	4751	390624.418033193826	526
1	4760	391279.984708176955	527
1	4765	391620.232013147354	528
1	4778	392563.832870079234	529
1	4787	393169.248001417175	530
1	4796	393673.122188262671	531
1	4805	394455.592812085554	532
1	4814	395265.258396975726	533
1	4821	395689.366222405836	534
1	4828	396764.086248306588	535
1	4841	397405.616945587129	536
1	4850	398233.879590639875	537
1	4855	398573.967526713417	538
1	4868	399562.685144646124	539
1	4873	399870.935202436552	540
1	4884	400922.556527657465	541
1	4895	401715.915298741341	542
1	4900	402055.923755373836	543
1	4911	403076.753221638531	544
1	4918	403418.546401010857	545
1	4929	404595.75307792987	546
1	4938	405451.887671928883	547
1	4945	405908.136731386215	548
1	4954	406360.38613356653	549
1	4967	407318.969881720872	550
1	4972	407880.602687364475	551
1	4981	408451.584682613643	552
1	4992	409329.967785067888	553
1	4999	409955.130723444777	554
1	5012	411150.186695437911	555
1	5017	411636.881575221228	556
1	5026	412341.473679430815	557
1	5039	413065.962894726577	558
1	5044	413399.076781561631	559
1	5053	414259.055825555729	560
1	5064	415239.947971981051	561
1	5071	415782.697961479458	562
1	5084	416846.773234102907	563
1	5093	417712.291382113504	564
1	5098	418105.586438812348	565
1	5109	418746.982349641653	566
1	5120	419536.211995873632	567
1	5127	420184.431585855814	568
1	5136	420993.138820817726	569
1	5143	421365.128718735682	570
1	5152	421924.028065893832	571
1	5161	422717.82942353751	572
1	5172	423835.218775738063	573
1	5181	424636.208222061428	574
1	5188	425507.070532534304	575
1	5201	426218.211309704963	576
1	5208	426841.388106532428	577
1	5215	427575.356886209953	578
1	5224	428307.337084924835	579
1	5237	429530.792702129144	580
1	5244	430156.304935505647	581
1	5251	430546.398535463992	582
1	5262	431293.108488433096	583
1	5269	432002.502438146654	584
1	5282	433257.639727508683	585
1	5287	433576.004834286902	586
1	5300	434857.404504809562	587
1	5305	435256.407791236449	588
1	5314	435978.50144337866	589
1	5325	437138.938919222016	590
1	5332	437671.668143151362	591
1	5341	438437.174052419175	592
1	5354	439560.458977287669	593
1	5359	440130.465253628824	594
1	5372	441160.434503993053	595
1	5381	441667.121515749056	596
1	5390	442481.668062927235	597
1	5397	443048.177898349274	598
1	5404	443500.938932877068	599
1	5413	444505.298300273751	600
1	5422	444912.706787232344	601
1	5431	445497.360604489257	602
1	5440	446237.107754778153	603
1	5453	447693.008338892868	604
1	5460	448343.205734901166	605
1	5467	448935.116497753224	606
1	5478	449344.258613884485	607
1	5487	450303.622999414838	608
1	5498	451248.128820955789	609
1	5505	451866.114416532254	610
1	5512	452185.192695865443	611
1	5523	453664.259919477663	612
1	5532	454355.918482085726	613
1	5543	455029.60218004886	614
1	5550	455472.147229872681	615
1	5557	455922.030257899351	616
1	5566	456770.1312775724	617
1	5575	457194.97727192942	618
1	5584	457850.627526361531	619
1	5593	458762.919967342205	620
1	5602	459348.884734790809	621
1	5615	460731.788245355746	622
1	5620	461370.528735453299	623
1	5631	462048.975915228983	624
1	5638	462971.325146220659	625
1	5649	463717.630104767194	626
1	5658	464657.960374373978	627
1	5669	465530.865282285994	628
1	5678	465996.01451545026	629
1	5683	466297.685229079834	630
1	5692	466988.761633727735	631
1	5703	467967.030982766336	632
1	5710	468587.14646142911	633
1	5719	469521.338523784688	634
1	5728	470087.270679138637	635
1	5739	471003.855971200427	636
1	5746	471753.805832052639	637
1	5755	472356.570116942785	638
1	5764	473097.581854462659	639
1	5773	473824.668569443783	640
1	5782	474499.065565550736	641
1	5791	475233.66628750231	642
1	5800	475783.304028539024	643
1	5811	477292.254025116599	644
1	5818	478049.017699481956	645
1	5823	478390.327815944367	646
1	5838	479646.853523561768	647
1	5845	480324.006076902188	648
1	5856	480904.055678984187	649
1	5863	481392.406348139084	650
1	5872	482287.509890785477	651
1	5881	483051.210100762583	652
1	5890	483452.136713080146	653
1	5901	484808.407645672597	654
1	5912	485518.679503770583	655
1	5917	485821.377624990456	656
1	5930	486612.764451652803	657
1	5935	487031.406024936624	658
1	5946	487940.121044358276	659
1	5953	488750.074881920629	660
1	5962	489513.326873816587	661
1	5971	490053.085767896883	662
1	5980	490792.772213509344	663
1	5989	491270.81718673002	664
1	5998	492307.393669802733	665
1	6009	493373.653157986738	666
1	6020	494379.871296929233	667
1	6027	495096.894298866429	668
1	6036	495856.474710954391	669
1	6047	496833.03367900666	670
1	6056	497653.031654236877	671
1	6065	498435.693474998736	672
1	6074	499016.680761426726	673
1	6081	499660.48885937784	674
1	6092	500723.108384991104	675
1	6097	501215.189926838542	676
1	6106	501802.783575654069	677
1	6117	502972.917555458883	678
1	6126	503615.306635201017	679
1	6133	504021.157255908514	680
1	6144	504901.059907022904	681
1	6151	505323.862018855329	682
1	6160	506291.179609252181	683
1	6169	507193.066261941607	684
1	6182	508108.028191560919	685
1	6189	508675.519133359234	686
1	6196	509428.887221915687	687
1	6205	509960.765523556659	688
1	6214	510528.146446170324	689
1	6223	511380.80601543192	690
1	6234	512059.243858326265	691
1	6245	513061.547047365496	692
1	6254	513808.472968451718	693
1	6263	514212.163955345789	694
1	6270	514798.844858910928	695
1	6277	515365.054772654588	696
1	6286	516179.075831640551	697
1	6295	516975.772550236473	698
1	6308	518002.422195905859	699
1	6313	518605.443837074602	700
1	6322	519253.147616051177	701
1	6335	520072.435026196803	702
1	6340	520504.42401948389	703
1	6349	521258.627513609867	704
1	6358	521775.993175758089	705
1	6371	522933.117181621532	706
1	6376	523372.866789763833	707
1	6385	523911.893057590391	708
1	6396	524800.211598258505	709
1	6405	525325.218553422059	710
1	6414	526248.947720602195	711
1	6423	526834.599596913944	712
1	6432	527595.292956149245	713
1	6439	527935.447393683756	714
1	6452	528912.208869494538	715
1	6461	529478.671072237234	716
1	6466	529789.784808922599	717
1	6475	530717.435213131871	718
1	6484	531494.720613816794	719
1	6493	532192.366073420312	720
1	6504	533187.992795929353	721
1	6515	534160.525087779429	722
1	6520	534694.316899403971	723
1	6531	535293.348377756816	724
1	6542	536599.222793849226	725
1	6547	537011.33078201678	726
1	6560	537771.763736754697	727
1	6565	538259.800110524561	728
1	6578	539104.015900567215	729
1	6583	539625.509222550359	730
1	6594	540545.31133985151	731
1	6603	541468.681413028431	732
1	6612	541933.708831295413	733
1	6621	542769.573366036681	734
1	6630	543464.201913541224	735
1	6639	544173.965982813429	736
1	6646	544680.504023982253	737
1	6655	545270.472729904618	738
1	6664	546271.568963443902	739
1	6673	546676.592226605903	740
1	6686	547752.445224020671	741
1	6695	548629.619483370375	742
1	6702	549302.694182703313	743
1	6711	550272.779129119631	744
1	6722	550721.873634215486	745
1	6731	551587.163205491421	746
1	6736	551946.429557399866	747
1	6745	552718.259938666639	748
1	6756	553943.468609266024	749
1	6765	554955.598646448968	750
1	6772	555372.473820671482	751
1	6781	556175.837585516317	752
1	6794	557157.906841859265	753
1	6799	557720.344121754213	754
1	6808	558256.968664331405	755
1	6817	559065.949809132188	756
1	6830	559960.618171189024	757
1	6835	560404.169737687378	758
1	6846	561272.777232946872	759
1	6855	562007.418842241212	760
1	6862	562818.359815701886	761
1	6871	563356.163070956288	762
1	6882	563888.179360516413	763
1	6889	564579.922067932828	764
1	6900	565465.367647307036	765
1	6907	565852.81689106491	766
1	6916	566495.394455082757	767
1	6927	567481.241694884418	768
1	6934	568065.907693840607	769
1	6943	568564.194450667171	770
1	6954	569543.414079118564	771
1	6965	570252.775087952658	772
1	6972	570965.797406388491	773
1	6983	571618.916218355342	774
1	6988	572249.334942223548	775
1	6999	572829.863765370145	776
1	7006	573538.561317650646	777
1	7015	573988.920743577227	778
1	7026	574988.082939432978	779
1	7033	575592.199248494625	780
1	7046	576765.570737980351	781
1	7053	577564.965586038351	782
1	7064	578376.560426875994	783
1	7071	578980.37351542157	784
1	7082	579956.256382959008	785
1	7087	580318.158708885357	786
1	7096	580888.78552783285	787
1	7107	581673.52982880552	788
1	7118	582577.049310039773	789
1	7127	583388.329077791467	790
1	7136	584155.460874689787	791
1	7145	584951.811817428141	792
1	7154	585709.329095715701	793
1	7161	586432.154077291533	794
1	7168	586868.862390937328	795
1	7177	587628.032974060669	796
1	7186	588315.941991889893	797
1	7195	589146.562852989926	798
1	7204	590082.70124648702	799
1	7213	590595.05763226193	800
1	7226	591596.297326684042	801
1	7235	592340.675183292522	802
1	7244	593126.772160129665	803
1	7251	593767.115256702571	804
1	7258	594175.46030217786	805
1	7269	595383.279079757675	806
1	7278	595962.899165740281	807
1	7289	596656.883744057313	808
1	7294	596998.135998845146	809
1	7305	597937.896516826049	810
1	7312	598472.789615253032	811
1	7321	598952.460750052751	812
1	7330	599793.953827489212	813
1	7339	600396.443083416716	814
1	7350	601451.232277974532	815
1	7357	601844.337660586506	816
1	7366	602424.699556594759	817
1	7375	603350.875599123583	818
1	7384	604072.479900950612	819

