version 2
run Pipelined_3Teachers-24-20190105-10:57:23-4912
attr configname Pipelined_3Teachers
attr datetime 20190105-10:57:23
attr experiment Pipelined_3Teachers
attr inifile ../simulations/omnetpp.ini
attr iterationvars "$0=\"uniform\""
attr iterationvarsf uniform-
attr measurement "$0=\"uniform\""
attr network PipelinedExamSession
attr processid 4912
attr repetition 24
attr replication #24
attr resultdir results
attr runnumber 24
attr seedset 24
param **.teachersNumber 3
param **.answerTimeDistribution "\"uniform\""
param **.minUniform 300
param **.maxUniform 900
param **.scaleLognormal 6.2854
param **.shapeLognormal 0.4724

vector 0 PipelinedExamSession examinationTime:vector ETV
attr source examFinished
vector 1 PipelinedExamSession studentID:vector ETV
attr source student
0	3131	260388.597957976173	2063.6231227778
0	3140	261211.764471698563	2246.5716244653
0	3147	261867.954412288974	2038.533188263
0	3156	262549.240268161531	2160.6423101854
0	3167	263144.99747324736	1933.2330015488
0	3172	263698.219376569625	1823.3163932338
0	3181	264253.433008957665	1528.3691297751
0	3190	265115.269744908448	1970.2722716611
0	3201	265970.553919952374	2015.4521900229
0	3208	266674.115995410841	1877.2598925512
0	3219	267606.624780502182	2112.4577677343
0	3230	268600.967625388887	2357.1659920737
0	3239	269443.179417774093	2508.2003907301
0	3244	269782.65478606337	1996.7883491423
0	3257	270562.534690601763	1961.5670652129
0	3264	271113.076991401625	1669.8975736275
0	3273	272025.294335838419	1933.4471295588
0	3282	272358.486125059438	1795.9514344577
0	3291	273177.385707618681	1751.5948271379
0	3302	274057.631863374275	2011.9136790745
0	3307	274468.830473301944	2004.3877524789
0	3320	275401.053771469754	2095.5854330678
0	3325	275737.693919800234	1680.062056426
0	3336	276780.284838052479	2234.2691560742
0	3347	277495.199661841628	2094.1458903719
0	3354	278107.295255642396	1964.1622853
0	3365	279083.420711942029	2283.6437948048
0	3370	279608.564849523839	2113.3651876822
0	3379	280342.582137230796	2044.0113234334
0	3392	281036.268525710342	1952.8478137683
0	3401	281772.682197997359	1911.8291071616
0	3410	282637.293441966189	2199.2274248041
0	3415	282971.658441424383	1935.389915714
0	3420	283450.02853595653	1677.3463379592
0	3433	284416.739702364444	1779.4462603983
0	3442	284966.344907227916	1474.008990638
0	3453	286053.696321090697	1827.3124443367
0	3460	286593.099394720062	1817.4393223599
0	3471	287693.079411098747	2178.71565409
0	3480	288261.880297679468	2176.1911332607
0	3491	289501.658424083158	2522.0144638326
0	3496	289996.434627799332	2132.5118418317
0	3505	290624.268465768561	2001.4624881092
0	3514	291365.097614424318	1863.4391903412
0	3523	291891.703286441058	1629.8942898866
0	3536	293144.238063599929	2254.2593595106
0	3541	293466.236983565628	1910.8272311278
0	3550	294222.666741907611	1826.4525763225
0	3563	295357.292852969855	2213.0547893699
0	3570	296007.140232995167	2411.7924122605
0	3577	296555.987832555562	2075.9220375214
0	3590	297760.213090013728	2402.9202370439
0	3597	298174.480836885065	2074.2683665361
0	3608	298890.136852255106	1953.6376027856
0	3617	299577.399216732025	1817.1861267183
0	3622	300031.634780298933	1737.7686726395
0	3631	300688.326495280505	1798.1896430254
0	3640	301553.884927975029	1976.485711243
0	3649	302321.265785861776	2064.9598244112
0	3662	303677.528983494283	2542.304150993
0	3671	304457.218829076753	2468.6324947514
0	3678	304886.461008014173	2085.2857497521
0	3689	305685.23956071587	2007.7105772216
0	3694	306028.861308982612	1571.6424799059
0	3707	307122.350961808131	2101.4154612087
0	3714	307816.041632602007	2130.8020718861
0	3723	308401.842404343204	2064.9048683234
0	3732	309195.852573215978	2073.5016114078
0	3739	309772.214887384342	1843.8137132674
0	3752	310703.191008511947	2095.3330033924
0	3759	311359.814954828487	2089.0802218113
0	3770	312176.627194415794	2266.2089462858
0	3777	312930.000779265554	2226.8097707536
0	3788	313734.306967584432	2370.5840258393
0	3797	314443.461863184364	2266.8346687686
0	3804	315119.291800679655	2169.0229034051
0	3813	315546.32968199441	1812.02271441
0	3824	316452.82165878454	2009.3597956002
0	3831	316948.179482622089	1821.2145376951
0	3840	317714.642980322259	2151.1425297707
0	3847	318587.462342809903	2134.6406840254
0	3860	319374.495892692375	2036.2428277731
0	3865	319743.234817637148	1800.9741542861
0	3878	320906.069639883953	2134.3160547316
0	3887	321668.958207126724	2294.4623144343
0	3894	322247.848486946913	2021.3585172314
0	3905	322984.989294083807	2078.9196541999
0	3910	323451.634392002615	1782.6761848759
0	3919	324031.176934344712	1725.5485299043
0	3930	325146.543878875691	2161.5545847919
0	3937	325675.819885823894	2067.2680401709
0	3950	326671.281846100483	2280.1816614345
0	3959	327442.705099750329	2248.6294629984
0	3966	328338.451924128477	2556.3098437618
0	3977	328989.109088480491	2317.82724238
0	3982	329697.211305191759	2254.5062054414
0	3995	330560.219944780711	2219.8030038737
0	4000	331099.489729246143	2110.3806407657
0	4011	332008.062329934929	2233.4508512635
0	4020	332670.236809412037	2110.0168646313
0	4029	333220.983263058607	1854.2102276813
0	4038	333924.176252027993	1681.415647734
0	4047	334772.809384670128	2025.9394202381
0	4054	335306.936468090882	2061.2550835591
0	4067	336223.520327126627	2254.6863491647
0	4072	336782.055725203847	1941.8910451233
0	4081	337498.986422410255	2125.3419357352
0	4092	338362.758617894744	2139.2382907681
0	4103	339305.433064699193	2248.5385308042
0	4110	339868.954475037774	2016.5645801928
0	4117	340183.811618713682	1607.6730931643
0	4126	341255.875770701116	1950.4427060019
0	4135	341817.001330526567	1753.4658433869
0	4146	342574.056436400881	1793.1505019311
0	4155	343339.111979026368	1997.5736823399
0	4162	343700.496233068427	1808.2140626851
0	4171	344379.949751542902	1645.5430206377
0	4184	345422.321997955463	2028.0034163967
0	4189	345904.636733606479	1847.8448737878
0	4198	346583.937040949262	1798.8967022393
0	4209	347828.200206114001	2405.8782081585
0	4216	348477.109529217727	2246.1927859113
0	4227	349231.99003902266	2165.9665052779
0	4234	349788.368976116201	1858.1999919377
0	4245	350758.905638661257	2150.3121203743
0	4252	351542.255238024539	2179.797523655
0	4263	352413.777257222703	2258.0160367303
0	4272	353333.03489922548	2380.3240334149
0	4281	353769.247370632387	1954.722476704
0	4288	354623.591044312365	1990.2270330582
0	4297	355172.1401141491	1837.8371307626
0	4310	356342.002371791772	2171.1418115068
0	4319	356981.949982233367	1961.6763525177
0	4326	357787.776186363793	2137.4993435573
0	4337	358425.714629190064	2083.7122573983
0	4342	358895.269037922866	1913.3190556895
0	4353	359618.198286602296	1773.8647561055
0	4360	360256.935513624944	1831.2208844349
0	4369	361050.813160976417	1787.5429325737
0	4382	362153.750542597867	2316.1233871244
0	4389	362909.069906780518	2237.6855222974
0	4398	363443.320216471351	2101.8180795014
0	4407	364580.06365648473	2426.3131138869
0	4414	365113.159714126981	2163.5698202066
0	4425	366174.108638428173	2340.3736614157
0	4434	366751.33339916358	2088.6901814025
0	4441	367720.242813415847	2209.4979145098
0	4450	368361.902202246731	2092.8938922007
0	4459	369190.598873840666	2058.7052541319
0	4472	370337.018324062249	2405.3443996701
0	4477	370896.789226681015	2123.3907465823
0	4488	371585.736007662511	2102.3432251532
0	4499	372507.244887342697	2170.2265632804
0	4504	372892.468102555743	1827.0764525514
0	4517	374168.136553326642	2231.5600650385
0	4526	374838.504746044075	2331.2598587014
0	4535	375441.40656539241	2085.2489769459
0	4542	376085.798881435787	1917.6623281091
0	4551	376587.387991463786	1748.8832454197
0	4560	377298.712171381359	1857.3056059889
0	4567	377610.796854039674	1498.268462671
0	4580	379013.741353573297	2217.0733460225
0	4589	379779.929897747953	2197.7940957528
0	4596	380443.950628861804	2256.3795648515
0	4603	381096.435018070061	2082.6936644968
0	4612	381633.982496336122	1854.0525985882
0	4625	383112.983091082444	2530.7502313983
0	4634	384009.5761082601	2535.5684161652
0	4639	384386.106224963461	2088.5727981571
0	4650	385202.274833293651	2089.2917422112
0	4657	385591.549529833738	1581.9734215736
0	4670	386653.452729899456	2077.5396452285
0	4675	387135.286433855091	1677.1212556399
0	4688	388083.529746858423	2220.2596183866
0	4697	388908.682832680663	2255.2301027812
0	4706	389627.72815078499	2187.2027019504
0	4711	389965.996048925465	1882.466302067
0	4720	390623.388306191211	1714.7054735105
0	4729	391361.147861648372	1733.4197108634
0	4738	391873.562745982801	1767.1732391696
0	4747	392592.737886495909	1598.2970753219
0	4760	393580.798196280396	2174.6009144001
0	4769	394433.066230779535	2232.4085550383
0	4778	395328.654333064354	2508.4825605154
0	4787	396171.940637799001	2591.1424415186
0	4794	396947.083256347126	2514.0170255676
0	4801	397413.398456247545	2084.7441231832
0	4806	397864.135276665933	1692.1946388669
0	4821	399152.215990657008	2172.3894864321
0	4830	399858.734814729564	1990.8825768158
0	4839	400378.167259879433	1887.0577299502
0	4846	400943.490589689486	1769.6372124832
0	4857	402342.974283266835	2402.9412444681
0	4866	403172.60850328023	2415.3222600929
0	4875	403926.744713075482	2283.6010008585
0	4886	404663.369894865923	2187.980784243
0	4891	405219.536043517314	1998.9906405564
0	4904	406080.851898668356	2117.1678797342
0	4911	406600.875557167478	1937.5056623016
0	4918	407076.560825854562	1554.0788012557
0	4927	407752.596855070464	1671.7449564021
0	4940	409061.138864792906	2239.8554546759
0	4949	409804.460242716618	2160.7939129695
0	4958	410580.934173055016	2153.7353946827
0	4965	411108.328995108627	2047.1901303157
0	4972	411742.970614554383	1938.5103718378
0	4985	412825.558509305142	2244.6243362501
0	4992	413634.439413109817	2212.1080935001
0	5003	414514.47298577989	2427.5854508858
0	5008	414816.024716198468	1990.4662068933
0	5019	415990.126604167768	2279.6525785234
0	5030	416766.394918039465	2251.9219322596
0	5037	417538.416795060063	2340.8390702214
0	5048	418370.279532624432	2332.6908746269
0	5055	418899.826900195354	2133.4319821559
0	5064	419608.705390105048	2062.1837683953
0	5075	420498.492060368905	2128.2125277445
0	5082	421195.244842255512	2062.8797341604
0	5093	421798.138234578098	1998.1756351423
0	5102	422658.263957127954	2159.771896759
0	5107	423122.835153853546	1854.346346017
0	5120	423946.870070043977	2148.7318354659
0	5129	424793.983230739858	2135.7192736119
0	5136	425550.931725092258	2096.8679979444
0	5145	426207.018111739333	2260.1480416954
0	5152	426517.620617290984	1723.6373865511
0	5163	427688.437649281722	2029.474563757
0	5174	428533.682268206057	2175.2045782283
0	5179	429051.677968259928	1943.9699592534
0	5190	429994.930498581406	2217.1892310027
0	5199	430485.009567858678	1951.3272996526
0	5208	431204.893843503696	1824.1387085058
0	5215	431521.30255680534	1396.6118364595
0	5226	432688.422126229879	2065.224268008
0	5233	433370.374736795229	2155.8380773757
0	5246	433875.003459351164	1787.7979625948
0	5253	434576.292484626201	1705.2209225949
0	5260	435141.860705148456	1736.7496508639
0	5269	435983.943107910481	2108.9396485593
0	5282	437218.464698363122	2448.7065933645
0	5289	437758.243779279318	2192.4527075607
0	5296	438101.667645620209	1690.371663915
0	5309	439565.376515965936	2346.9118176028
0	5314	439913.529194751782	1993.5505863279
0	5323	440769.489233801169	2015.1637259871
0	5332	441568.961763940778	2003.5852479748
0	5345	442652.120533213046	2317.8368617315
0	5354	443544.685577088994	2361.8903907482
0	5363	444066.685202205581	2105.7974067517
0	5370	444659.660125896362	2007.5395926833
0	5377	445510.9462771565	1966.2607000675
0	5388	446143.11040760952	2076.4252054039
0	5399	446980.175849469406	2015.7532243989
0	5406	447646.953732613502	1849.7687065043
0	5417	448687.054188363282	2532.4167561717
0	5422	449092.709501506789	2112.5336520374
0	5433	449903.509086370496	2096.6615066864
0	5440	450415.521231992198	1728.4670436289
0	5453	451303.63662005405	1975.8530254941
0	5460	452095.444852905377	1972.9676663876
0	5471	452831.276499526604	2266.4260793477
0	5480	453681.504768831684	2377.8681487776
0	5487	454191.524964524462	2093.6212832574
0	5494	454880.028189299657	2048.7516897731
0	5505	456017.286807904049	2335.7820390724
0	5514	456916.878510173439	2384.4483241439
0	5523	457479.468139540432	2049.9288198072
0	5532	458204.170484561501	2069.6104289498
0	5541	458974.736906541539	1977.305589756
0	5548	459566.103682061685	2004.9665770959
0	5557	460185.733184404698	1960.603590589
0	5568	461293.206747528193	2230.23855309
0	5577	461946.722540399087	2051.2581445277
0	5584	462540.876614162726	1767.5296797417
0	5593	463550.44689257632	2053.6498490721
0	5606	464421.112457569717	2187.0675711427
0	5615	465261.116258148132	2351.5698694624
0	5624	466003.572054673014	2369.3887209054
0	5631	466827.568907802952	2406.4564502332
0	5640	467565.936417086078	2304.8201589379
0	5647	468196.273883711575	2192.7018290386
0	5660	469061.57132713127	2181.2052202877
0	5665	469368.467323947726	1729.4292226899
0	5674	470066.511968337028	1799.3765565567
0	5683	471070.278174988954	2008.7068478577
0	5692	471539.004673110349	1906.805273518
0	5701	471935.549670271604	1627.5658703875
0	5714	473187.271341914339	2065.3837081511
0	5721	473699.446786986692	1957.9492938705
0	5730	474592.146041896222	2045.8057297859
0	5737	475095.974612189485	1908.7032702751
0	5746	476079.829117096989	2239.3194057047
0	5759	477109.104193607373	2444.2217705771
0	5766	477625.9788097814	2125.6141302176
0	5773	478256.52820584367	1875.6093881093
0	5782	479084.127597603975	1975.0234039966
0	5791	479511.99406594972	1616.6288704611
0	5804	480637.616593251033	2010.3205924854
0	5813	481238.249913929059	1728.365185624
0	5818	481708.839401369943	1761.7170222569
0	5829	482820.341859944194	2182.7252666932
0	5840	483724.650746723667	2486.4008327946
0	5845	484244.097185321182	2129.9818343483
0	5856	485061.536824749813	2074.2180906236
0	5863	485832.701849844337	2108.0511031207
0	5872	486272.429298609526	1686.4903496113
0	5881	487203.95141565244	1938.9849394094
0	5890	488042.050218908147	1878.3262780868
0	5903	489086.045662499995	2165.6868472695
0	5912	489860.456049162925	2151.7385363113
0	5917	490572.060576221005	2046.3737149257
0	5926	491058.016431285099	1971.9707687851
0	5935	491911.579717649178	2051.1236684863
0	5944	492443.384773749889	1699.6302230749
0	5957	493748.57003982182	2197.3342224956
0	5964	494096.793091809408	1850.4640271422
0	5975	494992.591642867805	2078.8832395803
0	5984	495614.846127619998	1866.2760877982
0	5993	496478.098473697932	2291.0977066029
0	6000	496844.197904504867	1851.6062616371
0	6009	497853.93713344823	2239.0910058282
0	6016	498471.696497686239	1993.5980239883
0	6025	498916.265022335606	1742.8874254692
0	6030	499642.389019159632	1629.5040175784
0	6047	501415.247233025762	2611.5417291876
0	6052	501889.662946527856	2191.435828479
0	6061	502641.909776441786	2106.5191422589
0	6072	503229.793184017795	1814.545950992
0	6079	503713.18430034447	1450.8605355397
0	6088	504374.562077969345	1553.123975778
0	6097	505063.77970715988	1698.1368836481
0	6106	505996.414294419843	1807.3694655206
0	6117	506617.434722743962	1953.8372204639
0	6124	507351.610566163469	1882.8668834176
0	6135	508413.062516413661	2301.0223450139
0	6142	508867.292416328597	1988.0796545651
0	6155	509617.820266680824	1973.944698181
0	6160	509982.680345233562	1486.0170213506
0	6169	510502.476099645751	1341.597686056
0	6180	511428.133796760844	1810.31353008
0	6187	512199.679157836394	2001.773517346
0	6196	512837.873995117875	1830.8125671465
0	6207	513589.79639746252	1698.3383088838
0	6214	514367.38610104661	1828.0326822773
0	6223	514928.553449269417	1877.5476723444
0	6232	515626.098104473236	1715.7280078623
0	6241	516319.75788054991	1814.9290680885
0	6254	517266.664755949782	2129.2443292681
0	6263	518128.554875543373	2282.4331368785
0	6268	518430.044813593882	1856.7584616132
0	6277	519101.536874938788	1834.872118989
0	6286	520133.813054440575	2005.2581788972
0	6295	521044.534009555387	2225.8983938489
0	6308	521874.63441314179	2215.8799808007
0	6313	522495.353882806408	1938.1740844343
0	6324	523435.342483129385	2253.9503954351
0	6335	524409.42253628749	2534.7881231457
0	6342	524912.991256546262	2164.6951461677
0	6349	525461.50124324489	1841.9495050795
0	6360	526729.473192337934	2320.0506560504
0	6367	527145.857835095409	1916.7108060792
0	6378	528342.108096135813	2301.8365345895
0	6385	528784.335203329135	1979.1198828723
0	6396	529775.046949647401	2100.0813805964
0	6403	530336.632266920094	1937.0404926594
0	6412	530964.570881053838	1755.2751129493
0	6423	532121.871985076029	2088.1246847101
0	6434	532798.13901856545	2186.8023782037
0	6443	533660.253922501613	2333.6892718915
0	6448	534021.280340384726	1857.6679197606
0	6461	534975.104200048407	2176.965181483
0	6468	535419.419460743701	1759.1655382421
0	6479	536582.452084310388	2078.6601553671
0	6484	536900.531725678628	1925.4275256302
0	6493	537580.587083380705	1723.4619913157
0	6506	538734.135603066569	2151.6835187562
0	6511	539307.257279707154	2037.3689069878
0	6520	540065.206779213658	1973.3319792431
0	6529	540782.928658369964	2048.7930553034
0	6538	541645.355344098097	2035.5289187282
0	6547	542393.718017125537	2100.3442356829
0	6558	543245.343051804265	2077.9462106992
0	6565	543742.936708917876	1752.0066257101
0	6574	544587.489818455686	1938.79940724
0	6585	545667.6140406635	2387.4227472581
0	6594	546170.087759429623	2115.0240610354
0	6605	547261.099380394479	2439.8187576793
0	6614	547868.684723647347	2160.4336772114
0	6621	548248.226151661983	1691.6498213075
0	6628	548674.499399727246	1413.4000193328
0	6639	550125.023403950071	2256.3386803027
0	6650	550987.851658556646	2508.3515322302
0	6659	551656.235900893843	2371.2773566134
0	6664	552019.599933503231	1855.1908657886
0	6675	552848.23868530806	1860.3870267514
0	6684	553614.861137559673	1958.6252366658
0	6693	554296.244344068727	2063.8917127624
0	6702	554683.856787672302	1783.3866755012
0	6711	555746.074030688067	1967.6165001467
0	6722	556637.834940059145	2315.2619048953
0	6731	557470.549510605668	2368.7998353504
0	6740	558154.050525510718	2181.8345673848
0	6749	558900.966578722035	2263.1316386629
0	6754	559300.451901136001	1829.9023905303
0	6763	560070.905435923522	1916.8549104128
0	6776	561072.046029986848	2171.0794512648
0	6783	561531.856518052553	1898.8667128142
0	6790	562139.114400884171	1754.0525226854
0	6801	563088.501886278425	2016.4558562916
0	6812	563868.872859841247	2034.9940514658
0	6817	564193.849261617322	1786.6169411223
0	6826	564733.636326435988	1555.5694890674
0	6835	565315.563047910144	1446.6901880689
0	6846	566197.838238347357	1763.4926207364
0	6853	566713.077865121921	1840.128860157
0	6862	567449.12594184283	1720.5043039285
0	6873	568254.186568781769	1982.0241835434
0	6882	568862.927836552298	1781.5539533738
0	6891	569661.345748789644	1789.3855771981
0	6902	570276.987061835861	1884.7291292623
0	6911	570877.292753197288	1980.5895916186
0	6920	571665.792406210711	1960.8909927774
0	6925	571986.163239553606	1709.1761777177
0	6938	573164.645681949368	2287.3529287521
0	6945	573824.032102664968	2158.2396964543
0	6956	574435.000612679905	1999.7558983974
0	6961	574951.415686542204	1786.7700045928
0	6970	575767.18640523035	1936.1842037179
0	6983	576922.207374265454	2487.2067615855
0	6990	577592.124177748374	2346.6679289471
0	6997	578093.448161333836	1983.4640299436
0	7006	578831.148855574465	1908.941481309
0	7015	579599.05665046539	1862.8775547724
0	7024	579985.402253083921	1700.9238030296
0	7033	580862.715130113102	1766.7103637941
0	7042	581608.892472228072	1809.7042992711
0	7051	582249.947691522575	1835.6305862311
0	7060	582658.18683793772	1361.6523576435
0	7069	583601.324173249341	1772.2843009047
0	7082	584650.893360888623	2035.3109585121
0	7091	585297.670005681031	2151.9001793582
0	7100	586137.127177510448	2304.4774984941
0	7109	586933.398877177425	2282.5055162888
0	7114	587238.585846405514	1940.9158407245
0	7125	588291.132598137521	2154.0054206271
0	7136	589183.262361120471	2249.863483943
0	7145	589938.352017989421	2346.6233000625
0	7152	590613.767369790042	2228.611603193
0	7163	591315.77227343809	2132.5099123176
0	7170	592076.782662654334	2138.4306446649
0	7179	592920.815965812692	2190.5580223538
0	7186	593673.517308617049	2357.745035179
0	7197	594450.756802037397	2253.5563340876
0	7208	595325.801685685331	2264.3922763411
0	7217	596203.692336659918	2402.0440987777
0	7222	596639.634679304475	2033.0352970865
0	7233	597536.541752284433	2210.7400665991
0	7244	598388.274609390687	2184.5822727308
0	7253	599082.36288917255	2089.980736468
0	7258	599541.349840164225	1954.0823415387
0	7271	600696.826664172153	2308.5520547815
0	7276	601093.5390084051	2011.1761192326
0	7285	601886.043886793818	1941.8629739899
0	7296	602809.459310816641	2112.6326466445
0	7307	603775.750491628464	2297.6487142034
0	7312	604120.531902182888	1923.2214328833
1	3131	260388.597957976173	346
1	3140	261211.764471698563	347
1	3147	261867.954412288974	348
1	3156	262549.240268161531	349
1	3167	263144.99747324736	350
1	3172	263698.219376569625	351
1	3181	264253.433008957665	352
1	3190	265115.269744908448	353
1	3201	265970.553919952374	354
1	3208	266674.115995410841	355
1	3219	267606.624780502182	356
1	3230	268600.967625388887	357
1	3239	269443.179417774093	358
1	3244	269782.65478606337	359
1	3257	270562.534690601763	360
1	3264	271113.076991401625	361
1	3273	272025.294335838419	362
1	3282	272358.486125059438	363
1	3291	273177.385707618681	364
1	3302	274057.631863374275	365
1	3307	274468.830473301944	366
1	3320	275401.053771469754	367
1	3325	275737.693919800234	368
1	3336	276780.284838052479	369
1	3347	277495.199661841628	370
1	3354	278107.295255642396	371
1	3365	279083.420711942029	372
1	3370	279608.564849523839	373
1	3379	280342.582137230796	374
1	3392	281036.268525710342	375
1	3401	281772.682197997359	376
1	3410	282637.293441966189	377
1	3415	282971.658441424383	378
1	3420	283450.02853595653	379
1	3433	284416.739702364444	380
1	3442	284966.344907227916	381
1	3453	286053.696321090697	382
1	3460	286593.099394720062	383
1	3471	287693.079411098747	384
1	3480	288261.880297679468	385
1	3491	289501.658424083158	386
1	3496	289996.434627799332	387
1	3505	290624.268465768561	388
1	3514	291365.097614424318	389
1	3523	291891.703286441058	390
1	3536	293144.238063599929	391
1	3541	293466.236983565628	392
1	3550	294222.666741907611	393
1	3563	295357.292852969855	394
1	3570	296007.140232995167	395
1	3577	296555.987832555562	396
1	3590	297760.213090013728	397
1	3597	298174.480836885065	398
1	3608	298890.136852255106	399
1	3617	299577.399216732025	400
1	3622	300031.634780298933	401
1	3631	300688.326495280505	402
1	3640	301553.884927975029	403
1	3649	302321.265785861776	404
1	3662	303677.528983494283	405
1	3671	304457.218829076753	406
1	3678	304886.461008014173	407
1	3689	305685.23956071587	408
1	3694	306028.861308982612	409
1	3707	307122.350961808131	410
1	3714	307816.041632602007	411
1	3723	308401.842404343204	412
1	3732	309195.852573215978	413
1	3739	309772.214887384342	414
1	3752	310703.191008511947	415
1	3759	311359.814954828487	416
1	3770	312176.627194415794	417
1	3777	312930.000779265554	418
1	3788	313734.306967584432	419
1	3797	314443.461863184364	420
1	3804	315119.291800679655	421
1	3813	315546.32968199441	422
1	3824	316452.82165878454	423
1	3831	316948.179482622089	424
1	3840	317714.642980322259	425
1	3847	318587.462342809903	426
1	3860	319374.495892692375	427
1	3865	319743.234817637148	428
1	3878	320906.069639883953	429
1	3887	321668.958207126724	430
1	3894	322247.848486946913	431
1	3905	322984.989294083807	432
1	3910	323451.634392002615	433
1	3919	324031.176934344712	434
1	3930	325146.543878875691	435
1	3937	325675.819885823894	436
1	3950	326671.281846100483	437
1	3959	327442.705099750329	438
1	3966	328338.451924128477	439
1	3977	328989.109088480491	440
1	3982	329697.211305191759	441
1	3995	330560.219944780711	442
1	4000	331099.489729246143	443
1	4011	332008.062329934929	444
1	4020	332670.236809412037	445
1	4029	333220.983263058607	446
1	4038	333924.176252027993	447
1	4047	334772.809384670128	448
1	4054	335306.936468090882	449
1	4067	336223.520327126627	450
1	4072	336782.055725203847	451
1	4081	337498.986422410255	452
1	4092	338362.758617894744	453
1	4103	339305.433064699193	454
1	4110	339868.954475037774	455
1	4117	340183.811618713682	456
1	4126	341255.875770701116	457
1	4135	341817.001330526567	458
1	4146	342574.056436400881	459
1	4155	343339.111979026368	460
1	4162	343700.496233068427	461
1	4171	344379.949751542902	462
1	4184	345422.321997955463	463
1	4189	345904.636733606479	464
1	4198	346583.937040949262	465
1	4209	347828.200206114001	466
1	4216	348477.109529217727	467
1	4227	349231.99003902266	468
1	4234	349788.368976116201	469
1	4245	350758.905638661257	470
1	4252	351542.255238024539	471
1	4263	352413.777257222703	472
1	4272	353333.03489922548	473
1	4281	353769.247370632387	474
1	4288	354623.591044312365	475
1	4297	355172.1401141491	476
1	4310	356342.002371791772	477
1	4319	356981.949982233367	478
1	4326	357787.776186363793	479
1	4337	358425.714629190064	480
1	4342	358895.269037922866	481
1	4353	359618.198286602296	482
1	4360	360256.935513624944	483
1	4369	361050.813160976417	484
1	4382	362153.750542597867	485
1	4389	362909.069906780518	486
1	4398	363443.320216471351	487
1	4407	364580.06365648473	488
1	4414	365113.159714126981	489
1	4425	366174.108638428173	490
1	4434	366751.33339916358	491
1	4441	367720.242813415847	492
1	4450	368361.902202246731	493
1	4459	369190.598873840666	494
1	4472	370337.018324062249	495
1	4477	370896.789226681015	496
1	4488	371585.736007662511	497
1	4499	372507.244887342697	498
1	4504	372892.468102555743	499
1	4517	374168.136553326642	500
1	4526	374838.504746044075	501
1	4535	375441.40656539241	502
1	4542	376085.798881435787	503
1	4551	376587.387991463786	504
1	4560	377298.712171381359	505
1	4567	377610.796854039674	506
1	4580	379013.741353573297	507
1	4589	379779.929897747953	508
1	4596	380443.950628861804	509
1	4603	381096.435018070061	510
1	4612	381633.982496336122	511
1	4625	383112.983091082444	512
1	4634	384009.5761082601	513
1	4639	384386.106224963461	514
1	4650	385202.274833293651	515
1	4657	385591.549529833738	516
1	4670	386653.452729899456	517
1	4675	387135.286433855091	518
1	4688	388083.529746858423	519
1	4697	388908.682832680663	520
1	4706	389627.72815078499	521
1	4711	389965.996048925465	522
1	4720	390623.388306191211	523
1	4729	391361.147861648372	524
1	4738	391873.562745982801	525
1	4747	392592.737886495909	526
1	4760	393580.798196280396	527
1	4769	394433.066230779535	528
1	4778	395328.654333064354	529
1	4787	396171.940637799001	530
1	4794	396947.083256347126	531
1	4801	397413.398456247545	532
1	4806	397864.135276665933	533
1	4821	399152.215990657008	534
1	4830	399858.734814729564	535
1	4839	400378.167259879433	536
1	4846	400943.490589689486	537
1	4857	402342.974283266835	538
1	4866	403172.60850328023	539
1	4875	403926.744713075482	540
1	4886	404663.369894865923	541
1	4891	405219.536043517314	542
1	4904	406080.851898668356	543
1	4911	406600.875557167478	544
1	4918	407076.560825854562	545
1	4927	407752.596855070464	546
1	4940	409061.138864792906	547
1	4949	409804.460242716618	548
1	4958	410580.934173055016	549
1	4965	411108.328995108627	550
1	4972	411742.970614554383	551
1	4985	412825.558509305142	552
1	4992	413634.439413109817	553
1	5003	414514.47298577989	554
1	5008	414816.024716198468	555
1	5019	415990.126604167768	556
1	5030	416766.394918039465	557
1	5037	417538.416795060063	558
1	5048	418370.279532624432	559
1	5055	418899.826900195354	560
1	5064	419608.705390105048	561
1	5075	420498.492060368905	562
1	5082	421195.244842255512	563
1	5093	421798.138234578098	564
1	5102	422658.263957127954	565
1	5107	423122.835153853546	566
1	5120	423946.870070043977	567
1	5129	424793.983230739858	568
1	5136	425550.931725092258	569
1	5145	426207.018111739333	570
1	5152	426517.620617290984	571
1	5163	427688.437649281722	572
1	5174	428533.682268206057	573
1	5179	429051.677968259928	574
1	5190	429994.930498581406	575
1	5199	430485.009567858678	576
1	5208	431204.893843503696	577
1	5215	431521.30255680534	578
1	5226	432688.422126229879	579
1	5233	433370.374736795229	580
1	5246	433875.003459351164	581
1	5253	434576.292484626201	582
1	5260	435141.860705148456	583
1	5269	435983.943107910481	584
1	5282	437218.464698363122	585
1	5289	437758.243779279318	586
1	5296	438101.667645620209	587
1	5309	439565.376515965936	588
1	5314	439913.529194751782	589
1	5323	440769.489233801169	590
1	5332	441568.961763940778	591
1	5345	442652.120533213046	592
1	5354	443544.685577088994	593
1	5363	444066.685202205581	594
1	5370	444659.660125896362	595
1	5377	445510.9462771565	596
1	5388	446143.11040760952	597
1	5399	446980.175849469406	598
1	5406	447646.953732613502	599
1	5417	448687.054188363282	600
1	5422	449092.709501506789	601
1	5433	449903.509086370496	602
1	5440	450415.521231992198	603
1	5453	451303.63662005405	604
1	5460	452095.444852905377	605
1	5471	452831.276499526604	606
1	5480	453681.504768831684	607
1	5487	454191.524964524462	608
1	5494	454880.028189299657	609
1	5505	456017.286807904049	610
1	5514	456916.878510173439	611
1	5523	457479.468139540432	612
1	5532	458204.170484561501	613
1	5541	458974.736906541539	614
1	5548	459566.103682061685	615
1	5557	460185.733184404698	616
1	5568	461293.206747528193	617
1	5577	461946.722540399087	618
1	5584	462540.876614162726	619
1	5593	463550.44689257632	620
1	5606	464421.112457569717	621
1	5615	465261.116258148132	622
1	5624	466003.572054673014	623
1	5631	466827.568907802952	624
1	5640	467565.936417086078	625
1	5647	468196.273883711575	626
1	5660	469061.57132713127	627
1	5665	469368.467323947726	628
1	5674	470066.511968337028	629
1	5683	471070.278174988954	630
1	5692	471539.004673110349	631
1	5701	471935.549670271604	632
1	5714	473187.271341914339	633
1	5721	473699.446786986692	634
1	5730	474592.146041896222	635
1	5737	475095.974612189485	636
1	5746	476079.829117096989	637
1	5759	477109.104193607373	638
1	5766	477625.9788097814	639
1	5773	478256.52820584367	640
1	5782	479084.127597603975	641
1	5791	479511.99406594972	642
1	5804	480637.616593251033	643
1	5813	481238.249913929059	644
1	5818	481708.839401369943	645
1	5829	482820.341859944194	646
1	5840	483724.650746723667	647
1	5845	484244.097185321182	648
1	5856	485061.536824749813	649
1	5863	485832.701849844337	650
1	5872	486272.429298609526	651
1	5881	487203.95141565244	652
1	5890	488042.050218908147	653
1	5903	489086.045662499995	654
1	5912	489860.456049162925	655
1	5917	490572.060576221005	656
1	5926	491058.016431285099	657
1	5935	491911.579717649178	658
1	5944	492443.384773749889	659
1	5957	493748.57003982182	660
1	5964	494096.793091809408	661
1	5975	494992.591642867805	662
1	5984	495614.846127619998	663
1	5993	496478.098473697932	664
1	6000	496844.197904504867	665
1	6009	497853.93713344823	666
1	6016	498471.696497686239	667
1	6025	498916.265022335606	668
1	6030	499642.389019159632	669
1	6047	501415.247233025762	670
1	6052	501889.662946527856	671
1	6061	502641.909776441786	672
1	6072	503229.793184017795	673
1	6079	503713.18430034447	674
1	6088	504374.562077969345	675
1	6097	505063.77970715988	676
1	6106	505996.414294419843	677
1	6117	506617.434722743962	678
1	6124	507351.610566163469	679
1	6135	508413.062516413661	680
1	6142	508867.292416328597	681
1	6155	509617.820266680824	682
1	6160	509982.680345233562	683
1	6169	510502.476099645751	684
1	6180	511428.133796760844	685
1	6187	512199.679157836394	686
1	6196	512837.873995117875	687
1	6207	513589.79639746252	688
1	6214	514367.38610104661	689
1	6223	514928.553449269417	690
1	6232	515626.098104473236	691
1	6241	516319.75788054991	692
1	6254	517266.664755949782	693
1	6263	518128.554875543373	694
1	6268	518430.044813593882	695
1	6277	519101.536874938788	696
1	6286	520133.813054440575	697
1	6295	521044.534009555387	698
1	6308	521874.63441314179	699
1	6313	522495.353882806408	700
1	6324	523435.342483129385	701
1	6335	524409.42253628749	702
1	6342	524912.991256546262	703
1	6349	525461.50124324489	704
1	6360	526729.473192337934	705
1	6367	527145.857835095409	706
1	6378	528342.108096135813	707
1	6385	528784.335203329135	708
1	6396	529775.046949647401	709
1	6403	530336.632266920094	710
1	6412	530964.570881053838	711
1	6423	532121.871985076029	712
1	6434	532798.13901856545	713
1	6443	533660.253922501613	714
1	6448	534021.280340384726	715
1	6461	534975.104200048407	716
1	6468	535419.419460743701	717
1	6479	536582.452084310388	718
1	6484	536900.531725678628	719
1	6493	537580.587083380705	720
1	6506	538734.135603066569	721
1	6511	539307.257279707154	722
1	6520	540065.206779213658	723
1	6529	540782.928658369964	724
1	6538	541645.355344098097	725
1	6547	542393.718017125537	726
1	6558	543245.343051804265	727
1	6565	543742.936708917876	728
1	6574	544587.489818455686	729
1	6585	545667.6140406635	730
1	6594	546170.087759429623	731
1	6605	547261.099380394479	732
1	6614	547868.684723647347	733
1	6621	548248.226151661983	734
1	6628	548674.499399727246	735
1	6639	550125.023403950071	736
1	6650	550987.851658556646	737
1	6659	551656.235900893843	738
1	6664	552019.599933503231	739
1	6675	552848.23868530806	740
1	6684	553614.861137559673	741
1	6693	554296.244344068727	742
1	6702	554683.856787672302	743
1	6711	555746.074030688067	744
1	6722	556637.834940059145	745
1	6731	557470.549510605668	746
1	6740	558154.050525510718	747
1	6749	558900.966578722035	748
1	6754	559300.451901136001	749
1	6763	560070.905435923522	750
1	6776	561072.046029986848	751
1	6783	561531.856518052553	752
1	6790	562139.114400884171	753
1	6801	563088.501886278425	754
1	6812	563868.872859841247	755
1	6817	564193.849261617322	756
1	6826	564733.636326435988	757
1	6835	565315.563047910144	758
1	6846	566197.838238347357	759
1	6853	566713.077865121921	760
1	6862	567449.12594184283	761
1	6873	568254.186568781769	762
1	6882	568862.927836552298	763
1	6891	569661.345748789644	764
1	6902	570276.987061835861	765
1	6911	570877.292753197288	766
1	6920	571665.792406210711	767
1	6925	571986.163239553606	768
1	6938	573164.645681949368	769
1	6945	573824.032102664968	770
1	6956	574435.000612679905	771
1	6961	574951.415686542204	772
1	6970	575767.18640523035	773
1	6983	576922.207374265454	774
1	6990	577592.124177748374	775
1	6997	578093.448161333836	776
1	7006	578831.148855574465	777
1	7015	579599.05665046539	778
1	7024	579985.402253083921	779
1	7033	580862.715130113102	780
1	7042	581608.892472228072	781
1	7051	582249.947691522575	782
1	7060	582658.18683793772	783
1	7069	583601.324173249341	784
1	7082	584650.893360888623	785
1	7091	585297.670005681031	786
1	7100	586137.127177510448	787
1	7109	586933.398877177425	788
1	7114	587238.585846405514	789
1	7125	588291.132598137521	790
1	7136	589183.262361120471	791
1	7145	589938.352017989421	792
1	7152	590613.767369790042	793
1	7163	591315.77227343809	794
1	7170	592076.782662654334	795
1	7179	592920.815965812692	796
1	7186	593673.517308617049	797
1	7197	594450.756802037397	798
1	7208	595325.801685685331	799
1	7217	596203.692336659918	800
1	7222	596639.634679304475	801
1	7233	597536.541752284433	802
1	7244	598388.274609390687	803
1	7253	599082.36288917255	804
1	7258	599541.349840164225	805
1	7271	600696.826664172153	806
1	7276	601093.5390084051	807
1	7285	601886.043886793818	808
1	7296	602809.459310816641	809
1	7307	603775.750491628464	810
1	7312	604120.531902182888	811

