version 2
run Pipelined_3Teachers-20-20190105-10:57:22-25260
attr configname Pipelined_3Teachers
attr datetime 20190105-10:57:22
attr experiment Pipelined_3Teachers
attr inifile ../simulations/omnetpp.ini
attr iterationvars "$0=\"uniform\""
attr iterationvarsf uniform-
attr measurement "$0=\"uniform\""
attr network PipelinedExamSession
attr processid 25260
attr repetition 20
attr replication #20
attr resultdir results
attr runnumber 20
attr seedset 20
param **.teachersNumber 3
param **.answerTimeDistribution "\"uniform\""
param **.minUniform 300
param **.maxUniform 900
param **.scaleLognormal 6.2854
param **.shapeLognormal 0.4724

vector 0 PipelinedExamSession examinationTime:vector ETV
attr source examFinished
vector 1 PipelinedExamSession studentID:vector ETV
attr source student
0	3104	260530.38037517111	2029.6624186914
0	3113	261166.801088070527	1989.1916918568
0	3118	261475.582829117805	1763.6228474323
0	3129	262474.852911382944	1944.4725362118
0	3138	263500.339927431226	2333.5388393607
0	3145	264290.630620485202	2379.0120209567
0	3154	265026.030894275784	2214.822614193
0	3165	265864.204177586392	2194.4344196934
0	3174	266632.982463855327	2097.4300376605
0	3185	267244.846978783638	2121.8593436759
0	3190	267827.667835867063	1804.9612007104
0	3199	268526.178893074424	1837.4938949011
0	3210	269249.794965377109	2004.9479865935
0	3221	269977.09466200325	1993.7962804455
0	3228	270380.390365328671	1543.5019006021
0	3235	271168.122237268867	1793.0593515281
0	3244	271988.065105397285	2010.970443394
0	3255	272771.636114548924	1949.5078238659
0	3262	273784.654762968453	2198.6130558886
0	3273	274636.22506731193	2195.1330725569
0	3280	275403.953673457759	2326.1552680749
0	3293	276117.398213641751	2197.6694124285
0	3302	276913.857797440174	2148.5123725142
0	3311	277668.720153719219	2210.2818536572
0	3316	278484.255913551929	2366.8576999102
0	3327	279097.106103412839	2183.2483059727
0	3334	279732.320699421721	2063.6005457025
0	3347	280649.858541693571	2090.9363251179
0	3354	281151.865709759328	1820.0762456283
0	3361	281720.143314404446	1799.5417082682
0	3372	282668.642273917827	2018.7837322243
0	3381	283503.699882561374	2160.6537865475
0	3388	283950.089742941815	1733.2349696662
0	3399	285089.161197887766	2246.287512593
0	3406	285428.262540511819	1801.0319697205
0	3415	286217.320285644415	1700.3242766485
0	3428	287246.094018872861	1847.4758463912
0	3437	288074.854820966754	2238.3694239892
0	3444	288577.607406070489	2161.1562517472
0	3455	289662.327211629633	2416.2331927568
0	3462	290188.643720420111	2113.7888994534
0	3469	290561.970411054824	1785.0660829805
0	3478	291327.331004384939	1665.0037927553
0	3487	292531.627999478984	2203.7193262484
0	3496	293296.011810656671	2084.4429588877
0	3509	294513.228008151089	2404.3788696639
0	3514	294844.220259832253	1932.0677636191
0	3527	295977.461184002494	2222.188671492
0	3536	296743.193573690986	2229.9655655399
0	3545	297549.458125792479	2416.4591113105
0	3554	298429.876228049433	2452.4150440469
0	3559	298936.349087208545	2193.1555135176
0	3570	299836.673784814811	2287.2156590223
0	3577	300503.629023721478	2073.752795672
0	3586	301045.304479077495	1879.2979613878
0	3597	301839.199519157446	1833.4890478291
0	3604	302335.914731724225	1596.0660619196
0	3617	303599.996475549452	2327.6493744459
0	3626	304499.595867795907	2544.7843357455
0	3635	305183.992957603224	2377.0733240526
0	3644	306047.767294663974	2447.7708191145
0	3649	306643.295016093218	2143.6991482973
0	3660	307237.626670394131	2053.6337127909
0	3669	307673.277310654559	1625.5100159906
0	3676	308470.758481370323	1704.2404603679
0	3689	309130.328170023896	1855.0096417777
0	3694	309599.114566342943	1648.1644468848
0	3703	310729.968992108516	2147.4044304807
0	3712	311570.462149148844	2440.1339791249
0	3725	312553.049527527802	2657.1154677775
0	3732	313018.507560342588	2225.5440820009
0	3743	313915.020413976201	2260.3784730658
0	3750	314300.115331588351	1747.0658040605
0	3757	314839.047394925767	1768.8419037033
0	3768	315692.488973680923	1777.4685597047
0	3779	316513.520532567093	1992.6453073975
0	3788	317183.766562677959	2281.2573450152
0	3797	318012.995062815065	2211.4527004771
0	3802	318683.813198050524	2170.2926654834
0	3813	319288.051349110941	2104.284786433
0	3816	319604.315970651845	1591.3209078368
0	3833	320988.606976764317	2077.6608682238
0	3842	321654.765014676418	1890.5172284693
0	3847	322137.122751306783	1742.9832531139
0	3858	322914.942690543871	1926.3357137796
0	3867	323470.493373228278	1815.7283585519
0	3874	324007.601184630808	1735.8193791937
0	3885	324628.302211314482	1670.2101057395
0	3892	325393.415186321404	1858.0958481878
0	3901	325984.171493304935	1770.0795854442
0	3910	326474.731421191287	1521.2977096438
0	3923	327847.709389356938	2412.6765565015
0	3932	328666.17126488131	2404.3098319788
0	3941	329359.717899514404	2384.2050503008
0	3948	329847.685052035418	1999.9756626785
0	3959	330722.445790842217	2056.2745259609
0	3968	331508.65247519691	2148.9345756825
0	3975	332004.310769168702	2084.0989300981
0	3982	332875.664008269128	2153.2182174269
0	3993	333872.87992956121	2364.2274543643
0	4000	334211.567687708927	1927.1174342372
0	4011	335308.132052561311	2190.2342980262
0	4018	335815.206243423788	1807.1577636525
0	4027	336989.413090283094	2102.1960270591
0	4038	337732.511819293766	2192.202394316
0	4047	338839.56937026237	2421.3902997784
0	4054	339273.357282439292	2042.5246938597
0	4065	339960.932849161372	1972.3596699536
0	4076	340665.746571729005	1780.2992669865
0	4083	341463.514463184447	1952.8125003912
0	4092	341950.296063534961	1897.291066451
0	4099	342404.360142163978	1738.613570435
0	4112	343769.092147238598	2222.2122893203
0	4117	344443.900304893077	2364.4569746219
0	4126	344985.510412976191	2013.1352127995
0	4135	346002.317193523095	2233.2250462845
0	4146	347115.976453945087	2449.9222503975
0	4155	347826.516927313106	2337.878788216
0	4164	348353.316199779556	2089.9668700062
0	4173	348976.569588342727	1841.0854092333
0	4176	349464.513170253531	1521.6202715412
0	4191	351047.205189429269	2407.8132988885
0	4202	351530.715869274036	2014.779067738
0	4207	352093.020737869711	1700.0865322072
0	4220	353157.223492534877	2056.4558270853
0	4227	353926.594391930894	2395.8785226569
0	4236	354409.409923385875	2067.8495042492
0	4243	354776.581306429626	1619.3578138947
0	4256	356016.543110227259	2021.0511940531
0	4263	356755.467024631845	2166.2876673974
0	4272	357436.010256595956	2261.331912037
0	4281	358168.934042891534	2152.3909326643
0	4290	358698.503341991501	1842.0471662655
0	4299	359395.701936213346	1950.3693882376
0	4310	360536.965112295048	2261.0733975191
0	4315	361015.503833536105	2036.2144698389
0	4324	361710.926899407105	1884.7255860921
0	4333	362535.95209359196	1998.9869812969
0	4346	363611.388247087645	2301.522145886
0	4355	364253.403999237391	2233.7085852865
0	4362	365071.479478525045	2313.7010268867
0	4371	365604.66660861862	1993.278361531
0	4380	366342.511327005971	2089.1073277686
0	4387	367038.781496929053	1890.8498036675
0	4398	367760.291405115325	2104.167570686
0	4405	368352.631517965395	1921.7741300818
0	4414	368787.565292464617	1581.9309339859
0	4427	369700.854065548678	1921.4718766976
0	4436	370419.407253060539	1941.051121708
0	4441	370882.186573930134	1735.0229792297
0	4450	371488.905733125334	1788.0516675767
0	4461	372308.611437538688	1889.2041844781
0	4470	372874.286581808751	1779.2811021209
0	4479	373468.600554205527	1589.3337256741
0	4486	373809.395123273184	1495.3147927299
0	4495	374850.284356623938	1903.8267953787
0	4506	375994.032740173912	2313.7710743118
0	4515	376886.188578559136	2383.7709776592
0	4526	377539.046411169743	2155.2317767404
0	4535	378337.37541907472	2084.1702103615
0	4544	379148.548264196193	2155.1392039284
0	4549	379577.135281311399	2038.0888701417
0	4560	380501.36038097558	2163.9849619009
0	4571	381296.913895430094	2148.3656312339
0	4576	381672.67389795748	1837.7890908625
0	4585	382453.339975560135	1922.262551263
0	4598	383553.62324458552	2256.7093491554
0	4603	383974.971912894449	1787.6456508413
0	4614	384843.894022051295	2136.3096999004
0	4623	385233.976263552955	1680.3530189674
0	4634	386176.40359690418	1876.9868080504
0	4641	386558.057936886377	1692.8316499572
0	4650	387307.787236617929	1857.7826322522
0	4661	387995.90841648174	1819.5048195776
0	4670	388656.092291185684	1965.1991413906
0	4679	389537.953564245306	2157.8779326752
0	4684	390208.814513264276	2212.9060967825
0	4693	390897.758911270701	2241.666620085
0	4702	391592.982376506604	2055.0288122613
0	4711	392342.140155891009	1944.8341586161
0	4720	393093.562594195881	1904.1743138339
0	4731	394001.428441749939	2028.8284664042
0	4742	394944.352352293261	2190.2773821261
0	4751	395771.757529070654	2445.483932225
0	4758	396543.275851523557	2400.165877305
0	4765	397145.165258646064	2200.8129063528
0	4778	398167.32970378367	2395.572174713
0	4785	398792.679274873862	2134.580083983
0	4794	399385.482731787542	1888.8620311394
0	4803	400093.846983835155	1926.5172800515
0	4810	400400.357496924752	1508.1277468242
0	4823	401633.798777964019	2035.2156696841
0	4832	402482.482547219896	2339.5747384988
0	4841	403368.393330043235	2477.221114235
0	4846	403881.112097343483	2247.3133193795
0	4855	404484.467025194371	2001.9844779745
0	4864	405337.894251756424	1969.5009217132
0	4873	405926.897380175122	1808.0487072933
0	4884	406795.350282546186	1988.6402875185
0	4895	407895.847677486071	2212.7231029328
0	4900	408391.797210183048	2122.3854652606
0	4911	409180.72303826926	2018.4915745631
0	4920	410061.315995967069	2165.468318481
0	4927	410394.967622682506	1693.2069266215
0	4936	411434.285751404295	1927.6369353756
0	4945	412105.436785100082	1981.3388933893
0	4956	412988.150419341454	2003.6017286126
0	4963	413749.653688352609	2057.7407067642
0	4974	414494.493829272741	2022.6029775571
0	4983	415349.063759995678	2198.6713218503
0	4990	416046.393761225098	2081.3997013494
0	4999	416784.298141161033	1929.5193691738
0	5012	417608.124099578761	1893.8183718827
0	5021	418154.620271315851	1783.1146422308
0	5030	418960.593779292011	2103.4676011652
0	5039	419850.707877986187	2242.5837784074
0	5044	420172.811294999028	2018.1910236832
0	5055	420980.169595917741	2019.5758166257
0	5062	421484.608922665993	1633.9010446798
0	5073	422862.479220656732	2364.3920675386
0	5080	423455.956949293668	2260.4086843785
0	5089	424098.201221320833	2025.5501138046
0	5102	424799.029613100047	1831.3737197779
0	5109	425353.858510544578	1802.4161618203
0	5116	425879.511631233672	1560.7072851621
0	5125	426591.365794278735	1792.3361811787
0	5134	427331.674095522667	1971.3738875929
0	5143	427943.778563942814	1786.6194446571
0	5152	428574.077984970117	1839.0582047403
0	5165	429419.62864226667	1806.697168434
0	5174	430266.547182435224	1938.9091584831
0	5181	431057.066536881084	2366.4475184865
0	5192	431876.026551425511	2456.3979091588
0	5197	432263.54338251991	1996.9962000847
0	5206	432979.916262952665	1868.6485114507
0	5215	433546.507157525101	1670.4806060996
0	5224	434340.387264965156	1975.801705895
0	5237	435462.000889331155	2296.7508575879
0	5242	435901.377515355178	1979.8001099378
0	5253	437100.462183728866	2413.9208732173
0	5262	437631.533941766299	2169.5330524351
0	5271	438392.43481163872	2054.5548191294
0	5278	439011.080667888798	1792.5417067017
0	5291	439671.849804511346	1869.0028117038
0	5300	440333.024684339814	1844.8562921025
0	5307	440894.197188131564	1878.0497898348
0	5316	441669.318074779638	1997.4682702683
0	5323	442119.407229730912	1786.3825453911
0	5334	443124.742882652261	2081.1313664541
0	5341	443473.208095366188	1774.4005184155
0	5350	444471.821376588248	1928.0678311363
0	5359	445093.196869315632	1813.5039778892
0	5368	445913.843856426008	1818.9413806424
0	5379	446635.324157076009	1642.4601750914
0	5388	447139.884627750196	1731.5981662832
0	5395	447629.146748827823	1495.6085101236
0	5406	448729.197429958783	1964.3099842127
0	5413	449306.614217162184	1809.2224060558
0	5422	449928.029662650131	1770.6806202885
0	5433	451105.278995912575	2269.8972967453
0	5440	451882.866859948316	2250.8843391202
0	5449	452395.54422288207	1943.0989649612
0	5460	453231.387351360224	1951.9688299857
0	5469	454034.081139368988	2028.8118202239
0	5478	454610.519030783377	1780.3033725824
0	5487	455249.139902181975	1610.023336485
0	5494	456137.073432281665	1929.9378545489
0	5503	456739.19421611359	1990.2806949802
0	5514	457257.784147840045	1808.4217816126
0	5521	457821.945515507885	1525.5130833015
0	5530	458345.771072991244	1421.1779528763
0	5539	459094.569935090893	1607.0685165469
0	5550	460108.25170981703	1957.9678586684
0	5557	460439.110427163594	1659.8309260793
0	5570	461630.087193008565	2267.2713350505
0	5575	462302.933314628952	2102.5946682785
0	5584	463020.609823800676	2175.3753291909
0	5597	463730.21896015858	2100.13176715
0	5604	464298.515589907819	1801.4462176245
0	5613	465127.651875419595	2036.69248363
0	5624	465639.228206081368	1909.0092459228
0	5633	466449.655131809466	2031.1054720078
0	5638	466823.812559712731	1593.3871483896
0	5651	467936.910214042343	2297.682007961
0	5658	468704.876059619762	2255.2209278103
0	5667	469255.057489732333	2080.5019844323
0	5676	469750.163013255276	1813.2527992129
0	5683	470346.632488304802	1536.2971250899
0	5692	471190.014476794802	1919.1477530636
0	5703	472253.965360997298	2231.7248166539
0	5712	472947.300078906172	2086.7432638071
0	5721	473542.680234136114	2015.8646099735
0	5732	474432.020827056894	2116.0936300177
0	5739	474904.3556079269	1817.900172947
0	5748	475894.006581651101	2340.8177399542
0	5757	476432.787235826308	2000.7664087694
0	5764	477039.956467039937	1775.53503667
0	5773	477733.17774664616	1835.304970108
0	5786	478630.979502573663	2182.9402576201
0	5795	479485.138496104682	2163.5913977399
0	5804	480142.832007631714	1925.6769325119
0	5809	480480.058694863746	1849.0791922901
0	5818	481020.18536687834	1535.0468707737
0	5829	482086.274851346443	1943.4428437147
0	5836	482741.000115964616	1965.097384667
0	5847	483537.130758119801	1999.2045615334
0	5854	484023.692740732859	1593.2476469781
0	5865	484754.806256387437	1916.5910588577
0	5872	485184.11833327269	1554.6614681371
0	5883	486084.881985699812	1967.931168247
0	5890	486871.061273384893	1903.6856358871
0	5899	487375.715717207694	1684.0517044533
0	5910	488183.564119599814	1732.5589714106
0	5917	488711.433436721618	1553.2694420312
0	5928	489868.073668889754	2119.8256937787
0	5937	490731.066209077888	2189.8874318227
0	5944	491538.853520667233	2165.1350229979
0	5957	492553.048234758951	2339.6084215958
0	5962	492853.362614242412	1817.0600401238
0	5971	493584.522300073929	1778.4752128646
0	5980	494548.995123803668	1995.9468890447
0	5991	495323.790029715799	2072.181329364
0	6002	496205.177440401219	2058.2555233967
0	6011	496978.892838768713	2098.8020609133
0	6016	497344.108310854114	2006.9901048671
0	6025	498157.706489972822	1952.5290495716
0	6036	498985.741043463401	2006.8482046947
0	6047	500080.420517781802	2349.1241203621
0	6056	500947.029973939114	2605.1341122016
0	6065	501580.681721493655	2388.6730893049
0	6072	502299.424052657613	2219.0035348758
0	6079	502901.95161905145	1954.9216451123
0	6090	503522.477790992761	1941.7960694991
0	6099	504143.010277440826	1841.5781241842
0	6106	504643.908841023275	1690.2578171343
0	6115	505237.69038501201	1703.999634739
0	6126	506305.824171099866	2034.7936674021
0	6133	506717.476917291114	1747.2747027408
0	6142	507285.534584568868	1513.463168079
0	6155	508294.123094296136	1800.9101562202
0	6162	508808.352185692691	1827.7803253848
0	6169	509361.140711233073	1853.2158160117
0	6180	510192.464280920156	1898.341186624
0	6191	511027.678081020766	2051.2718827464
0	6200	511865.938016446361	2166.2947843317
0	6207	512560.767014091888	2345.8278078586
0	6218	513372.10206636233	2344.4239853416
0	6223	513678.798719169625	1812.8607027233
0	6234	514430.325962696278	1759.0753736906
0	6241	515059.970246488282	1687.868180126
0	6250	515845.602190308327	1843.6890425161
0	6261	517006.219447078238	2309.9890088663
0	6270	517492.223762115518	2031.5433828626
0	6281	518309.431183151955	1950.2212885302
0	6286	518627.148306369836	1570.0508957729
0	6297	519543.741684174219	2026.7182852607
0	6304	520191.212357813546	1881.7811746616
0	6317	521323.684545094201	2349.3490997236
0	6322	521807.889871252754	1975.6284079514
0	6335	522980.706565082127	2462.4404670205
0	6340	523430.560255609507	2106.8757105153
0	6351	524124.381292518282	1968.2204901706
0	6360	524954.54479590995	1973.8382308278
0	6367	525372.848708555156	1651.6729155555
0	6380	526437.115659099126	2087.610013783
0	6387	527092.774080438593	2046.4965423569
0	6394	527460.558899911175	1619.6659998503
0	6403	528032.784202974344	1595.6685438752
0	6416	529182.735493406708	2027.3920665029
0	6421	529681.034753099139	1943.879554281
0	6430	530241.088087298031	1863.2615892682
0	6439	531307.609726348947	2124.8742329422
0	6450	532249.639694066773	2356.7561280448
0	6461	533104.389097821022	2315.2496689931
0	6468	533809.389339247773	2206.0278916731
0	6475	534542.995919566656	2174.4938225951
0	6488	535512.489238707403	2408.1001408864
0	6497	536339.211545605267	2365.1891355403
0	6504	536810.15737052081	2064.9436318316
0	6511	537357.856719195897	1845.3674804885
0	6524	538550.800701929311	2211.589156324
0	6533	539431.601253803874	2290.8238024916
0	6540	539967.490389291252	2117.1366537921
0	6549	540770.226072287242	2219.4253703579
0	6556	541268.071145424673	1836.4698916208
0	6565	541730.003636051023	1687.2913379688
0	6578	542872.015186445841	2041.7804511264
0	6585	543376.853869250098	1983.2867320161
0	6596	544306.70772227464	2053.3120907843
0	6605	545129.050529748255	2257.0353433024
0	6610	545751.562164304832	2030.0128854811
0	6623	546572.521413350531	2265.8136910759
0	6630	547204.108480922931	2075.0579511747
0	6637	547601.16256931802	1677.2929038852
0	6646	548156.89963884657	1584.378225496
0	6655	549136.456111120113	1796.9262199011
0	6668	549892.630675435119	1962.5423249323
0	6673	550279.170014290192	1597.4346991628
0	6686	551538.535781158187	2206.684727082
0	6695	552331.266809860297	2438.6361344252
0	6702	552873.894902737864	2161.503272038
0	6705	553198.429285688379	1659.8935045302
0	6722	554478.694608947314	2147.427799087
0	6727	555042.2471474391	1837.8395324573
0	6736	556093.840210558899	2131.3204198144
0	6747	556970.321597624622	2491.6269886773
0	6754	557847.487477026932	2475.5937909242
0	6765	558713.637779792822	2482.1409798693
0	6772	559433.239982323772	2376.6741515603
0	6785	560295.817753952048	2339.2861716449
0	6794	561127.38177389843	2384.2764349189
0	6801	561523.943778220616	2017.8213086911
0	6810	562100.107720820285	1804.2899668682
0	6817	562722.024403419397	1594.642629521
0	6826	563163.579036807694	1511.0319233034
0	6835	564247.849336685666	1955.164547218
0	6848	565283.417463256099	2395.8639483433
0	6857	566109.714971529373	2366.9518163893
0	6866	566870.300837326848	2238.0922288634
0	6875	567603.820723760926	2320.4032605048
0	6882	568417.982156435081	2308.2671849057
0	6893	569298.684270959401	2428.3834336326
0	6902	570153.902921173775	2550.0821974128
0	6907	570700.619902135858	2269.6295307018
0	6916	571459.81147536082	2161.1272044014
0	6927	572330.548193212653	2176.6452720389
0	6938	573289.167349319959	2349.1380800027
0	6943	573650.269610993618	1950.7510475814
0	6954	574447.247764980474	2004.8123400193
0	6961	575104.139353986883	1814.9720046669
0	6972	576430.609258404056	2406.8369506393
0	6981	577076.84966004459	2305.7588458993
0	6988	577626.308801025206	1957.8772104811
0	6997	578246.514626406188	1756.8404752761
0	7006	578897.489436110537	1759.6878977492
0	7019	580299.641662789563	2266.1792626139
0	7026	580815.941047109718	1963.7546268292
0	7033	581144.008246762733	1420.74198802
0	7044	582204.080732865313	1904.4390700757
0	7051	582862.609886052142	1879.1098411661
0	7062	583678.878999408389	1958.4214918781
0	7069	584166.039258660803	1660.0821252912
0	7078	584863.465792033877	1541.8887801468
0	7087	585672.738041868489	1836.0414217226
0	7098	586632.040940411444	2029.090425605
0	7105	587189.051976380925	1870.75779601
0	7114	587814.76201890042	1654.1656033136
0	7127	589174.241482419949	2121.9741992187
0	7134	589781.228605052512	2206.0136445332
0	7141	590352.668973617311	1925.0858950429
0	7152	591175.903369719218	2001.6618872993
0	7161	592157.869226485547	2094.5491750259
0	7168	592792.354531958755	2198.2499429025
0	7177	593146.394588286113	1826.3511467725
0	7190	594512.793138949256	2310.8728876803
0	7197	595051.667380426135	2054.2251062114
0	7204	595454.277121368852	1704.8339974601
0	7213	596546.811103262063	2034.0179643128
0	7226	597556.773506663796	2183.5437992122
0	7233	598387.775819376167	2267.5887628924
0	7240	598774.987886706423	1924.0683793556
0	7249	599543.557833088618	1986.7843264248
0	7260	600654.033117508572	2209.7515529953
0	7271	601551.074008829948	2257.6806238387
0	7276	601996.58893360762	1938.6488683987
0	7289	603052.938547544237	2255.9136739466
0	7296	603803.717978624683	2252.6439697947
0	7303	604276.053528394606	1941.2720954977
1	3104	260530.38037517111	343
1	3113	261166.801088070527	344
1	3118	261475.582829117805	345
1	3129	262474.852911382944	346
1	3138	263500.339927431226	347
1	3145	264290.630620485202	348
1	3154	265026.030894275784	349
1	3165	265864.204177586392	350
1	3174	266632.982463855327	351
1	3185	267244.846978783638	352
1	3190	267827.667835867063	353
1	3199	268526.178893074424	354
1	3210	269249.794965377109	355
1	3221	269977.09466200325	356
1	3228	270380.390365328671	357
1	3235	271168.122237268867	358
1	3244	271988.065105397285	359
1	3255	272771.636114548924	360
1	3262	273784.654762968453	361
1	3273	274636.22506731193	362
1	3280	275403.953673457759	363
1	3293	276117.398213641751	364
1	3302	276913.857797440174	365
1	3311	277668.720153719219	366
1	3316	278484.255913551929	367
1	3327	279097.106103412839	368
1	3334	279732.320699421721	369
1	3347	280649.858541693571	370
1	3354	281151.865709759328	371
1	3361	281720.143314404446	372
1	3372	282668.642273917827	373
1	3381	283503.699882561374	374
1	3388	283950.089742941815	375
1	3399	285089.161197887766	376
1	3406	285428.262540511819	377
1	3415	286217.320285644415	378
1	3428	287246.094018872861	379
1	3437	288074.854820966754	380
1	3444	288577.607406070489	381
1	3455	289662.327211629633	382
1	3462	290188.643720420111	383
1	3469	290561.970411054824	384
1	3478	291327.331004384939	385
1	3487	292531.627999478984	386
1	3496	293296.011810656671	387
1	3509	294513.228008151089	388
1	3514	294844.220259832253	389
1	3527	295977.461184002494	390
1	3536	296743.193573690986	391
1	3545	297549.458125792479	392
1	3554	298429.876228049433	393
1	3559	298936.349087208545	394
1	3570	299836.673784814811	395
1	3577	300503.629023721478	396
1	3586	301045.304479077495	397
1	3597	301839.199519157446	398
1	3604	302335.914731724225	399
1	3617	303599.996475549452	400
1	3626	304499.595867795907	401
1	3635	305183.992957603224	402
1	3644	306047.767294663974	403
1	3649	306643.295016093218	404
1	3660	307237.626670394131	405
1	3669	307673.277310654559	406
1	3676	308470.758481370323	407
1	3689	309130.328170023896	408
1	3694	309599.114566342943	409
1	3703	310729.968992108516	410
1	3712	311570.462149148844	411
1	3725	312553.049527527802	412
1	3732	313018.507560342588	413
1	3743	313915.020413976201	414
1	3750	314300.115331588351	415
1	3757	314839.047394925767	416
1	3768	315692.488973680923	417
1	3779	316513.520532567093	418
1	3788	317183.766562677959	419
1	3797	318012.995062815065	420
1	3802	318683.813198050524	421
1	3813	319288.051349110941	422
1	3816	319604.315970651845	423
1	3833	320988.606976764317	424
1	3842	321654.765014676418	425
1	3847	322137.122751306783	426
1	3858	322914.942690543871	427
1	3867	323470.493373228278	428
1	3874	324007.601184630808	429
1	3885	324628.302211314482	430
1	3892	325393.415186321404	431
1	3901	325984.171493304935	432
1	3910	326474.731421191287	433
1	3923	327847.709389356938	434
1	3932	328666.17126488131	435
1	3941	329359.717899514404	436
1	3948	329847.685052035418	437
1	3959	330722.445790842217	438
1	3968	331508.65247519691	439
1	3975	332004.310769168702	440
1	3982	332875.664008269128	441
1	3993	333872.87992956121	442
1	4000	334211.567687708927	443
1	4011	335308.132052561311	444
1	4018	335815.206243423788	445
1	4027	336989.413090283094	446
1	4038	337732.511819293766	447
1	4047	338839.56937026237	448
1	4054	339273.357282439292	449
1	4065	339960.932849161372	450
1	4076	340665.746571729005	451
1	4083	341463.514463184447	452
1	4092	341950.296063534961	453
1	4099	342404.360142163978	454
1	4112	343769.092147238598	455
1	4117	344443.900304893077	456
1	4126	344985.510412976191	457
1	4135	346002.317193523095	458
1	4146	347115.976453945087	459
1	4155	347826.516927313106	460
1	4164	348353.316199779556	461
1	4173	348976.569588342727	462
1	4176	349464.513170253531	463
1	4191	351047.205189429269	464
1	4202	351530.715869274036	465
1	4207	352093.020737869711	466
1	4220	353157.223492534877	467
1	4227	353926.594391930894	468
1	4236	354409.409923385875	469
1	4243	354776.581306429626	470
1	4256	356016.543110227259	471
1	4263	356755.467024631845	472
1	4272	357436.010256595956	473
1	4281	358168.934042891534	474
1	4290	358698.503341991501	475
1	4299	359395.701936213346	476
1	4310	360536.965112295048	477
1	4315	361015.503833536105	478
1	4324	361710.926899407105	479
1	4333	362535.95209359196	480
1	4346	363611.388247087645	481
1	4355	364253.403999237391	482
1	4362	365071.479478525045	483
1	4371	365604.66660861862	484
1	4380	366342.511327005971	485
1	4387	367038.781496929053	486
1	4398	367760.291405115325	487
1	4405	368352.631517965395	488
1	4414	368787.565292464617	489
1	4427	369700.854065548678	490
1	4436	370419.407253060539	491
1	4441	370882.186573930134	492
1	4450	371488.905733125334	493
1	4461	372308.611437538688	494
1	4470	372874.286581808751	495
1	4479	373468.600554205527	496
1	4486	373809.395123273184	497
1	4495	374850.284356623938	498
1	4506	375994.032740173912	499
1	4515	376886.188578559136	500
1	4526	377539.046411169743	501
1	4535	378337.37541907472	502
1	4544	379148.548264196193	503
1	4549	379577.135281311399	504
1	4560	380501.36038097558	505
1	4571	381296.913895430094	506
1	4576	381672.67389795748	507
1	4585	382453.339975560135	508
1	4598	383553.62324458552	509
1	4603	383974.971912894449	510
1	4614	384843.894022051295	511
1	4623	385233.976263552955	512
1	4634	386176.40359690418	513
1	4641	386558.057936886377	514
1	4650	387307.787236617929	515
1	4661	387995.90841648174	516
1	4670	388656.092291185684	517
1	4679	389537.953564245306	518
1	4684	390208.814513264276	519
1	4693	390897.758911270701	520
1	4702	391592.982376506604	521
1	4711	392342.140155891009	522
1	4720	393093.562594195881	523
1	4731	394001.428441749939	524
1	4742	394944.352352293261	525
1	4751	395771.757529070654	526
1	4758	396543.275851523557	527
1	4765	397145.165258646064	528
1	4778	398167.32970378367	529
1	4785	398792.679274873862	530
1	4794	399385.482731787542	531
1	4803	400093.846983835155	532
1	4810	400400.357496924752	533
1	4823	401633.798777964019	534
1	4832	402482.482547219896	535
1	4841	403368.393330043235	536
1	4846	403881.112097343483	537
1	4855	404484.467025194371	538
1	4864	405337.894251756424	539
1	4873	405926.897380175122	540
1	4884	406795.350282546186	541
1	4895	407895.847677486071	542
1	4900	408391.797210183048	543
1	4911	409180.72303826926	544
1	4920	410061.315995967069	545
1	4927	410394.967622682506	546
1	4936	411434.285751404295	547
1	4945	412105.436785100082	548
1	4956	412988.150419341454	549
1	4963	413749.653688352609	550
1	4974	414494.493829272741	551
1	4983	415349.063759995678	552
1	4990	416046.393761225098	553
1	4999	416784.298141161033	554
1	5012	417608.124099578761	555
1	5021	418154.620271315851	556
1	5030	418960.593779292011	557
1	5039	419850.707877986187	558
1	5044	420172.811294999028	559
1	5055	420980.169595917741	560
1	5062	421484.608922665993	561
1	5073	422862.479220656732	562
1	5080	423455.956949293668	563
1	5089	424098.201221320833	564
1	5102	424799.029613100047	565
1	5109	425353.858510544578	566
1	5116	425879.511631233672	567
1	5125	426591.365794278735	568
1	5134	427331.674095522667	569
1	5143	427943.778563942814	570
1	5152	428574.077984970117	571
1	5165	429419.62864226667	572
1	5174	430266.547182435224	573
1	5181	431057.066536881084	574
1	5192	431876.026551425511	575
1	5197	432263.54338251991	576
1	5206	432979.916262952665	577
1	5215	433546.507157525101	578
1	5224	434340.387264965156	579
1	5237	435462.000889331155	580
1	5242	435901.377515355178	581
1	5253	437100.462183728866	582
1	5262	437631.533941766299	583
1	5271	438392.43481163872	584
1	5278	439011.080667888798	585
1	5291	439671.849804511346	586
1	5300	440333.024684339814	587
1	5307	440894.197188131564	588
1	5316	441669.318074779638	589
1	5323	442119.407229730912	590
1	5334	443124.742882652261	591
1	5341	443473.208095366188	592
1	5350	444471.821376588248	593
1	5359	445093.196869315632	594
1	5368	445913.843856426008	595
1	5379	446635.324157076009	596
1	5388	447139.884627750196	597
1	5395	447629.146748827823	598
1	5406	448729.197429958783	599
1	5413	449306.614217162184	600
1	5422	449928.029662650131	601
1	5433	451105.278995912575	602
1	5440	451882.866859948316	603
1	5449	452395.54422288207	604
1	5460	453231.387351360224	605
1	5469	454034.081139368988	606
1	5478	454610.519030783377	607
1	5487	455249.139902181975	608
1	5494	456137.073432281665	609
1	5503	456739.19421611359	610
1	5514	457257.784147840045	611
1	5521	457821.945515507885	612
1	5530	458345.771072991244	613
1	5539	459094.569935090893	614
1	5550	460108.25170981703	615
1	5557	460439.110427163594	616
1	5570	461630.087193008565	617
1	5575	462302.933314628952	618
1	5584	463020.609823800676	619
1	5597	463730.21896015858	620
1	5604	464298.515589907819	621
1	5613	465127.651875419595	622
1	5624	465639.228206081368	623
1	5633	466449.655131809466	624
1	5638	466823.812559712731	625
1	5651	467936.910214042343	626
1	5658	468704.876059619762	627
1	5667	469255.057489732333	628
1	5676	469750.163013255276	629
1	5683	470346.632488304802	630
1	5692	471190.014476794802	631
1	5703	472253.965360997298	632
1	5712	472947.300078906172	633
1	5721	473542.680234136114	634
1	5732	474432.020827056894	635
1	5739	474904.3556079269	636
1	5748	475894.006581651101	637
1	5757	476432.787235826308	638
1	5764	477039.956467039937	639
1	5773	477733.17774664616	640
1	5786	478630.979502573663	641
1	5795	479485.138496104682	642
1	5804	480142.832007631714	643
1	5809	480480.058694863746	644
1	5818	481020.18536687834	645
1	5829	482086.274851346443	646
1	5836	482741.000115964616	647
1	5847	483537.130758119801	648
1	5854	484023.692740732859	649
1	5865	484754.806256387437	650
1	5872	485184.11833327269	651
1	5883	486084.881985699812	652
1	5890	486871.061273384893	653
1	5899	487375.715717207694	654
1	5910	488183.564119599814	655
1	5917	488711.433436721618	656
1	5928	489868.073668889754	657
1	5937	490731.066209077888	658
1	5944	491538.853520667233	659
1	5957	492553.048234758951	660
1	5962	492853.362614242412	661
1	5971	493584.522300073929	662
1	5980	494548.995123803668	663
1	5991	495323.790029715799	664
1	6002	496205.177440401219	665
1	6011	496978.892838768713	666
1	6016	497344.108310854114	667
1	6025	498157.706489972822	668
1	6036	498985.741043463401	669
1	6047	500080.420517781802	670
1	6056	500947.029973939114	671
1	6065	501580.681721493655	672
1	6072	502299.424052657613	673
1	6079	502901.95161905145	674
1	6090	503522.477790992761	675
1	6099	504143.010277440826	676
1	6106	504643.908841023275	677
1	6115	505237.69038501201	678
1	6126	506305.824171099866	679
1	6133	506717.476917291114	680
1	6142	507285.534584568868	681
1	6155	508294.123094296136	682
1	6162	508808.352185692691	683
1	6169	509361.140711233073	684
1	6180	510192.464280920156	685
1	6191	511027.678081020766	686
1	6200	511865.938016446361	687
1	6207	512560.767014091888	688
1	6218	513372.10206636233	689
1	6223	513678.798719169625	690
1	6234	514430.325962696278	691
1	6241	515059.970246488282	692
1	6250	515845.602190308327	693
1	6261	517006.219447078238	694
1	6270	517492.223762115518	695
1	6281	518309.431183151955	696
1	6286	518627.148306369836	697
1	6297	519543.741684174219	698
1	6304	520191.212357813546	699
1	6317	521323.684545094201	700
1	6322	521807.889871252754	701
1	6335	522980.706565082127	702
1	6340	523430.560255609507	703
1	6351	524124.381292518282	704
1	6360	524954.54479590995	705
1	6367	525372.848708555156	706
1	6380	526437.115659099126	707
1	6387	527092.774080438593	708
1	6394	527460.558899911175	709
1	6403	528032.784202974344	710
1	6416	529182.735493406708	711
1	6421	529681.034753099139	712
1	6430	530241.088087298031	713
1	6439	531307.609726348947	714
1	6450	532249.639694066773	715
1	6461	533104.389097821022	716
1	6468	533809.389339247773	717
1	6475	534542.995919566656	718
1	6488	535512.489238707403	719
1	6497	536339.211545605267	720
1	6504	536810.15737052081	721
1	6511	537357.856719195897	722
1	6524	538550.800701929311	723
1	6533	539431.601253803874	724
1	6540	539967.490389291252	725
1	6549	540770.226072287242	726
1	6556	541268.071145424673	727
1	6565	541730.003636051023	728
1	6578	542872.015186445841	729
1	6585	543376.853869250098	730
1	6596	544306.70772227464	731
1	6605	545129.050529748255	732
1	6610	545751.562164304832	733
1	6623	546572.521413350531	734
1	6630	547204.108480922931	735
1	6637	547601.16256931802	736
1	6646	548156.89963884657	737
1	6655	549136.456111120113	738
1	6668	549892.630675435119	739
1	6673	550279.170014290192	740
1	6686	551538.535781158187	741
1	6695	552331.266809860297	742
1	6702	552873.894902737864	743
1	6705	553198.429285688379	744
1	6722	554478.694608947314	745
1	6727	555042.2471474391	746
1	6736	556093.840210558899	747
1	6747	556970.321597624622	748
1	6754	557847.487477026932	749
1	6765	558713.637779792822	750
1	6772	559433.239982323772	751
1	6785	560295.817753952048	752
1	6794	561127.38177389843	753
1	6801	561523.943778220616	754
1	6810	562100.107720820285	755
1	6817	562722.024403419397	756
1	6826	563163.579036807694	757
1	6835	564247.849336685666	758
1	6848	565283.417463256099	759
1	6857	566109.714971529373	760
1	6866	566870.300837326848	761
1	6875	567603.820723760926	762
1	6882	568417.982156435081	763
1	6893	569298.684270959401	764
1	6902	570153.902921173775	765
1	6907	570700.619902135858	766
1	6916	571459.81147536082	767
1	6927	572330.548193212653	768
1	6938	573289.167349319959	769
1	6943	573650.269610993618	770
1	6954	574447.247764980474	771
1	6961	575104.139353986883	772
1	6972	576430.609258404056	773
1	6981	577076.84966004459	774
1	6988	577626.308801025206	775
1	6997	578246.514626406188	776
1	7006	578897.489436110537	777
1	7019	580299.641662789563	778
1	7026	580815.941047109718	779
1	7033	581144.008246762733	780
1	7044	582204.080732865313	781
1	7051	582862.609886052142	782
1	7062	583678.878999408389	783
1	7069	584166.039258660803	784
1	7078	584863.465792033877	785
1	7087	585672.738041868489	786
1	7098	586632.040940411444	787
1	7105	587189.051976380925	788
1	7114	587814.76201890042	789
1	7127	589174.241482419949	790
1	7134	589781.228605052512	791
1	7141	590352.668973617311	792
1	7152	591175.903369719218	793
1	7161	592157.869226485547	794
1	7168	592792.354531958755	795
1	7177	593146.394588286113	796
1	7190	594512.793138949256	797
1	7197	595051.667380426135	798
1	7204	595454.277121368852	799
1	7213	596546.811103262063	800
1	7226	597556.773506663796	801
1	7233	598387.775819376167	802
1	7240	598774.987886706423	803
1	7249	599543.557833088618	804
1	7260	600654.033117508572	805
1	7271	601551.074008829948	806
1	7276	601996.58893360762	807
1	7289	603052.938547544237	808
1	7296	603803.717978624683	809
1	7303	604276.053528394606	810

