version 2
run Pipelined_3Teachers-73-20190105-10:57:34-19656
attr configname Pipelined_3Teachers
attr datetime 20190105-10:57:34
attr experiment Pipelined_3Teachers
attr inifile ../simulations/omnetpp.ini
attr iterationvars "$0=\"uniform\""
attr iterationvarsf uniform-
attr measurement "$0=\"uniform\""
attr network PipelinedExamSession
attr processid 19656
attr repetition 73
attr replication #73
attr resultdir results
attr runnumber 73
attr seedset 73
param **.teachersNumber 3
param **.answerTimeDistribution "\"uniform\""
param **.minUniform 300
param **.maxUniform 900
param **.scaleLognormal 6.2854
param **.shapeLognormal 0.4724

vector 0 PipelinedExamSession examinationTime:vector ETV
attr source examFinished
vector 1 PipelinedExamSession studentID:vector ETV
attr source student
0	3154	260418.765137717146	2040.1584194507
0	3163	261342.830889159831	2251.3845220674
0	3174	262164.171301061305	2198.869479401
0	3181	262974.231342645379	2109.5237435773
0	3192	263758.069363469276	2094.8321190197
0	3203	264517.31649530122	2027.4075445253
0	3212	265278.316288115475	2124.5528305415
0	3221	266020.1277037617	2104.5336803421
0	3228	266433.430787175912	1916.1142918747
0	3239	266918.882334837708	1640.5660467222
0	3248	267532.94943734074	1512.821733579
0	3257	267974.048007885013	1465.2411333751
0	3264	268785.764887975548	1866.8825531378
0	3275	269651.567299850304	2118.6178625096
0	3284	270504.907253757138	2530.8592458721
0	3289	270970.202744705621	2131.3056876417
0	3302	271990.616435185093	2339.0491353348
0	3307	272428.110378747824	1923.2031249907
0	3320	273612.661507213506	2330.9471491724
0	3325	273955.473890807497	1964.8574556224
0	3330	274393.719762889686	1614.4058621954
0	3347	275617.608753824625	2004.9472466111
0	3354	276177.9818326235	1783.6014635861
0	3361	276761.41751250254	1722.8152296972
0	3372	277740.839762426932	2123.2310086023
0	3381	278342.805664893259	1909.5883504953
0	3390	278998.179309535791	1711.3146254327
0	3397	279415.180631540735	1657.4399365112
0	3406	280513.001613551769	1969.3860734347
0	3415	281579.769074823726	2172.6072213147
0	3428	282500.595438061301	2355.3751671687
0	3437	283370.842490438391	2360.4678950273
0	3444	283976.853328384478	2086.0113294795
0	3455	285022.865128889699	2522.2696908284
0	3462	285545.134645281379	2174.292154843
0	3469	286304.287353996207	2108.1982707605
0	3482	287004.999282304217	1982.1341534145
0	3491	287896.8059665058	2236.0574312042
0	3498	288562.457127403487	2023.7912485376
0	3509	289396.504163788651	2391.5048814844
0	3518	290266.757618403082	2369.9516518973
0	3525	290778.562519373392	2050.1462293323
0	3532	291399.805740779286	2003.3015769906
0	3545	292422.196490457302	2155.4388720542
0	3552	293061.229280009886	2015.638673678
0	3563	293883.143633790334	2266.4057132788
0	3572	294667.619720986133	2245.4232305288
0	3579	295338.822508323958	2206.5816743765
0	3588	296156.656494643559	2273.5128608532
0	3597	296895.513343205695	2227.8936222196
0	3608	297729.119203006868	2163.41591198
0	3617	298524.81011361817	2109.6949188039
0	3624	299189.290452981387	2275.2193835098
0	3635	300054.792111273874	2325.672908267
0	3644	300492.92518403383	1968.1150704157
0	3651	301087.9968989175	1862.2161934152
0	3660	301897.278796462361	1842.4866851885
0	3667	302217.64397593217	1724.7187918983
0	3678	303281.164491176624	2142.8016878664
0	3685	303735.885293874908	1699.5563202538
0	3694	304820.874092448523	1962.4788719695
0	3707	305498.665078030919	2104.292825656
0	3714	306068.270779307952	2061.1224034801
0	3721	306758.125719102119	1872.9221980087
0	3734	307830.067021446322	2331.4019434154
0	3739	308161.836055386831	1773.7245573197
0	3752	309311.79011631759	2071.0067655891
0	3759	309947.996989684199	2117.9299682379
0	3770	310855.484809633365	2307.9370182473
0	3777	311532.775945868364	2220.9858295508
0	3784	311971.67415325532	1873.1830832083
0	3797	313313.405777514002	2457.9209678806
0	3804	313850.195165304488	2180.0071968231
0	3815	314608.236597804374	2063.3528064005
0	3820	314948.605794366471	1635.2000168525
0	3831	315768.141623726136	1846.5543136932
0	3842	316626.798495696879	2018.5618978925
0	3851	317379.648858262247	2242.3498597462
0	3856	317963.248663069701	2049.0306980442
0	3867	318969.769569765798	2342.9710740689
0	3874	319440.598016046009	2060.9491577838
0	3883	320353.016616823174	2090.0850419886
0	3894	320953.11820311474	1946.0752589162
0	3901	321415.487582283116	1606.5676398575
0	3910	322247.055758675583	1789.0014688019
0	3919	323034.565224219136	1925.2982867416
0	3932	324136.00396877157	2379.6723308042
0	3937	324652.711357316025	2211.1228521913
0	3946	325264.516639011004	1979.2766609229
0	3957	326022.403180226707	1886.3992114551
0	3964	326566.38732212598	1740.0544283912
0	3975	327474.265902349749	2123.7866599113
0	3982	327914.775546966144	1789.4824780058
0	3993	328819.335084920773	1918.915518187
0	4000	329530.497574433708	1779.3950409628
0	4013	330514.84831734563	2340.8098824788
0	4020	330965.094410441842	1998.1623228639
0	4029	331798.847686406251	1939.9125049822
0	4038	332588.376121362698	2073.5278040171
0	4045	333156.155443098423	1941.4491254836
0	4058	334502.591884927851	2462.3430328444
0	4065	335259.049278264892	2545.3024379443
0	4072	336027.023156499517	2419.5543511771
0	4081	336739.980916399536	2237.3890314717
0	4090	337455.915563274202	2082.6183413621
0	4101	338393.002519011525	2123.5644588713
0	4108	339016.616052808268	2019.5814763661
0	4117	339529.437566036386	1669.9078551494
0	4128	340526.806723605869	1956.8663859274
0	4137	341249.684206070406	1939.5928422455
0	4146	341982.074260292602	2151.1308571324
0	4155	342767.68097975294	2162.0310944505
0	4166	343715.990715846447	2222.205227986
0	4175	344576.300142891733	2562.9592102021
0	4184	345235.282535478501	2333.0113059841
0	4193	346038.111858023359	2322.1211421769
0	4198	346356.542703369661	1780.2425604779
0	4209	347069.382176175742	1834.0996406972
0	4220	347762.582897348358	1724.471039325
0	4225	348169.635663460969	1696.2907726876
0	4234	348781.167985685199	1463.1947188173
0	4245	349588.966620527237	1826.3837231789
0	4252	349889.863777393504	1240.8946026117
0	4265	350754.697579331725	1662.9220178816
0	4272	351359.397491812735	1722.9986988008
0	4281	351968.587492033868	1984.9580198061
0	4292	353101.840069144993	2347.1424898133
0	4301	353965.611149137869	2514.0887827612
0	4306	354338.896487094491	2074.3727131281
0	4317	355521.625747019454	2419.7856778745
0	4328	356229.613224836095	2264.0020756982
0	4333	356609.830583073227	1917.9551271256
0	4342	357271.60783172588	1681.1774530448
0	4351	357801.618302101299	1572.0050772652
0	4362	359136.910304892837	2396.6146881692
0	4371	359816.34296583946	2304.7114308458
0	4380	360239.429062977463	1896.1123995949
0	4383	360729.889164771915	1523.388739815
0	4398	361892.649665800884	1988.0142160691
0	4409	362896.231947233929	2092.5425282679
0	4418	363775.495126051857	2417.4904765561
0	4425	364322.073566867067	2144.3618485238
0	4432	365032.916446868359	2136.6844996344
0	4441	365649.622506368934	1874.1273803171
0	4450	366325.319068506388	1653.791843215
0	4461	367606.000179564609	2124.1581087001
0	4468	368109.205580782174	1908.6023799609
0	4477	368659.996597515448	1566.8163963128
0	4486	369952.357275271818	2172.3777433857
0	4497	370733.756865933566	2206.4473995008
0	4504	371457.829648721992	2039.1392068472
0	4513	371896.056498494028	1641.8123292737
0	4522	372738.565829023747	1951.549575571
0	4535	373964.61405311714	2411.4542253781
0	4544	374788.781567523285	2391.9578216504
0	4553	375638.43251550573	2428.8358193357
0	4562	376380.466276360704	2415.8522232436
0	4567	376783.760281372844	1994.9787138496
0	4576	377595.513052772759	1957.080537267
0	4585	378633.035363350092	2252.5690869894
0	4594	379336.614060401945	2152.6748203207
0	4603	379999.955804273514	1953.3990816213
0	4612	380714.821657910972	1843.596936157
0	4621	381734.860755270375	2156.6142374184
0	4632	382796.016788017033	2345.7208440173
0	4643	383485.603690193994	2307.0778009482
0	4652	384290.172155527426	2283.0912791658
0	4659	384995.605510287015	2137.358275149
0	4666	385605.533765209867	2119.9300750159
0	4679	386459.162519546254	2168.9903640188
0	4688	387288.664590055151	2229.1766095441
0	4697	387861.248985724552	2042.5232615322
0	4704	388341.358791617705	1882.1962720715
0	4707	388660.622086934774	1371.9574968796
0	4722	390145.893220603494	2284.6442348789
0	4729	390562.171903671725	1897.371274
0	4740	391242.007846059306	1930.0989478827
0	4749	392067.882043914898	1917.2420552932
0	4758	393012.874450581176	2168.7713838648
0	4767	393820.131448935746	2233.7578035425
0	4774	394576.281743310421	2141.2651594263
0	4787	395767.42425682026	2581.8882589694
0	4796	396620.870224619313	2540.1496686973
0	4803	397132.826420897647	2172.6405909285
0	4812	397716.061111260235	1948.63685444
0	4821	398269.748528022349	1648.878303403
0	4830	398749.189206725016	1514.1789215617
0	4841	399840.833847178175	1913.2494745776
0	4848	400267.750704009115	1846.9188592862
0	4855	400760.298841679498	1473.0215697549
0	4866	401913.974031899154	2073.140184721
0	4877	402627.459912607476	2206.3307577744
0	4886	403518.836606992438	2309.8419665359
0	4895	404279.87052029933	2355.0774490926
0	4904	405106.220174627408	2478.7602620199
0	4911	405650.677603203833	2131.8409962114
0	4922	406642.258395440906	2362.3878751416
0	4931	407467.940533021495	2361.7203583941
0	4940	408345.257231639728	2527.2831897251
0	4949	409116.720383567765	2474.4619881269
0	4954	409609.182495111629	2141.2419620901
0	4967	410406.737969722629	2061.4807380829
0	4974	411209.052937338159	2092.3325537704
0	4981	411690.742803784118	1935.7217832003
0	4992	412624.124891124696	2217.3869214021
0	5001	413502.538517396927	2242.8148719482
0	5008	413857.309029623896	1755.9166909195
0	5017	414357.716926652969	1392.6541660912
0	5028	415490.53816292438	1971.9278171193
0	5037	416309.043461876021	1980.8145607822
0	5044	416884.425078704984	2115.6208205502
0	5055	418132.751568965645	2471.3148016948
0	5066	418825.925140036301	2301.4606833458
0	5075	419632.4191739783	2275.0850696582
0	5084	420288.813415356011	2056.4199033659
0	5091	421007.574170362235	2181.6490303259
0	5098	421665.250358451189	2032.8311844729
0	5107	422284.297203971104	1995.4837886151
0	5116	423265.273677930268	2096.8901022803
0	5129	424279.611170897292	2538.5388747789
0	5138	425131.972146732764	2504.0450549684
0	5147	425903.181032091411	2483.6758569349
0	5152	426267.629624577271	1988.01845368
0	5161	427149.905212456392	2017.9330657236
0	5170	428116.629304597186	2213.4482725058
0	5183	429356.059083296018	2553.6260006949
0	5192	430116.1199436989	2532.5914269313
0	5199	430528.466130187767	2067.99076139
0	5206	430854.429396288502	1498.3703129925
0	5215	431482.622560579362	1366.5026168805
0	5226	432714.090724429148	2134.838316869
0	5237	433536.596220871466	2150.2213537227
0	5244	434091.110108792814	1860.7042421121
0	5251	434474.4023098145	1730.7920843828
0	5260	435428.107002703505	1891.510781832
0	5271	436596.41432259235	2162.6930123661
0	5280	437050.905939191612	1808.3487470169
0	5287	437813.561084959688	1833.0191119574
0	5300	438883.242046320844	2256.9046877325
0	5307	439445.027322415296	2298.1606062502
0	5316	440199.550236063112	2211.3867288921
0	5325	440749.743285030161	1866.5012387093
0	5332	441359.216829389368	1865.1576027274
0	5345	442353.299176460166	2069.3334393203
0	5350	442718.318405142088	1662.9030893091
0	5363	443595.408481126685	1787.0105111506
0	5368	443938.432947685976	1585.1337712258
0	5377	444737.250379147042	1810.4364976287
0	5388	445565.707803703879	1970.2993225772
0	5395	446101.642292691429	1744.3232365418
0	5406	447114.061246672679	2075.5072825123
0	5415	448090.726048126851	2366.4010923821
0	5426	448880.368011072313	2392.344362475
0	5431	449623.968324484339	2255.102488026
0	5442	450238.686407636887	2090.5489083845
0	5449	450996.330791479012	2115.9627804067
0	5460	451902.668343856966	2147.271775268
0	5471	452772.173910867458	2330.4848138709
0	5480	453556.632520956954	2471.100762533
0	5489	454021.04852115739	2067.0933487359
0	5494	454473.330716276577	1701.1568054091
0	5507	455292.03916965056	1735.4066486936
0	5516	455943.619487620925	1922.5709664635
0	5523	456557.006211625447	1935.9248617664
0	5534	457291.391439875623	1999.3522702251
0	5541	458171.609248593485	2227.9897609726
0	5548	458775.527815287968	1945.1554650441
0	5557	459478.869116306341	2187.4776764307
0	5568	460320.405367808451	2136.9635273237
0	5577	460899.317652359639	1831.1325700488
0	5588	461784.616971574758	2107.3736946098
0	5595	462423.132025636767	2091.865289351
0	5606	463137.340212520246	2055.6976650842
0	5615	463989.64679022323	2205.0298186485
0	5620	464476.720909774337	1927.9185645282
0	5629	465068.625785596703	1931.2855730765
0	5638	465459.712521359359	1470.0657311361
0	5647	466134.097327524831	1361.6811422165
0	5656	466967.469214880874	1788.1536876317
0	5665	467703.448020480608	1863.5243567638
0	5676	468948.053557472339	2420.4328967258
0	5687	469797.511488944328	2405.5860633496
0	5696	470220.466825878284	1948.6699667294
0	5703	470827.520487410984	1671.1607989389
0	5712	471438.444450404532	1640.9329614602
0	5719	472147.269328963049	1926.8025030848
0	5728	472604.96074450206	1601.796054421
0	5737	473452.215437544546	1609.822739521
0	5748	474282.277783239297	2022.366594756
0	5755	474982.682397030331	1995.9270196036
0	5768	475817.967281118072	2107.0702163503
0	5777	476444.198590703345	1880.6302076206
0	5784	477183.027130924202	1977.7630514
0	5793	477756.217744946516	1938.2504638284
0	5800	478554.702841350845	2110.5042506475
0	5809	479476.511363871432	2143.2656291407
0	5822	480890.840066783168	2677.007420361
0	5831	481437.783732125573	2326.5027742367
0	5836	481830.802728328891	1834.9967462942
0	5849	483178.37434611287	2287.5342793297
0	5856	483550.254383683242	2112.4706515577
0	5863	484075.013531092592	1762.4101683497
0	5872	485222.98293658536	2044.6085904725
0	5881	485700.444661779367	2059.8615072202
0	5890	486746.943263243922	2264.9775175843
0	5899	487309.880191879386	1946.7909738421
0	5912	488469.735475536475	2428.9354495704
0	5921	489299.714407604227	2447.7381270379
0	5928	490007.215145928825	2286.7674130015
0	5935	490412.352683069223	1942.6172075327
0	5948	491118.73818389144	1819.0237762872
0	5953	491612.333500385324	1503.6981709767
0	5966	492320.468163443768	1716.4453682955
0	5975	493211.50955040943	2092.771366518
0	5984	494077.760569984132	2411.4283388481
0	5993	494720.396136632228	2399.9279731885
0	6000	495428.078745072746	2216.5691946633
0	6009	496134.840153437146	2057.079583453
0	6016	496549.35819483366	1828.9620582014
0	6025	497203.861771104896	1586.8724513333
0	6034	497977.132187644059	1816.3531580474
0	6047	499211.357827205249	2404.1849501431
0	6056	500009.513194905632	2396.0691017099
0	6063	500727.95547028076	2340.3790424578
0	6070	501358.860259456598	2147.5024322513
0	6081	501892.528728442305	1883.0155335367
0	6092	502929.138938896396	2157.172835106
0	6097	503305.296340025999	1848.6116811633
0	6106	504160.636526020281	2115.0030136574
0	6117	504958.562701614612	2029.4237627182
0	6124	505656.780169392043	1950.711359689
0	6133	506448.708220850714	2136.5904341452
0	6144	507359.740103082769	2190.4828875326
0	6153	508218.124612094872	2193.3970268816
0	6162	508909.351668041237	2161.4779215306
0	6171	509712.832130072676	2138.7062282301
0	6178	510418.442304013335	2011.9896396529
0	6191	511284.097425593101	2147.4410792347
0	6200	511985.925250779875	2113.475261908
0	6205	512341.214882768728	1593.64011297
0	6214	512741.069832164832	1456.9724065717
0	6225	513664.869060879611	1678.9438100997
0	6228	513979.357161093541	1521.8425473198
0	6241	515373.897180240638	2099.6000767685
0	6252	516348.913443926759	2292.17629591
0	6261	517207.000519149043	2439.8841050919
0	6268	517868.896693456956	2272.0525825862
0	6281	518874.6600704268	2434.2953292187
0	6288	519441.609939979427	2226.7886816058
0	6297	520428.118992643469	2349.6133988723
0	6304	520833.716465346553	1959.0563949198
0	6317	521560.448196949476	1990.3155470733
0	6326	522244.99407224361	1813.1452074274
0	6335	523068.431827845091	1931.9474619348
0	6340	523427.400722214991	1866.9525252655
0	6349	523923.04792664949	1678.0538544059
0	6360	524970.210749935398	1901.7789220903
0	6369	525527.12103431117	1737.8426140174
0	6380	526542.683918075676	2093.7904303428
0	6385	527207.731212023686	2103.1017454807
0	6394	528084.673286648508	2291.3320661522
0	6403	528716.040027095045	2173.3561090194
0	6414	529777.284327289129	2459.2762723099
0	6421	530293.645313708151	2084.1994738206
0	6430	531197.711983323138	2165.615244722
0	6439	531739.051517006051	1939.6289688069
0	6450	532339.254807913717	1772.4966393784
0	6457	532949.848681502085	1550.6076822057
0	6466	533963.681764667895	2065.8295491245
0	6479	534863.036516960752	2180.5229259655
0	6486	535199.5362777729	1619.6088782977
0	6493	535629.574113758323	1376.5179465059
0	6502	536370.936991553795	1507.900474593
0	6511	537112.605856591877	1862.2383639682
0	6520	537721.720372187015	1669.0459050704
0	6533	539080.353324674111	2213.2651844993
0	6540	539683.909171354067	2299.7351664584
0	6549	540498.616718966555	2298.624713067
0	6558	541178.319427371066	2097.966102697
0	6567	541963.724825670983	2103.0279134866
0	6576	542683.848505094688	2118.1769732852
0	6583	543112.068575900089	1652.4253075942
0	6594	544210.362774739083	1985.1869241335
0	6605	544983.889336511534	1904.168334743
0	6614	545496.236199187156	1888.5582588147
0	6623	546263.81102744494	1944.2880407441
0	6628	546748.969273176085	1765.0799366646
0	6641	547589.588690036949	2093.3524908498
0	6648	548169.29309712727	1905.4820696823
0	6655	548835.453967563849	1915.8314430155
0	6666	549888.083863304969	2298.495173268
0	6673	550587.477651424748	2231.9191463292
0	6684	551332.810924854172	2213.6920095887
0	6691	551902.593583054883	1912.0442260522
0	6702	552559.404278453482	1714.4858406857
0	6709	553124.33377252896	1539.0625469852
0	6722	554132.155384356199	2026.025340613
0	6727	554439.955872483595	1749.8721388634
0	6740	555340.619201352863	2093.8526084181
0	6745	555787.578940345018	1655.4235559888
0	6754	556214.38087220308	1580.6494086049
0	6763	557063.62689211969	1723.0076907668
0	6772	558125.758051034107	1968.1471173652
0	6785	558859.324526879981	2336.5252696909
0	6794	559240.143933612898	1821.0548532195
0	6799	559680.795112811074	1398.485166952
0	6808	560164.168108999774	1304.8435821198
0	6817	561154.737481568054	1914.5935479552
0	6828	562198.501682421238	2141.7106240522
0	6839	562970.098235551313	2091.445289785
0	6844	563299.200839968443	1543.4556778986
0	6853	564060.870440583722	1719.77820131
0	6864	564880.750233354092	1910.6519978028
0	6871	565588.772262632892	1853.20160673
0	6884	566523.52182869804	2074.9273129273
0	6889	567054.126108018727	1955.3538680077
0	6898	567583.041970571549	1761.8205848616
0	6907	568281.010245624976	1757.4884169269
0	6918	569559.217472188222	2303.1804340426
0	6929	570323.429081914994	2226.5744411387
0	6934	570783.294421853545	1935.6014620978
0	6945	571481.614020466852	1870.93931688
0	6952	571819.128596177372	1495.6995142624
0	6957	572212.842629570561	1372.4316932727
0	6972	573865.569223696413	2366.9025194831
0	6983	574618.572596786591	2237.4222946353
0	6988	575171.099174441817	2086.2620028667
0	6999	576147.792315948802	2265.0305265561
0	7008	576936.885125795427	2318.3125290088
0	7019	577873.227160144645	2377.5968564674
0	7028	578671.38876118702	2439.5108476281
0	7037	579457.917757239241	2419.8330892716
0	7042	579826.199274603326	1952.9721144587
0	7051	580613.80041609523	1942.4116549082
0	7064	581954.483465803835	2496.5657085646
0	7073	582568.165409797851	2299.387767585
0	7078	582954.294617660392	1796.3380338158
0	7091	583557.625407585923	1603.1419417821
0	7096	584054.479906987448	1486.3144971896
0	7107	584835.563219804365	1667.6966555882
0	7114	585356.962729990531	1799.3373224046
0	7123	585842.07669775938	1492.4156417605
0	7136	586796.7924015597	1900.4835134838
0	7145	587666.874560527553	2045.5923835281
0	7150	587995.637058327024	1857.933646068
0	7161	589214.071555947935	2417.2791543882
0	7172	590076.069940254142	2409.1953797266
0	7177	590578.133963048508	2029.7156075947
0	7190	591750.087913032671	2378.8269879296
0	7197	592384.73945860756	2308.6695183534
0	7204	593269.068327080509	2410.6573515572
0	7215	594054.906177381104	2304.8182643484
0	7222	594670.953840343332	2118.5662709177
0	7233	595504.085011873444	2163.025605306
0	7242	596068.872441770559	1905.3529484197
0	7249	596458.831336302733	1685.0647103973
0	7262	597873.187429178556	2293.0861235596
0	7271	598722.487433860128	2346.2202711962
0	7276	599167.20516574574	2098.2587955426
0	7289	600205.392478639309	2332.2050494608
0	7298	601004.179565236022	2281.6921313759
0	7307	601852.847944479485	2270.2382178046
0	7316	602631.81926049297	2426.4267818537
0	7323	603260.443774843638	2256.2642096076
0	7332	603774.08129805704	1921.2333535776
0	7339	604431.471395166641	1799.6521346737
1	3154	260418.765137717146	349
1	3163	261342.830889159831	350
1	3174	262164.171301061305	351
1	3181	262974.231342645379	352
1	3192	263758.069363469276	353
1	3203	264517.31649530122	354
1	3212	265278.316288115475	355
1	3221	266020.1277037617	356
1	3228	266433.430787175912	357
1	3239	266918.882334837708	358
1	3248	267532.94943734074	359
1	3257	267974.048007885013	360
1	3264	268785.764887975548	361
1	3275	269651.567299850304	362
1	3284	270504.907253757138	363
1	3289	270970.202744705621	364
1	3302	271990.616435185093	365
1	3307	272428.110378747824	366
1	3320	273612.661507213506	367
1	3325	273955.473890807497	368
1	3330	274393.719762889686	369
1	3347	275617.608753824625	370
1	3354	276177.9818326235	371
1	3361	276761.41751250254	372
1	3372	277740.839762426932	373
1	3381	278342.805664893259	374
1	3390	278998.179309535791	375
1	3397	279415.180631540735	376
1	3406	280513.001613551769	377
1	3415	281579.769074823726	378
1	3428	282500.595438061301	379
1	3437	283370.842490438391	380
1	3444	283976.853328384478	381
1	3455	285022.865128889699	382
1	3462	285545.134645281379	383
1	3469	286304.287353996207	384
1	3482	287004.999282304217	385
1	3491	287896.8059665058	386
1	3498	288562.457127403487	387
1	3509	289396.504163788651	388
1	3518	290266.757618403082	389
1	3525	290778.562519373392	390
1	3532	291399.805740779286	391
1	3545	292422.196490457302	392
1	3552	293061.229280009886	393
1	3563	293883.143633790334	394
1	3572	294667.619720986133	395
1	3579	295338.822508323958	396
1	3588	296156.656494643559	397
1	3597	296895.513343205695	398
1	3608	297729.119203006868	399
1	3617	298524.81011361817	400
1	3624	299189.290452981387	401
1	3635	300054.792111273874	402
1	3644	300492.92518403383	403
1	3651	301087.9968989175	404
1	3660	301897.278796462361	405
1	3667	302217.64397593217	406
1	3678	303281.164491176624	407
1	3685	303735.885293874908	408
1	3694	304820.874092448523	409
1	3707	305498.665078030919	410
1	3714	306068.270779307952	411
1	3721	306758.125719102119	412
1	3734	307830.067021446322	413
1	3739	308161.836055386831	414
1	3752	309311.79011631759	415
1	3759	309947.996989684199	416
1	3770	310855.484809633365	417
1	3777	311532.775945868364	418
1	3784	311971.67415325532	419
1	3797	313313.405777514002	420
1	3804	313850.195165304488	421
1	3815	314608.236597804374	422
1	3820	314948.605794366471	423
1	3831	315768.141623726136	424
1	3842	316626.798495696879	425
1	3851	317379.648858262247	426
1	3856	317963.248663069701	427
1	3867	318969.769569765798	428
1	3874	319440.598016046009	429
1	3883	320353.016616823174	430
1	3894	320953.11820311474	431
1	3901	321415.487582283116	432
1	3910	322247.055758675583	433
1	3919	323034.565224219136	434
1	3932	324136.00396877157	435
1	3937	324652.711357316025	436
1	3946	325264.516639011004	437
1	3957	326022.403180226707	438
1	3964	326566.38732212598	439
1	3975	327474.265902349749	440
1	3982	327914.775546966144	441
1	3993	328819.335084920773	442
1	4000	329530.497574433708	443
1	4013	330514.84831734563	444
1	4020	330965.094410441842	445
1	4029	331798.847686406251	446
1	4038	332588.376121362698	447
1	4045	333156.155443098423	448
1	4058	334502.591884927851	449
1	4065	335259.049278264892	450
1	4072	336027.023156499517	451
1	4081	336739.980916399536	452
1	4090	337455.915563274202	453
1	4101	338393.002519011525	454
1	4108	339016.616052808268	455
1	4117	339529.437566036386	456
1	4128	340526.806723605869	457
1	4137	341249.684206070406	458
1	4146	341982.074260292602	459
1	4155	342767.68097975294	460
1	4166	343715.990715846447	461
1	4175	344576.300142891733	462
1	4184	345235.282535478501	463
1	4193	346038.111858023359	464
1	4198	346356.542703369661	465
1	4209	347069.382176175742	466
1	4220	347762.582897348358	467
1	4225	348169.635663460969	468
1	4234	348781.167985685199	469
1	4245	349588.966620527237	470
1	4252	349889.863777393504	471
1	4265	350754.697579331725	472
1	4272	351359.397491812735	473
1	4281	351968.587492033868	474
1	4292	353101.840069144993	475
1	4301	353965.611149137869	476
1	4306	354338.896487094491	477
1	4317	355521.625747019454	478
1	4328	356229.613224836095	479
1	4333	356609.830583073227	480
1	4342	357271.60783172588	481
1	4351	357801.618302101299	482
1	4362	359136.910304892837	483
1	4371	359816.34296583946	484
1	4380	360239.429062977463	485
1	4383	360729.889164771915	486
1	4398	361892.649665800884	487
1	4409	362896.231947233929	488
1	4418	363775.495126051857	489
1	4425	364322.073566867067	490
1	4432	365032.916446868359	491
1	4441	365649.622506368934	492
1	4450	366325.319068506388	493
1	4461	367606.000179564609	494
1	4468	368109.205580782174	495
1	4477	368659.996597515448	496
1	4486	369952.357275271818	497
1	4497	370733.756865933566	498
1	4504	371457.829648721992	499
1	4513	371896.056498494028	500
1	4522	372738.565829023747	501
1	4535	373964.61405311714	502
1	4544	374788.781567523285	503
1	4553	375638.43251550573	504
1	4562	376380.466276360704	505
1	4567	376783.760281372844	506
1	4576	377595.513052772759	507
1	4585	378633.035363350092	508
1	4594	379336.614060401945	509
1	4603	379999.955804273514	510
1	4612	380714.821657910972	511
1	4621	381734.860755270375	512
1	4632	382796.016788017033	513
1	4643	383485.603690193994	514
1	4652	384290.172155527426	515
1	4659	384995.605510287015	516
1	4666	385605.533765209867	517
1	4679	386459.162519546254	518
1	4688	387288.664590055151	519
1	4697	387861.248985724552	520
1	4704	388341.358791617705	521
1	4707	388660.622086934774	522
1	4722	390145.893220603494	523
1	4729	390562.171903671725	524
1	4740	391242.007846059306	525
1	4749	392067.882043914898	526
1	4758	393012.874450581176	527
1	4767	393820.131448935746	528
1	4774	394576.281743310421	529
1	4787	395767.42425682026	530
1	4796	396620.870224619313	531
1	4803	397132.826420897647	532
1	4812	397716.061111260235	533
1	4821	398269.748528022349	534
1	4830	398749.189206725016	535
1	4841	399840.833847178175	536
1	4848	400267.750704009115	537
1	4855	400760.298841679498	538
1	4866	401913.974031899154	539
1	4877	402627.459912607476	540
1	4886	403518.836606992438	541
1	4895	404279.87052029933	542
1	4904	405106.220174627408	543
1	4911	405650.677603203833	544
1	4922	406642.258395440906	545
1	4931	407467.940533021495	546
1	4940	408345.257231639728	547
1	4949	409116.720383567765	548
1	4954	409609.182495111629	549
1	4967	410406.737969722629	550
1	4974	411209.052937338159	551
1	4981	411690.742803784118	552
1	4992	412624.124891124696	553
1	5001	413502.538517396927	554
1	5008	413857.309029623896	555
1	5017	414357.716926652969	556
1	5028	415490.53816292438	557
1	5037	416309.043461876021	558
1	5044	416884.425078704984	559
1	5055	418132.751568965645	560
1	5066	418825.925140036301	561
1	5075	419632.4191739783	562
1	5084	420288.813415356011	563
1	5091	421007.574170362235	564
1	5098	421665.250358451189	565
1	5107	422284.297203971104	566
1	5116	423265.273677930268	567
1	5129	424279.611170897292	568
1	5138	425131.972146732764	569
1	5147	425903.181032091411	570
1	5152	426267.629624577271	571
1	5161	427149.905212456392	572
1	5170	428116.629304597186	573
1	5183	429356.059083296018	574
1	5192	430116.1199436989	575
1	5199	430528.466130187767	576
1	5206	430854.429396288502	577
1	5215	431482.622560579362	578
1	5226	432714.090724429148	579
1	5237	433536.596220871466	580
1	5244	434091.110108792814	581
1	5251	434474.4023098145	582
1	5260	435428.107002703505	583
1	5271	436596.41432259235	584
1	5280	437050.905939191612	585
1	5287	437813.561084959688	586
1	5300	438883.242046320844	587
1	5307	439445.027322415296	588
1	5316	440199.550236063112	589
1	5325	440749.743285030161	590
1	5332	441359.216829389368	591
1	5345	442353.299176460166	592
1	5350	442718.318405142088	593
1	5363	443595.408481126685	594
1	5368	443938.432947685976	595
1	5377	444737.250379147042	596
1	5388	445565.707803703879	597
1	5395	446101.642292691429	598
1	5406	447114.061246672679	599
1	5415	448090.726048126851	600
1	5426	448880.368011072313	601
1	5431	449623.968324484339	602
1	5442	450238.686407636887	603
1	5449	450996.330791479012	604
1	5460	451902.668343856966	605
1	5471	452772.173910867458	606
1	5480	453556.632520956954	607
1	5489	454021.04852115739	608
1	5494	454473.330716276577	609
1	5507	455292.03916965056	610
1	5516	455943.619487620925	611
1	5523	456557.006211625447	612
1	5534	457291.391439875623	613
1	5541	458171.609248593485	614
1	5548	458775.527815287968	615
1	5557	459478.869116306341	616
1	5568	460320.405367808451	617
1	5577	460899.317652359639	618
1	5588	461784.616971574758	619
1	5595	462423.132025636767	620
1	5606	463137.340212520246	621
1	5615	463989.64679022323	622
1	5620	464476.720909774337	623
1	5629	465068.625785596703	624
1	5638	465459.712521359359	625
1	5647	466134.097327524831	626
1	5656	466967.469214880874	627
1	5665	467703.448020480608	628
1	5676	468948.053557472339	629
1	5687	469797.511488944328	630
1	5696	470220.466825878284	631
1	5703	470827.520487410984	632
1	5712	471438.444450404532	633
1	5719	472147.269328963049	634
1	5728	472604.96074450206	635
1	5737	473452.215437544546	636
1	5748	474282.277783239297	637
1	5755	474982.682397030331	638
1	5768	475817.967281118072	639
1	5777	476444.198590703345	640
1	5784	477183.027130924202	641
1	5793	477756.217744946516	642
1	5800	478554.702841350845	643
1	5809	479476.511363871432	644
1	5822	480890.840066783168	645
1	5831	481437.783732125573	646
1	5836	481830.802728328891	647
1	5849	483178.37434611287	648
1	5856	483550.254383683242	649
1	5863	484075.013531092592	650
1	5872	485222.98293658536	651
1	5881	485700.444661779367	652
1	5890	486746.943263243922	653
1	5899	487309.880191879386	654
1	5912	488469.735475536475	655
1	5921	489299.714407604227	656
1	5928	490007.215145928825	657
1	5935	490412.352683069223	658
1	5948	491118.73818389144	659
1	5953	491612.333500385324	660
1	5966	492320.468163443768	661
1	5975	493211.50955040943	662
1	5984	494077.760569984132	663
1	5993	494720.396136632228	664
1	6000	495428.078745072746	665
1	6009	496134.840153437146	666
1	6016	496549.35819483366	667
1	6025	497203.861771104896	668
1	6034	497977.132187644059	669
1	6047	499211.357827205249	670
1	6056	500009.513194905632	671
1	6063	500727.95547028076	672
1	6070	501358.860259456598	673
1	6081	501892.528728442305	674
1	6092	502929.138938896396	675
1	6097	503305.296340025999	676
1	6106	504160.636526020281	677
1	6117	504958.562701614612	678
1	6124	505656.780169392043	679
1	6133	506448.708220850714	680
1	6144	507359.740103082769	681
1	6153	508218.124612094872	682
1	6162	508909.351668041237	683
1	6171	509712.832130072676	684
1	6178	510418.442304013335	685
1	6191	511284.097425593101	686
1	6200	511985.925250779875	687
1	6205	512341.214882768728	688
1	6214	512741.069832164832	689
1	6225	513664.869060879611	690
1	6228	513979.357161093541	691
1	6241	515373.897180240638	692
1	6252	516348.913443926759	693
1	6261	517207.000519149043	694
1	6268	517868.896693456956	695
1	6281	518874.6600704268	696
1	6288	519441.609939979427	697
1	6297	520428.118992643469	698
1	6304	520833.716465346553	699
1	6317	521560.448196949476	700
1	6326	522244.99407224361	701
1	6335	523068.431827845091	702
1	6340	523427.400722214991	703
1	6349	523923.04792664949	704
1	6360	524970.210749935398	705
1	6369	525527.12103431117	706
1	6380	526542.683918075676	707
1	6385	527207.731212023686	708
1	6394	528084.673286648508	709
1	6403	528716.040027095045	710
1	6414	529777.284327289129	711
1	6421	530293.645313708151	712
1	6430	531197.711983323138	713
1	6439	531739.051517006051	714
1	6450	532339.254807913717	715
1	6457	532949.848681502085	716
1	6466	533963.681764667895	717
1	6479	534863.036516960752	718
1	6486	535199.5362777729	719
1	6493	535629.574113758323	720
1	6502	536370.936991553795	721
1	6511	537112.605856591877	722
1	6520	537721.720372187015	723
1	6533	539080.353324674111	724
1	6540	539683.909171354067	725
1	6549	540498.616718966555	726
1	6558	541178.319427371066	727
1	6567	541963.724825670983	728
1	6576	542683.848505094688	729
1	6583	543112.068575900089	730
1	6594	544210.362774739083	731
1	6605	544983.889336511534	732
1	6614	545496.236199187156	733
1	6623	546263.81102744494	734
1	6628	546748.969273176085	735
1	6641	547589.588690036949	736
1	6648	548169.29309712727	737
1	6655	548835.453967563849	738
1	6666	549888.083863304969	739
1	6673	550587.477651424748	740
1	6684	551332.810924854172	741
1	6691	551902.593583054883	742
1	6702	552559.404278453482	743
1	6709	553124.33377252896	744
1	6722	554132.155384356199	745
1	6727	554439.955872483595	746
1	6740	555340.619201352863	747
1	6745	555787.578940345018	748
1	6754	556214.38087220308	749
1	6763	557063.62689211969	750
1	6772	558125.758051034107	751
1	6785	558859.324526879981	752
1	6794	559240.143933612898	753
1	6799	559680.795112811074	754
1	6808	560164.168108999774	755
1	6817	561154.737481568054	756
1	6828	562198.501682421238	757
1	6839	562970.098235551313	758
1	6844	563299.200839968443	759
1	6853	564060.870440583722	760
1	6864	564880.750233354092	761
1	6871	565588.772262632892	762
1	6884	566523.52182869804	763
1	6889	567054.126108018727	764
1	6898	567583.041970571549	765
1	6907	568281.010245624976	766
1	6918	569559.217472188222	767
1	6929	570323.429081914994	768
1	6934	570783.294421853545	769
1	6945	571481.614020466852	770
1	6952	571819.128596177372	771
1	6957	572212.842629570561	772
1	6972	573865.569223696413	773
1	6983	574618.572596786591	774
1	6988	575171.099174441817	775
1	6999	576147.792315948802	776
1	7008	576936.885125795427	777
1	7019	577873.227160144645	778
1	7028	578671.38876118702	779
1	7037	579457.917757239241	780
1	7042	579826.199274603326	781
1	7051	580613.80041609523	782
1	7064	581954.483465803835	783
1	7073	582568.165409797851	784
1	7078	582954.294617660392	785
1	7091	583557.625407585923	786
1	7096	584054.479906987448	787
1	7107	584835.563219804365	788
1	7114	585356.962729990531	789
1	7123	585842.07669775938	790
1	7136	586796.7924015597	791
1	7145	587666.874560527553	792
1	7150	587995.637058327024	793
1	7161	589214.071555947935	794
1	7172	590076.069940254142	795
1	7177	590578.133963048508	796
1	7190	591750.087913032671	797
1	7197	592384.73945860756	798
1	7204	593269.068327080509	799
1	7215	594054.906177381104	800
1	7222	594670.953840343332	801
1	7233	595504.085011873444	802
1	7242	596068.872441770559	803
1	7249	596458.831336302733	804
1	7262	597873.187429178556	805
1	7271	598722.487433860128	806
1	7276	599167.20516574574	807
1	7289	600205.392478639309	808
1	7298	601004.179565236022	809
1	7307	601852.847944479485	810
1	7316	602631.81926049297	811
1	7323	603260.443774843638	812
1	7332	603774.08129805704	813
1	7339	604431.471395166641	814

