version 2
run Pipelined_3Teachers-99-20190105-10:57:40-15984
attr configname Pipelined_3Teachers
attr datetime 20190105-10:57:40
attr experiment Pipelined_3Teachers
attr inifile ../simulations/omnetpp.ini
attr iterationvars "$0=\"uniform\""
attr iterationvarsf uniform-
attr measurement "$0=\"uniform\""
attr network PipelinedExamSession
attr processid 15984
attr repetition 99
attr replication #99
attr resultdir results
attr runnumber 99
attr seedset 99
param **.teachersNumber 3
param **.answerTimeDistribution "\"uniform\""
param **.minUniform 300
param **.maxUniform 900
param **.scaleLognormal 6.2854
param **.shapeLognormal 0.4724

vector 0 PipelinedExamSession examinationTime:vector ETV
attr source examFinished
vector 1 PipelinedExamSession studentID:vector ETV
attr source student
0	3149	260466.074610454986	2434.3883723952
0	3158	261232.325723161945	2382.1178305428
0	3165	261878.521495917836	2140.8224476967
0	3172	262508.909024158517	2042.8344137035
0	3181	263486.081772996137	2253.7560498342
0	3190	264120.266114501306	2022.559550358
0	3199	264729.677925165766	1818.3644708712
0	3212	266114.930258458505	2358.1650992855
0	3217	266654.521418083484	2198.1533149257
0	3228	267305.252354778375	2044.0254871734
0	3235	267783.691812772329	1668.7615543138
0	3244	268528.092048922578	1767.2452668194
0	3253	269510.569893708477	1948.5192763153
0	3262	270334.344464773337	2145.8654054906
0	3271	270723.070785217012	1704.8314685002
0	3282	272102.172753307992	2291.2477933802
0	3293	272997.744877310494	2543.8647470903
0	3302	273822.979191876972	2492.38072671
0	3309	274302.585824718723	2080.3688000422
0	3316	274708.044341672236	1710.2994643617
0	3325	275795.524402521575	1972.5452106446
0	3336	276595.226739579837	1942.3058484681
0	3345	277535.77021840031	2250.2034838311
0	3354	278216.906676627721	2202.6525003836
0	3361	278755.848822696159	2113.2721822243
0	3372	279558.850686857501	2019.19662687
0	3383	280795.338412374282	2467.7361556794
0	3390	281210.705077881017	2011.2473824527
0	3397	281759.494738234231	1842.8450200707
0	3406	282688.464651675918	1893.1262393016
0	3417	283671.554826898524	2173.005771311
0	3426	284500.67578540186	2129.221843835
0	3437	285473.794044228295	2280.2644580137
0	3442	285952.045829175065	1922.7265178226
0	3451	286452.922801254342	1623.4009722713
0	3460	287286.864357674519	1813.0703134462
0	3473	288015.476873517061	1793.6125469394
0	3482	288562.74137157018	1613.6042851489
0	3489	289118.601079797397	1595.1765624806
0	3496	289618.050246918599	1602.5733734015
0	3507	290610.296102240707	2047.5547306705
0	3516	291616.029576072495	2358.769693505
0	3527	292282.100498909156	2132.6972446404
0	3536	293057.569278264444	2103.6827732809
0	3541	293541.695134900536	1868.7509573065
0	3550	294185.751370573442	1903.6508716643
0	3563	295056.860110536244	1999.2908322718
0	3570	295627.204173523959	1761.3738562446
0	3579	296457.121654087705	2201.9812380429
0	3588	297108.898756653098	2052.0386461169
0	3599	298108.369221724598	2228.527367441
0	3608	298879.839311214192	2188.2111470215
0	3617	299769.40987408164	2470.3285588883
0	3624	300452.928562648623	2344.559340924
0	3631	300959.68883265744	2079.8495214432
0	3642	302010.887643881171	2241.4777697995
0	3653	302975.238815182849	2424.8735569417
0	3658	303338.702985132142	1991.3979163393
0	3669	304307.836415385857	2125.2244379371
0	3680	304988.938053790509	2013.6992386077
0	3689	305883.446329599276	2108.5785581265
0	3696	306620.71677474308	2280.9940076899
0	3707	307494.169504288614	2505.2314504981
0	3714	308276.835493091524	2393.3891634922
0	3725	308875.146512500972	2169.093272835
0	3732	309452.825177321241	1958.6556730326
0	3743	310298.445080732957	1915.3767960146
0	3750	310959.168925182924	2084.022412682
0	3759	311602.278491528735	2088.5675313883
0	3768	312434.075665008307	2135.6305842753
0	3779	313403.550738981024	2400.7406953722
0	3788	314080.067338747934	2257.2171451058
0	3797	314876.706554694132	2291.9176706113
0	3802	315242.046463815526	1838.4957248345
0	3813	316372.902977652879	2292.8356389049
0	3822	317089.982002694191	2213.2754480001
0	3833	317664.3685917836	1963.1958281156
0	3840	318377.494063647496	1853.2992596738
0	3847	318705.858322838353	1546.7433487996
0	3860	320103.439346049013	2439.0707542654
0	3865	320554.677252285215	2060.5634200852
0	3878	321630.082836141842	2260.5748308823
0	3883	322064.999891677904	1961.5605456289
0	3894	323029.507731646331	2295.4791620839
0	3901	323399.415083695235	1769.3322475534
0	3914	324646.897107549044	2325.4551300779
0	3919	325093.826611759173	2013.6446890421
0	3928	325848.815649887579	1889.6657233592
0	3939	326784.600865468415	2137.7037579194
0	3946	327243.48022202033	1722.4623014219
0	3959	328446.331655792925	2384.5805077348
0	3968	329212.645800132338	2273.1216302142
0	3977	329975.156116671894	2277.208187012
0	3982	330283.528732275624	1837.1970764827
0	3995	331454.035930428688	2241.3901302963
0	4002	331977.104680566151	2001.9485638943
0	4009	332291.210104851086	1555.6812965311
0	4014	332834.215981140766	1380.1800507121
0	4031	334467.756879190017	2470.4440092668
0	4040	335216.41699704345	2369.7010652628
0	4047	336019.829832343419	2321.8924385961
0	4056	336730.289575690438	2262.5326965004
0	4067	337781.85227774087	2565.4352806974
0	4072	338231.09231279235	2191.2188427988
0	4081	338807.671120064367	1892.6146122627
0	4090	339337.327412143384	1555.4751344025
0	4103	340759.120264789124	2120.806107251
0	4110	341223.071570880746	2154.9398568459
0	4117	341792.696345038746	1894.5752960164
0	4128	342674.739768449251	1915.6195036601
0	4135	343014.919718680937	1722.6780931
0	4144	343789.502276759629	1729.3048858177
0	4155	344924.305075127666	2064.7311181761
0	4164	345724.65120563287	2090.1337207295
0	4171	346541.605932125856	2024.436258059
0	4180	347053.603009879624	1960.8465132304
0	4191	348277.193975541775	2409.2421267182
0	4198	349062.518123444204	2330.2296065725
0	4209	349943.689333973487	2311.8057307787
0	4216	350334.365703631227	1808.6242281832
0	4229	351748.152813781088	2397.1981880721
0	4236	352406.409202795511	2235.9092473984
0	4247	353281.535349274089	2253.4987710882
0	4254	354177.341884933447	2429.1890711524
0	4261	354566.516168927809	1925.0514987856
0	4266	355018.09513047341	1736.5597811993
0	4281	356036.262661451508	1857.1557495743
0	4292	357111.126364907284	2080.8556742035
0	4297	357484.723448334296	2046.662264457
0	4306	358074.452234851231	1811.7554730736
0	4319	358902.246456686442	1791.1200917792
0	4328	359753.148674732109	2191.2085759453
0	4335	360302.936441497912	2140.8946327865
0	4344	361215.442326804658	2313.1958701182
0	4355	362056.996281864157	2303.847607132
0	4364	362873.925038846245	2235.689676879
0	4369	363502.334040775931	2199.5333952829
0	4382	364388.875046186184	2331.878764322
0	4387	364783.784060832148	1909.8590219859
0	4398	365725.089865364169	1970.0146903284
0	4405	366449.431050522289	2060.5560043361
0	4414	367047.006907453797	1940.1021811645
0	4423	367946.833380265197	1980.4212986492
0	4436	368652.794803166798	1978.1053097919
0	4445	369434.5150412992	1929.7292921226
0	4452	369920.100270817092	1887.8940566909
0	4461	370529.961833031884	1877.1670298651
0	4468	370987.192438496313	1552.6773971971
0	4479	371913.412349671162	1978.5119128414
0	4486	372423.479927983171	1740.9250267781
0	4495	373183.433754416218	1796.5605002828
0	4504	373974.039226211643	1913.9822355006
0	4509	374388.272735104	1548.2502256986
0	4524	375783.99037881758	2196.4007453062
0	4531	376483.934383560008	2014.6399762016
0	4542	377751.045163348353	2425.6243803073
0	4549	378061.562669975719	1944.5343855768
0	4558	378788.93697741445	1824.4209697936
0	4567	379350.730013474858	1521.2985514663
0	4578	380144.499092269725	1775.2463052515
0	4585	381041.038760868869	1956.7173051182
0	4594	381891.651839436999	2332.8742057085
0	4607	382776.087225694246	2325.5071104504
0	4612	383172.555220685936	1886.3594783004
0	4621	383797.285033855624	1673.611266911
0	4632	384718.988012289665	1942.9007865954
0	4641	385353.727384842969	2007.3979596142
0	4650	386074.721852224357	2046.9424460549
0	4659	386887.81992034059	2015.7988866325
0	4668	387770.643581729419	2103.8178873248
0	4679	388425.303018791638	2139.308505971
0	4688	389255.682747624852	2116.9839594048
0	4695	389784.852560609617	1858.830141183
0	4706	390675.468234624751	2250.1652158331
0	4711	391042.150248074941	1786.4675004501
0	4724	392191.642486536913	2318.5430131853
0	4729	392497.665725369044	1822.1974907443
0	4742	393394.900679821186	1973.5944229178
0	4749	393831.168439099603	1639.5259525627
0	4756	394524.228479946069	1727.2455750033
0	4765	395145.946308458261	1751.0456286371
0	4774	396146.262678550593	2001.4750096947
0	4783	396892.365571484007	1958.378605172
0	4794	397538.913621380962	1710.5878354982
0	4805	398622.72689756941	2097.7350130677
0	4812	399309.270683303512	2144.2006174475
0	4819	399744.210183480791	1917.080886662
0	4830	400842.165248421989	2219.4383508526
0	4839	401578.676021564789	2211.0882653855
0	4850	402741.031597461588	2509.6596169285
0	4857	403197.790552675761	2138.0777439103
0	4868	403982.580281747542	2061.412089318
0	4877	404611.755533795841	1870.7239363343
0	4886	405393.740608915724	2188.6019325815
0	4893	406021.515565551855	2038.9352838043
0	4900	406485.346387932115	1873.5908541363
0	4911	407256.425159750543	1862.6845508348
0	4922	408210.612175287716	1960.8336327597
0	4927	408561.461599823125	1867.8060627077
0	4938	409828.802953893356	2365.1378088165
0	4947	410549.994685314632	2339.3825100269
0	4958	411362.031474011055	2366.3207322825
0	4967	412141.120165027714	2248.8346873317
0	4974	412962.783122761211	2253.4211620688
0	4983	413584.542960114813	2222.5114861038
0	4994	414759.154341369903	2618.0341763422
0	5003	415385.59242454361	2355.818296317
0	5008	415976.296019135079	2075.776859466
0	5019	416832.238147454372	2073.0838060845
0	5026	417209.909950336477	1824.3175257929
0	5035	418067.814930947533	1789.4479015376
0	5044	418888.973748218304	2024.9740085565
0	5055	419692.291402258014	2006.4802828711
0	5066	420937.728337710759	2563.3626539726
0	5073	421540.939836669749	2274.4507585187
0	5084	422617.254586285016	2539.7016808391
0	5091	423051.16454204548	2113.4362043347
0	5098	423623.93887834627	1902.4396922439
0	5109	424712.942181061989	2095.687594777
0	5120	425362.633637292347	1971.3751740754
0	5129	426017.880748445205	1972.7208984084
0	5136	426736.578089185096	1926.4582045376
0	5147	427718.810357060321	2356.176719768
0	5156	428509.045789204576	2491.1650407594
0	5163	429062.813520664387	2183.2900306676
0	5174	430074.593785917425	2355.7834288571
0	5179	430532.679979037532	2023.634189833
0	5192	431363.60989040699	2175.1782928593
0	5199	431758.301526680627	1683.7077407632
0	5208	432209.003186831289	1626.4005019795
0	5215	432791.519835451656	1427.9099450447
0	5228	433528.651814907828	1750.0350144692
0	5233	434116.141384514088	1866.9129052665
0	5244	434659.011341119224	1827.8256485704
0	5253	435519.937062682623	1991.2852477748
0	5264	436189.862655149811	2046.4187743608
0	5273	437085.256032971704	2329.3065567501
0	5282	437888.852787343824	2271.4111318812
0	5291	438721.247108839491	2531.3844536897
0	5298	439585.768845677415	2500.5128127057
0	5309	440307.224535383323	2418.3717480395
0	5318	440992.294706543946	2271.0475977045
0	5327	441843.555275397414	2254.0553952567
0	5336	442629.141618032047	2321.9170826487
0	5343	443134.128401102537	2141.8336945586
0	5350	443531.418461725155	1687.8631863277
0	5359	444426.461901376062	1797.320283344
0	5368	445104.944215994367	1706.4150790684
0	5379	446198.936731880569	1948.6575940624
0	5386	446499.735818943047	1752.1076719277
0	5395	447159.64518659752	1519.161298871
0	5406	448601.514775073194	2288.1037781015
0	5413	449266.172472992951	2130.3200440016
0	5422	449780.212965421418	1887.0677811094
0	5433	450565.504511632064	1946.5588901192
0	5444	451540.460511110761	2070.3087834176
0	5453	452334.333674563133	2334.336334141
0	5462	452926.050953893029	2181.9218338933
0	5467	453510.122163640373	1969.6616525296
0	5480	454635.640189144798	2301.3065145817
0	5489	455309.204048523717	2383.1530946307
0	5498	455869.176912121512	2125.0614304561
0	5505	456375.715513480865	1740.0753243361
0	5516	457387.84955400046	2078.6455054767
0	5521	457854.889902100005	1985.7129899785
0	5530	458756.993732973971	2187.667547632
0	5541	459686.085890606084	2298.2363366056
0	5550	460465.864601265677	2212.8033592366
0	5561	461376.838978193739	2344.7358242702
0	5566	461837.529850378671	1984.4625993166
0	5579	463092.560264188836	2538.4093390312
0	5588	463768.271979689638	2391.4330014959
0	5595	464458.423987124155	2203.8573077414
0	5602	465179.228781117166	2086.6685169283
0	5611	465745.075467042665	1976.803487353
0	5624	466999.927909998263	2416.2708931603
0	5631	467595.3508717474	2209.7946590278
0	5640	468323.033610591705	2217.8176816553
0	5651	469349.085986148606	2349.1580761503
0	5660	470097.502781264524	2476.2027283665
0	5669	470965.255725570063	2444.9392403942
0	5676	471486.689246026839	2137.6032598782
0	5685	472154.662952804978	2057.1601715405
0	5696	472901.320204697589	1936.0644791275
0	5703	473598.790932353626	1937.9389251117
0	5712	474329.539766628335	2090.4399347026
0	5721	475074.985694652463	2173.6654899549
0	5728	475671.375448722432	1979.2571981437
0	5737	476145.682451734359	1682.4067781679
0	5750	477457.655818993266	2294.1670951433
0	5757	478222.104250174056	2279.6341053676
0	5764	478709.160562930669	2057.6744236518
0	5777	479799.556253571103	2341.9004345778
0	5782	480101.394629990722	1777.2312540561
0	5793	481325.572379445697	2165.7067176886
0	5800	481776.59364324067	1977.0373896696
0	5813	482794.709779741282	2320.5298497342
0	5822	483617.451324546749	2261.6665607784
0	5827	484163.021372677798	2086.0698474571
0	5836	484779.077198077033	1984.3674183358
0	5849	485867.792892828623	2250.3415682819
0	5854	486342.271941388065	1987.384001445
0	5863	487052.867513895075	1866.983857099
0	5872	487927.87075890232	2060.0778660737
0	5883	488903.593655722254	2146.5313502122
0	5890	489606.12055105161	2057.7931872569
0	5899	490483.537053410002	2118.6605905183
0	5912	491575.179950147905	2433.5389993619
0	5921	492376.593513647132	2447.5876303855
0	5928	493091.260207677298	2355.6711753365
0	5939	493729.351362353229	2154.1714122053
0	5944	494298.852708237284	1922.2591945902
0	5953	495202.555542765224	2054.386185715
0	5964	496066.4664243814	2337.1150620282
0	5973	496920.649019116575	2335.6042199302
0	5980	497372.01908561405	1957.0981744677
0	5991	498517.443967424373	2365.1609487366
0	6000	499094.840545440133	2052.0472947042
0	6011	500098.22762478147	2281.1634765007
0	6016	500799.279795773368	2202.2517719306
0	6029	501643.128657946404	2298.5798529815
0	6038	502485.053468216252	2386.8258434348
0	6045	503343.585005728569	2463.523377059
0	6052	504065.824045892846	2422.6953879464
0	6063	504735.414996044752	2250.3615278285
0	6072	505655.984584428412	2302.1858814172
0	6079	506203.665234055412	1991.1902197637
0	6092	507382.261526305271	2346.4889151044
0	6099	507872.128973621918	1944.6868909523
0	6110	508760.92417300683	2224.5815451723
0	6115	509213.817017013249	1831.555490708
0	6124	509848.942415602547	1669.4805612322
0	6133	510346.413438208444	1585.4892652016
0	6144	511350.145626207856	1909.9087412003
0	6155	512041.921133967159	1899.9426259194
0	6162	512669.33628371921	1840.4709891882
0	6171	513450.320815807251	1942.5296997651
0	6178	513794.891247991515	1752.9701140244
0	6189	514790.846947487487	1939.2940666527
0	6198	515610.661880672021	2132.182318205
0	6207	516068.61508302395	1837.5203279313
0	6214	516953.241312084764	1974.1689912044
0	6219	517315.025342535272	1570.8090051077
0	6234	518569.546236237556	2060.5494679883
0	6241	518936.044319998518	1543.7577970326
0	6250	519598.939934140116	1811.0835060943
0	6259	520217.720844084441	1607.6752787456
0	6272	521187.005337746858	1974.1442534141
0	6279	521723.28805290167	1623.6356422305
0	6286	522173.890172643631	1575.7477635518
0	6295	523004.236234305471	1817.2308965586
0	6306	523882.881115749523	1957.8134063166
0	6313	524558.77548870635	2074.5094807819
0	6322	525259.341532923325	2021.759045776
0	6333	526001.718096993908	2096.5240957215
0	6340	526353.73138468717	1644.7794914246
0	6349	526825.944907916755	1242.8253117017
0	6362	528265.70389894773	2196.6535317712
0	6369	528942.828331980898	2134.5988264773
0	6380	529665.342062618628	2203.8889667485
0	6389	530535.794396605387	2270.0904976577
0	6396	530879.388410272121	1798.0916314758
0	6403	531277.916606934786	1612.5745443162
0	6412	531983.581661107064	1447.7872645017
0	6421	533341.089678648905	2380.2644390613
0	6432	533969.230079278396	2352.5585243013
0	6443	534860.177697474182	2358.2062735688
0	6452	535405.848667630971	2020.4583995976
0	6461	536097.087655356199	1873.0112826917
0	6468	536825.061176251665	1964.8834787775
0	6477	537654.500830220104	2248.6521625891
0	6484	538263.094656541989	2166.0070011858
0	6493	538889.381550857843	1957.4701244943
0	6506	540158.426971128256	2410.9883126803
0	6513	540938.061095075727	2444.8048247024
0	6520	541361.733532045083	2064.898203034
0	6529	541857.420368911745	1698.9933977835
0	6534	542545.54578135726	1592.5253539346
0	6547	543746.687874337704	1909.6550845541
0	6560	544624.179527862043	2070.7094994374
0	6565	545037.529948074416	1640.9289537929
0	6576	545776.936891442211	1691.7549866717
0	6583	546687.605477683292	2063.4259498212
0	6596	547760.692615248308	2474.4466411415
0	6601	548190.969224274204	2121.5406005736
0	6610	548951.705129630909	2014.2829293385
0	6623	549785.103753022895	2024.4111377746
0	6630	550559.876533923716	2028.5382680129
0	6639	550994.362157536716	1677.1659588441
0	6646	551685.235978569881	1900.132225547
0	6657	552440.289816353516	1848.8521955442
0	6666	553429.608800634787	2117.1882136725
0	6675	553842.022912390575	1919.8973726481
0	6684	554666.917380597487	2094.8829790112
0	6693	555345.987715059936	1896.6186756268
0	6700	555691.373232845262	1695.762095321
0	6709	556810.184663906739	2011.6335701197
0	6722	557876.817521173553	2202.5061381049
0	6729	558264.736412745015	2006.1493654735
0	6736	558596.759323077322	1544.3243501242
0	6745	559183.068936830433	1306.2514156569
0	6756	560266.594075877266	1903.718696069
0	6763	560823.672002926515	1844.802205218
0	6776	561793.057659873785	2181.2025894877
0	6781	562284.44427545187	1830.8012750465
0	6790	562884.337898064451	1831.1970592942
0	6799	563392.246559634851	1599.1888997611
0	6808	563871.596539160283	1388.1858257577
0	6817	564652.110967738601	1572.481517354
0	6828	565516.31366908555	1940.9885773435
0	6835	565980.379592534202	1563.5035313666
0	6844	566768.953893799382	1726.5682091005
0	6855	567634.173994464846	1736.1821310595
0	6866	568415.219937823759	1997.5398409646
0	6871	568966.858604271011	1968.1759175844
0	6882	569915.289793442981	2096.8328216113
0	6891	570996.952269505756	2581.732331682
0	6902	571847.568712150725	2560.8422085643
0	6907	572559.451753087389	2405.7666855399
0	6918	573288.284243457067	2238.0002007354
0	6925	573959.894351195592	2112.3256390449
0	6936	574829.503338877159	2138.7470184825
0	6943	575545.01335811806	2113.375827251
0	6952	575881.235136883381	1818.6053706799
0	6963	576365.551763400484	1431.6288126167
0	6972	577153.331571864013	1586.9671175256
0	6981	577954.545834381182	2060.1494296454
0	6990	578412.443215772558	1916.5984015446
0	6999	579165.099894627977	1929.5174933039
0	7006	579776.617044070784	1753.2809909899
0	7019	580710.372505663011	2026.515849866
0	7028	581521.220844704706	2076.5477351379
0	7033	581847.877606563318	1842.061715154
0	7046	583092.494431044955	2382.1219253819
0	7053	583531.347605260138	2010.1267605554
0	7062	584162.395642278765	1809.0156082995
0	7069	584470.576524781112	1378.0820937362
0	7080	585618.835926242221	2024.5800289325
0	7089	586411.679536057684	2065.0086558424
0	7096	586822.674987651456	1814.351236308
0	7105	587686.343651963448	2027.5455939118
0	7118	588901.430407259662	2375.8496523835
0	7125	589742.249866901014	2446.6215804219
0	7134	590351.232558069799	2278.7924730219
0	7143	591320.383822359193	2418.9534150995
0	7150	591897.264263033915	2112.0672488585
0	7163	592785.054688341965	2108.6096192244
0	7172	593523.64226183859	2050.5605938844
0	7181	594298.176255589401	2112.1015804354
0	7190	594678.951543197086	1893.8968548551
0	7195	595159.737905580601	1636.095643742
0	7206	595817.087398236668	1518.9111426473
0	7213	596758.500415971553	2079.5488727745
0	7224	597581.352553563243	2269.9379791506
0	7233	598054.970648791692	2081.598233711
0	7240	598796.146212425134	1981.9645894691
0	7251	599530.659826844982	1908.9790688362
0	7260	600129.443383868835	1742.7700953092
0	7269	600732.318933075345	1609.0287694708
0	7280	601581.881511490843	1848.836402921
0	7285	602154.4946503826	2017.305861041
0	7296	603000.526162656075	2109.645124292
0	7305	603675.90854689484	2094.027035404
0	7312	604212.837198888934	1975.6376572419
1	3149	260466.074610454986	348
1	3158	261232.325723161945	349
1	3165	261878.521495917836	350
1	3172	262508.909024158517	351
1	3181	263486.081772996137	352
1	3190	264120.266114501306	353
1	3199	264729.677925165766	354
1	3212	266114.930258458505	355
1	3217	266654.521418083484	356
1	3228	267305.252354778375	357
1	3235	267783.691812772329	358
1	3244	268528.092048922578	359
1	3253	269510.569893708477	360
1	3262	270334.344464773337	361
1	3271	270723.070785217012	362
1	3282	272102.172753307992	363
1	3293	272997.744877310494	364
1	3302	273822.979191876972	365
1	3309	274302.585824718723	366
1	3316	274708.044341672236	367
1	3325	275795.524402521575	368
1	3336	276595.226739579837	369
1	3345	277535.77021840031	370
1	3354	278216.906676627721	371
1	3361	278755.848822696159	372
1	3372	279558.850686857501	373
1	3383	280795.338412374282	374
1	3390	281210.705077881017	375
1	3397	281759.494738234231	376
1	3406	282688.464651675918	377
1	3417	283671.554826898524	378
1	3426	284500.67578540186	379
1	3437	285473.794044228295	380
1	3442	285952.045829175065	381
1	3451	286452.922801254342	382
1	3460	287286.864357674519	383
1	3473	288015.476873517061	384
1	3482	288562.74137157018	385
1	3489	289118.601079797397	386
1	3496	289618.050246918599	387
1	3507	290610.296102240707	388
1	3516	291616.029576072495	389
1	3527	292282.100498909156	390
1	3536	293057.569278264444	391
1	3541	293541.695134900536	392
1	3550	294185.751370573442	393
1	3563	295056.860110536244	394
1	3570	295627.204173523959	395
1	3579	296457.121654087705	396
1	3588	297108.898756653098	397
1	3599	298108.369221724598	398
1	3608	298879.839311214192	399
1	3617	299769.40987408164	400
1	3624	300452.928562648623	401
1	3631	300959.68883265744	402
1	3642	302010.887643881171	403
1	3653	302975.238815182849	404
1	3658	303338.702985132142	405
1	3669	304307.836415385857	406
1	3680	304988.938053790509	407
1	3689	305883.446329599276	408
1	3696	306620.71677474308	409
1	3707	307494.169504288614	410
1	3714	308276.835493091524	411
1	3725	308875.146512500972	412
1	3732	309452.825177321241	413
1	3743	310298.445080732957	414
1	3750	310959.168925182924	415
1	3759	311602.278491528735	416
1	3768	312434.075665008307	417
1	3779	313403.550738981024	418
1	3788	314080.067338747934	419
1	3797	314876.706554694132	420
1	3802	315242.046463815526	421
1	3813	316372.902977652879	422
1	3822	317089.982002694191	423
1	3833	317664.3685917836	424
1	3840	318377.494063647496	425
1	3847	318705.858322838353	426
1	3860	320103.439346049013	427
1	3865	320554.677252285215	428
1	3878	321630.082836141842	429
1	3883	322064.999891677904	430
1	3894	323029.507731646331	431
1	3901	323399.415083695235	432
1	3914	324646.897107549044	433
1	3919	325093.826611759173	434
1	3928	325848.815649887579	435
1	3939	326784.600865468415	436
1	3946	327243.48022202033	437
1	3959	328446.331655792925	438
1	3968	329212.645800132338	439
1	3977	329975.156116671894	440
1	3982	330283.528732275624	441
1	3995	331454.035930428688	442
1	4002	331977.104680566151	443
1	4009	332291.210104851086	444
1	4014	332834.215981140766	445
1	4031	334467.756879190017	446
1	4040	335216.41699704345	447
1	4047	336019.829832343419	448
1	4056	336730.289575690438	449
1	4067	337781.85227774087	450
1	4072	338231.09231279235	451
1	4081	338807.671120064367	452
1	4090	339337.327412143384	453
1	4103	340759.120264789124	454
1	4110	341223.071570880746	455
1	4117	341792.696345038746	456
1	4128	342674.739768449251	457
1	4135	343014.919718680937	458
1	4144	343789.502276759629	459
1	4155	344924.305075127666	460
1	4164	345724.65120563287	461
1	4171	346541.605932125856	462
1	4180	347053.603009879624	463
1	4191	348277.193975541775	464
1	4198	349062.518123444204	465
1	4209	349943.689333973487	466
1	4216	350334.365703631227	467
1	4229	351748.152813781088	468
1	4236	352406.409202795511	469
1	4247	353281.535349274089	470
1	4254	354177.341884933447	471
1	4261	354566.516168927809	472
1	4266	355018.09513047341	473
1	4281	356036.262661451508	474
1	4292	357111.126364907284	475
1	4297	357484.723448334296	476
1	4306	358074.452234851231	477
1	4319	358902.246456686442	478
1	4328	359753.148674732109	479
1	4335	360302.936441497912	480
1	4344	361215.442326804658	481
1	4355	362056.996281864157	482
1	4364	362873.925038846245	483
1	4369	363502.334040775931	484
1	4382	364388.875046186184	485
1	4387	364783.784060832148	486
1	4398	365725.089865364169	487
1	4405	366449.431050522289	488
1	4414	367047.006907453797	489
1	4423	367946.833380265197	490
1	4436	368652.794803166798	491
1	4445	369434.5150412992	492
1	4452	369920.100270817092	493
1	4461	370529.961833031884	494
1	4468	370987.192438496313	495
1	4479	371913.412349671162	496
1	4486	372423.479927983171	497
1	4495	373183.433754416218	498
1	4504	373974.039226211643	499
1	4509	374388.272735104	500
1	4524	375783.99037881758	501
1	4531	376483.934383560008	502
1	4542	377751.045163348353	503
1	4549	378061.562669975719	504
1	4558	378788.93697741445	505
1	4567	379350.730013474858	506
1	4578	380144.499092269725	507
1	4585	381041.038760868869	508
1	4594	381891.651839436999	509
1	4607	382776.087225694246	510
1	4612	383172.555220685936	511
1	4621	383797.285033855624	512
1	4632	384718.988012289665	513
1	4641	385353.727384842969	514
1	4650	386074.721852224357	515
1	4659	386887.81992034059	516
1	4668	387770.643581729419	517
1	4679	388425.303018791638	518
1	4688	389255.682747624852	519
1	4695	389784.852560609617	520
1	4706	390675.468234624751	521
1	4711	391042.150248074941	522
1	4724	392191.642486536913	523
1	4729	392497.665725369044	524
1	4742	393394.900679821186	525
1	4749	393831.168439099603	526
1	4756	394524.228479946069	527
1	4765	395145.946308458261	528
1	4774	396146.262678550593	529
1	4783	396892.365571484007	530
1	4794	397538.913621380962	531
1	4805	398622.72689756941	532
1	4812	399309.270683303512	533
1	4819	399744.210183480791	534
1	4830	400842.165248421989	535
1	4839	401578.676021564789	536
1	4850	402741.031597461588	537
1	4857	403197.790552675761	538
1	4868	403982.580281747542	539
1	4877	404611.755533795841	540
1	4886	405393.740608915724	541
1	4893	406021.515565551855	542
1	4900	406485.346387932115	543
1	4911	407256.425159750543	544
1	4922	408210.612175287716	545
1	4927	408561.461599823125	546
1	4938	409828.802953893356	547
1	4947	410549.994685314632	548
1	4958	411362.031474011055	549
1	4967	412141.120165027714	550
1	4974	412962.783122761211	551
1	4983	413584.542960114813	552
1	4994	414759.154341369903	553
1	5003	415385.59242454361	554
1	5008	415976.296019135079	555
1	5019	416832.238147454372	556
1	5026	417209.909950336477	557
1	5035	418067.814930947533	558
1	5044	418888.973748218304	559
1	5055	419692.291402258014	560
1	5066	420937.728337710759	561
1	5073	421540.939836669749	562
1	5084	422617.254586285016	563
1	5091	423051.16454204548	564
1	5098	423623.93887834627	565
1	5109	424712.942181061989	566
1	5120	425362.633637292347	567
1	5129	426017.880748445205	568
1	5136	426736.578089185096	569
1	5147	427718.810357060321	570
1	5156	428509.045789204576	571
1	5163	429062.813520664387	572
1	5174	430074.593785917425	573
1	5179	430532.679979037532	574
1	5192	431363.60989040699	575
1	5199	431758.301526680627	576
1	5208	432209.003186831289	577
1	5215	432791.519835451656	578
1	5228	433528.651814907828	579
1	5233	434116.141384514088	580
1	5244	434659.011341119224	581
1	5253	435519.937062682623	582
1	5264	436189.862655149811	583
1	5273	437085.256032971704	584
1	5282	437888.852787343824	585
1	5291	438721.247108839491	586
1	5298	439585.768845677415	587
1	5309	440307.224535383323	588
1	5318	440992.294706543946	589
1	5327	441843.555275397414	590
1	5336	442629.141618032047	591
1	5343	443134.128401102537	592
1	5350	443531.418461725155	593
1	5359	444426.461901376062	594
1	5368	445104.944215994367	595
1	5379	446198.936731880569	596
1	5386	446499.735818943047	597
1	5395	447159.64518659752	598
1	5406	448601.514775073194	599
1	5413	449266.172472992951	600
1	5422	449780.212965421418	601
1	5433	450565.504511632064	602
1	5444	451540.460511110761	603
1	5453	452334.333674563133	604
1	5462	452926.050953893029	605
1	5467	453510.122163640373	606
1	5480	454635.640189144798	607
1	5489	455309.204048523717	608
1	5498	455869.176912121512	609
1	5505	456375.715513480865	610
1	5516	457387.84955400046	611
1	5521	457854.889902100005	612
1	5530	458756.993732973971	613
1	5541	459686.085890606084	614
1	5550	460465.864601265677	615
1	5561	461376.838978193739	616
1	5566	461837.529850378671	617
1	5579	463092.560264188836	618
1	5588	463768.271979689638	619
1	5595	464458.423987124155	620
1	5602	465179.228781117166	621
1	5611	465745.075467042665	622
1	5624	466999.927909998263	623
1	5631	467595.3508717474	624
1	5640	468323.033610591705	625
1	5651	469349.085986148606	626
1	5660	470097.502781264524	627
1	5669	470965.255725570063	628
1	5676	471486.689246026839	629
1	5685	472154.662952804978	630
1	5696	472901.320204697589	631
1	5703	473598.790932353626	632
1	5712	474329.539766628335	633
1	5721	475074.985694652463	634
1	5728	475671.375448722432	635
1	5737	476145.682451734359	636
1	5750	477457.655818993266	637
1	5757	478222.104250174056	638
1	5764	478709.160562930669	639
1	5777	479799.556253571103	640
1	5782	480101.394629990722	641
1	5793	481325.572379445697	642
1	5800	481776.59364324067	643
1	5813	482794.709779741282	644
1	5822	483617.451324546749	645
1	5827	484163.021372677798	646
1	5836	484779.077198077033	647
1	5849	485867.792892828623	648
1	5854	486342.271941388065	649
1	5863	487052.867513895075	650
1	5872	487927.87075890232	651
1	5883	488903.593655722254	652
1	5890	489606.12055105161	653
1	5899	490483.537053410002	654
1	5912	491575.179950147905	655
1	5921	492376.593513647132	656
1	5928	493091.260207677298	657
1	5939	493729.351362353229	658
1	5944	494298.852708237284	659
1	5953	495202.555542765224	660
1	5964	496066.4664243814	661
1	5973	496920.649019116575	662
1	5980	497372.01908561405	663
1	5991	498517.443967424373	664
1	6000	499094.840545440133	665
1	6011	500098.22762478147	666
1	6016	500799.279795773368	667
1	6029	501643.128657946404	668
1	6038	502485.053468216252	669
1	6045	503343.585005728569	670
1	6052	504065.824045892846	671
1	6063	504735.414996044752	672
1	6072	505655.984584428412	673
1	6079	506203.665234055412	674
1	6092	507382.261526305271	675
1	6099	507872.128973621918	676
1	6110	508760.92417300683	677
1	6115	509213.817017013249	678
1	6124	509848.942415602547	679
1	6133	510346.413438208444	680
1	6144	511350.145626207856	681
1	6155	512041.921133967159	682
1	6162	512669.33628371921	683
1	6171	513450.320815807251	684
1	6178	513794.891247991515	685
1	6189	514790.846947487487	686
1	6198	515610.661880672021	687
1	6207	516068.61508302395	688
1	6214	516953.241312084764	689
1	6219	517315.025342535272	690
1	6234	518569.546236237556	691
1	6241	518936.044319998518	692
1	6250	519598.939934140116	693
1	6259	520217.720844084441	694
1	6272	521187.005337746858	695
1	6279	521723.28805290167	696
1	6286	522173.890172643631	697
1	6295	523004.236234305471	698
1	6306	523882.881115749523	699
1	6313	524558.77548870635	700
1	6322	525259.341532923325	701
1	6333	526001.718096993908	702
1	6340	526353.73138468717	703
1	6349	526825.944907916755	704
1	6362	528265.70389894773	705
1	6369	528942.828331980898	706
1	6380	529665.342062618628	707
1	6389	530535.794396605387	708
1	6396	530879.388410272121	709
1	6403	531277.916606934786	710
1	6412	531983.581661107064	711
1	6421	533341.089678648905	712
1	6432	533969.230079278396	713
1	6443	534860.177697474182	714
1	6452	535405.848667630971	715
1	6461	536097.087655356199	716
1	6468	536825.061176251665	717
1	6477	537654.500830220104	718
1	6484	538263.094656541989	719
1	6493	538889.381550857843	720
1	6506	540158.426971128256	721
1	6513	540938.061095075727	722
1	6520	541361.733532045083	723
1	6529	541857.420368911745	724
1	6534	542545.54578135726	725
1	6547	543746.687874337704	726
1	6560	544624.179527862043	727
1	6565	545037.529948074416	728
1	6576	545776.936891442211	729
1	6583	546687.605477683292	730
1	6596	547760.692615248308	731
1	6601	548190.969224274204	732
1	6610	548951.705129630909	733
1	6623	549785.103753022895	734
1	6630	550559.876533923716	735
1	6639	550994.362157536716	736
1	6646	551685.235978569881	737
1	6657	552440.289816353516	738
1	6666	553429.608800634787	739
1	6675	553842.022912390575	740
1	6684	554666.917380597487	741
1	6693	555345.987715059936	742
1	6700	555691.373232845262	743
1	6709	556810.184663906739	744
1	6722	557876.817521173553	745
1	6729	558264.736412745015	746
1	6736	558596.759323077322	747
1	6745	559183.068936830433	748
1	6756	560266.594075877266	749
1	6763	560823.672002926515	750
1	6776	561793.057659873785	751
1	6781	562284.44427545187	752
1	6790	562884.337898064451	753
1	6799	563392.246559634851	754
1	6808	563871.596539160283	755
1	6817	564652.110967738601	756
1	6828	565516.31366908555	757
1	6835	565980.379592534202	758
1	6844	566768.953893799382	759
1	6855	567634.173994464846	760
1	6866	568415.219937823759	761
1	6871	568966.858604271011	762
1	6882	569915.289793442981	763
1	6891	570996.952269505756	764
1	6902	571847.568712150725	765
1	6907	572559.451753087389	766
1	6918	573288.284243457067	767
1	6925	573959.894351195592	768
1	6936	574829.503338877159	769
1	6943	575545.01335811806	770
1	6952	575881.235136883381	771
1	6963	576365.551763400484	772
1	6972	577153.331571864013	773
1	6981	577954.545834381182	774
1	6990	578412.443215772558	775
1	6999	579165.099894627977	776
1	7006	579776.617044070784	777
1	7019	580710.372505663011	778
1	7028	581521.220844704706	779
1	7033	581847.877606563318	780
1	7046	583092.494431044955	781
1	7053	583531.347605260138	782
1	7062	584162.395642278765	783
1	7069	584470.576524781112	784
1	7080	585618.835926242221	785
1	7089	586411.679536057684	786
1	7096	586822.674987651456	787
1	7105	587686.343651963448	788
1	7118	588901.430407259662	789
1	7125	589742.249866901014	790
1	7134	590351.232558069799	791
1	7143	591320.383822359193	792
1	7150	591897.264263033915	793
1	7163	592785.054688341965	794
1	7172	593523.64226183859	795
1	7181	594298.176255589401	796
1	7190	594678.951543197086	797
1	7195	595159.737905580601	798
1	7206	595817.087398236668	799
1	7213	596758.500415971553	800
1	7224	597581.352553563243	801
1	7233	598054.970648791692	802
1	7240	598796.146212425134	803
1	7251	599530.659826844982	804
1	7260	600129.443383868835	805
1	7269	600732.318933075345	806
1	7280	601581.881511490843	807
1	7285	602154.4946503826	808
1	7296	603000.526162656075	809
1	7305	603675.90854689484	810
1	7312	604212.837198888934	811

