version 2
run Pipelined_3Teachers-19-20190105-10:57:21-26328
attr configname Pipelined_3Teachers
attr datetime 20190105-10:57:21
attr experiment Pipelined_3Teachers
attr inifile ../simulations/omnetpp.ini
attr iterationvars "$0=\"uniform\""
attr iterationvarsf uniform-
attr measurement "$0=\"uniform\""
attr network PipelinedExamSession
attr processid 26328
attr repetition 19
attr replication #19
attr resultdir results
attr runnumber 19
attr seedset 19
param **.teachersNumber 3
param **.answerTimeDistribution "\"uniform\""
param **.minUniform 300
param **.maxUniform 900
param **.scaleLognormal 6.2854
param **.shapeLognormal 0.4724

vector 0 PipelinedExamSession examinationTime:vector ETV
attr source examFinished
vector 1 PipelinedExamSession studentID:vector ETV
attr source student
0	3190	260406.506702257341	1671.2022196501
0	3201	261632.217474980301	2238.400084991
0	3210	262529.241384007058	2259.9217367359
0	3221	263128.668471146396	1969.574513007
0	3226	263499.155630031622	1811.3090139348
0	3239	264644.521347479916	2096.5068766382
0	3248	265525.9046408348	2397.2361696884
0	3253	265835.200308915249	1831.0211956501
0	3266	267110.487369261703	2465.9660217818
0	3273	267881.45940732213	2355.5547664873
0	3280	268287.528748624048	1966.7148296256
0	3293	269555.362141784302	2444.8747725226
0	3298	270110.367526346839	2228.8258748129
0	3307	270823.662778688616	2141.2000179291
0	3318	271685.123113403118	2129.7609716188
0	3327	272699.5855225716	2296.9629926607
0	3338	273594.650709489382	2342.8502990864
0	3347	274183.931747032351	2174.6295218356
0	3352	274562.738818768433	1852.9256116133
0	3365	275537.447142647601	1942.7964331582
0	3372	276333.577627223007	2149.6458801907
0	3379	276883.483036234997	2111.2201442476
0	3390	277805.051530664809	2267.6043880172
0	3399	278621.961017930902	2236.3354071043
0	3410	279316.75775810147	2125.3377864137
0	3417	279762.376717245228	1952.6528395247
0	3426	280537.889355607352	1901.840314921
0	3433	281183.142285933739	1866.3845278323
0	3444	281811.565957032166	1631.1831444036
0	3455	282657.849438954167	1950.5027676467
0	3462	283230.07278707812	1918.9224479254
0	3471	283916.186953336023	2010.2491809055
0	3478	284567.313602333911	1909.4641633797
0	3487	285272.331679891817	1848.1651175302
0	3496	285912.901827134214	1704.7258903272
0	3505	286547.927912743784	1507.5117761269
0	3514	287567.647586530097	1767.4558010884
0	3523	288227.726292377361	1688.3096619509
0	3532	288997.104569105455	1750.3973471001
0	3541	289441.030811984115	1568.8254679553
0	3554	290603.926564939344	2104.7014160547
0	3563	291321.710738958815	2073.1106819585
0	3568	291749.752288637707	1913.4551962372
0	3577	292273.216954059923	1669.2903891206
0	3586	293099.926911480749	1778.2161725219
0	3599	294195.97402629445	2288.198465528
0	3606	294718.487256718824	2136.6148545407
0	3615	295489.165375521431	2078.6802210845
0	3626	296646.856881631563	2450.8828553371
0	3633	297240.345116984124	2307.3178529274
0	3644	298034.662594925637	2203.3794142306
0	3653	298773.809081129755	2126.9521994982
0	3660	299346.014961786593	2023.9224591292
0	3667	299676.573243364717	1641.9106484391
0	3678	300438.358218362581	1664.5491372328
0	3685	301098.960314830791	1740.0511924177
0	3698	302059.618903929394	2101.4770430513
0	3705	302383.764408342567	1790.9232968465
0	3714	302864.709202107069	1634.1688815504
0	3725	303678.757138783139	1619.1382348537
0	3732	304488.334293058169	2086.3223126158
0	3743	305374.121473263976	2218.1751966476
0	3750	305998.111845133853	2319.3547063507
0	3757	306430.56389847773	1856.0383030213
0	3766	307456.503421487314	2082.3819482233
0	3775	308104.574799165157	1861.6443714593
0	3784	308789.642793545525	1890.550820902
0	3793	309367.657455336328	1632.8426614869
0	3802	310152.124810265404	1875.9851312265
0	3811	311104.221435729441	2115.0550078601
0	3820	311903.979490231749	2049.7843394056
0	3831	312780.670594330904	2195.4308497254
0	3838	313177.338666887981	1732.7407750301
0	3851	314514.819621713859	2265.9642345272
0	3860	315270.754641573903	2183.0290601123
0	3867	316070.629398571354	2285.1904636715
0	3874	316544.782221363884	2029.96259965
0	3883	317546.883748238933	2276.129106665
0	3892	318211.865909909857	2054.2989250738
0	3901	318837.331163976368	1806.1667516828
0	3912	319904.229465499548	2081.941653695
0	3919	320735.734576871647	2108.8149426039
0	3928	321347.980867372853	1943.6740804464
0	3937	321838.182176649599	1569.2445632536
0	3948	322765.834399871557	1920.2170195989
0	3959	323626.907112216606	2090.5952963512
0	3968	324493.450428172975	2173.2446674258
0	3973	325204.869583435386	2365.5103445984
0	3984	326105.112605122878	2478.2054929063
0	3993	326962.636250909447	2469.1858227365
0	4002	327642.831663228602	2276.4928196557
0	4013	328676.719224918664	2416.6027672123
0	4022	329456.483072089062	2440.2089229785
0	4031	329943.973758537353	2090.6704617664
0	4036	330271.384466020421	1594.6652411018
0	4045	331066.275717224957	1609.7926451359
0	4058	332323.663025535674	2379.6892669983
0	4067	333158.275449508832	2358.6707426235
0	4074	333679.786309646473	2230.4521256592
0	4081	334354.344655713097	2030.6816301774
0	4092	335234.601257136122	2076.3258076273
0	4099	335656.928957160593	1758.0769005697
0	4108	336897.624411899628	2447.8670429438
0	4117	337249.065626598926	1903.5969113465
0	4126	337970.886943023683	1808.954079682
0	4137	339078.953678626598	2052.166006621
0	4144	339900.26733898561	2253.6431291141
0	4157	340714.864807482841	2279.8684266396
0	4162	341034.962434507939	1818.3029753622
0	4171	341621.700150333377	1598.0639575515
0	4180	342148.686833493444	1433.8220260106
0	4191	343096.175590809467	1735.1359329186
0	4198	343646.108945086631	1651.9329875708
0	4207	344338.620168669183	1567.9957555141
0	4220	345156.177827669341	2045.3138748184
0	4227	345659.03914002705	1782.3483597022
0	4234	346489.325985079664	2090.8601544332
0	4247	347361.718013975802	2205.5401863065
0	4256	348225.645045284215	2219.7640741244
0	4263	349074.288406083394	2349.7752581723
0	4270	349381.143402261693	2019.4253882859
0	4283	350329.455819306928	2103.8107740227
0	4290	351014.488173415917	1929.9670548644
0	4301	351870.694631477851	1932.2692680638
0	4308	352596.970124077085	2267.5143047702
0	4317	353167.428336432237	2122.1597341821
0	4324	354019.176871608976	2148.4822401311
0	4335	355001.964782411266	2237.2241801117
0	4344	355900.02739336345	2453.4613718279
0	4351	356422.681393940035	2165.0308683515
0	4362	357096.852327464182	2051.570582483
0	4373	358218.836491461877	2293.9362599049
0	4382	359108.424861403216	2337.0621586684
0	4389	359773.946494655718	2348.1628112029
0	4396	360274.436161201482	2055.5996697396
0	4407	360980.276627512683	1871.8517661095
0	4416	361937.698449427296	2125.97538298
0	4423	362689.25568396229	2111.0860617366
0	4434	363437.087421957438	2186.6278680973
0	4443	364117.973587894847	2036.9287650101
0	4454	364990.201432351058	2146.4714676607
0	4459	365353.03583387289	1806.0085337609
0	4470	366307.100137928536	2188.6100419331
0	4477	366967.33706281524	1977.1356304642
0	4490	367782.839292520693	2166.8629403226
0	4495	368181.305975653267	1803.2015334349
0	4504	368810.79697986137	1715.6750072725
0	4517	370006.626945734061	2223.7876532134
0	4526	370750.258264225013	2269.9892254081
0	4531	371051.133424323089	1779.3557505123
0	4540	372171.418883325569	2164.7919375915
0	4551	373120.133016072251	2369.8747518472
0	4560	373949.058135040142	2338.041015761
0	4567	374438.874775869809	2038.3123009466
0	4580	375625.457333866544	2379.7424318735
0	4589	376456.545920949467	2377.796883462
0	4594	376777.439962606915	2048.2843296602
0	4607	377845.37683362145	2219.9194997549
0	4616	378587.416108232029	2130.8701872826
0	4625	379365.121548296921	2027.1228301339
0	4634	380014.56564213153	2169.1888085101
0	4643	380890.934228478037	2303.518120246
0	4652	381721.367718698494	2356.2461704016
0	4661	382424.366051238067	2409.8004091065
0	4670	383202.221419243179	2311.2871907651
0	4677	384064.824422495477	2343.456703797
0	4684	384479.178080102466	2054.8120288644
0	4697	385652.573376288674	2450.3519570455
0	4702	385989.365936955474	1918.4925479349
0	4715	386979.838089365549	2160.9212639742
0	4720	387505.591667722948	1853.0182914343
0	4731	388248.99227195423	2158.2467836328
0	4738	388769.190651364661	1789.3525619991
0	4751	389665.379053540564	2113.3712637238
0	4760	390481.521783722601	2204.701918317
0	4765	390796.794005250595	1914.8748993874
0	4776	391996.128222439475	2330.7491688989
0	4787	392665.981650352515	2184.4598666299
0	4794	393135.910843033381	1887.8857375123
0	4801	393474.068558681794	1424.0791438613
0	4810	394421.457402315028	1755.4757519625
0	4821	395435.522033181078	2128.6459629424
0	4830	396045.738714002109	1922.8196673095
0	4839	396917.622700799293	1979.248650698
0	4846	397431.334791937879	1859.6367542166
0	4855	398473.783676885105	2073.1934742071
0	4864	399109.300513146482	2037.4277005903
0	4873	399919.419390661679	2022.3810457159
0	4884	400956.827058875971	2260.2519035339
0	4891	401460.911550466009	1880.9778615832
0	4900	402042.040932504498	1748.0171302333
0	4913	403319.545117998533	2139.9169962388
0	4922	403994.830184429921	2004.3099115603
0	4927	404656.345801614262	2089.3853852525
0	4938	405401.585315913	2082.0401979145
0	4947	405979.413793701717	1984.5836092718
0	4954	406769.792790245303	1946.8217566609
0	4963	407328.715488128402	1813.8756965753
0	4972	407806.889893580266	1452.6603413746
0	4985	408846.550600742961	1992.355842283
0	4992	409534.198287595103	1808.7173364591
0	5003	410235.662241652648	2011.9463229552
0	5008	410585.933431517373	1739.3828307744
0	5017	411329.303894145455	1785.7351290062
0	5028	412238.742474932263	2003.0802332796
0	5037	413066.88228752468	2030.7771257591
0	5048	413799.81294684116	2046.1069221608
0	5055	414370.95932085071	1911.0046679154
0	5064	414906.747173331718	1784.8539775237
0	5073	415645.592787629033	1845.7798407879
0	5076	416008.613190287764	1506.2215666752
0	5093	417389.409375563303	2078.7018188741
0	5098	417830.698864627669	1656.0596056748
0	5109	418922.916516289154	2073.5585785937
0	5116	419441.634762799406	2052.2253872361
0	5127	420216.61072243009	2069.3113520276
0	5134	420582.349685719276	1540.1129925158
0	5145	421781.784267677034	1959.117730055
0	5154	422420.446214173029	2057.9544061795
0	5161	423022.146053239743	1770.9388696589
0	5170	423593.761077756102	1802.0633304957
0	5179	424657.190762227441	1980.0558451563
0	5188	425277.42621791553	1896.6861595865
0	5197	426052.919621346559	1882.1383944713
0	5206	426488.560394151176	1694.6927921847
0	5217	427447.260560654144	1913.302073814
0	5226	428102.859766921069	1982.5737937354
0	5233	428829.256096109788	2010.7440266758
0	5242	429610.604470130096	2081.2354006805
0	5255	430464.741682028438	2351.5415028669
0	5262	430986.273938929702	1999.4662750047
0	5269	431611.730649601708	1848.0178331025
0	5280	432605.587591370607	2140.8459093422
0	5289	433474.484610417897	2452.677274961
0	5300	434042.908150004262	2129.8101257533
0	5305	434390.228762989903	1713.8007352129
0	5314	435189.805490523616	1662.9832837265
0	5325	436240.092045441308	2197.183895437
0	5332	436690.996505040714	1934.0136717539
0	5343	437776.431620819532	2201.6111756209
0	5352	438643.171011842826	2301.042918954
0	5359	439091.861484339499	2006.3736042939
0	5370	440147.859311755785	2296.7326791957
0	5377	440841.616880055555	2152.9479387682
0	5386	441314.849334117064	1852.4541903287
0	5397	442141.653732676098	1949.3525815196
0	5404	443026.704113138878	2052.7195271105
0	5415	443920.744778355622	2255.0504959188
0	5424	444605.802192818412	2202.4177126586
0	5431	445171.024883352259	1940.9619913436
0	5440	445995.427459850945	2017.8844353184
0	5453	447151.245374651664	2381.3971878961
0	5462	447761.173789808565	2129.6706890222
0	5471	448345.344081334808	1895.583985839
0	5480	449156.969280727246	2005.7239060756
0	5489	449766.345623508134	2005.1718336996
0	5494	450236.660713842177	1891.3166325074
0	5507	451163.658427214288	2006.689146487
0	5516	451996.188085852229	2229.8424623441
0	5521	452434.738027956375	2099.3230280466
0	5530	452844.699531002008	1681.0411037877
0	5539	453838.69522246536	1842.5071366131
0	5548	454557.742118742355	1945.6318076234
0	5557	455076.349835889452	1813.5323270224
0	5568	456343.128160620147	2231.5798172727
0	5579	457028.715007239991	2033.056325186
0	5588	457853.712484147438	2337.0719128288
0	5595	458696.815966581964	2345.0258636847
0	5604	459375.759417330885	2347.0444100909
0	5613	460066.126347659194	2212.4138635118
0	5624	460900.42831362229	2153.5762754269
0	5629	461219.710822356904	1827.0728441421
0	5642	462353.572658356318	2285.2696734946
0	5649	462852.153233997563	1951.7249203753
0	5656	463487.434092583174	1816.6417841334
0	5669	464550.357293710152	2196.7846353538
0	5676	464920.297240326221	1946.0954925511
0	5683	465384.790262812789	1704.618014954
0	5694	466350.288874749134	1799.931581039
0	5705	467116.801572684239	1963.339620363
0	5710	467696.361097460653	2055.3191279992
0	5721	468586.888739280443	2212.4635487795
0	5730	469136.897528870072	2020.0959561858
0	5737	469816.551949689206	1851.31818261
0	5750	470926.171221630689	2254.7768484335
0	5759	471683.222950156819	2232.3898956645
0	5768	472522.274594614323	2192.5691936631
0	5775	473184.152471926104	2257.9812502954
0	5784	473975.303784571629	2292.0808344148
0	5795	474591.483216639649	2069.2086220253
0	5804	475390.991363301914	2186.648024898
0	5813	476152.183184679638	2153.8126617204
0	5820	476597.409131191711	2005.9259145521
0	5831	477857.061588624532	2466.0702253226
0	5838	478435.555902449454	2283.3727177698
0	5849	479257.179235573898	2289.209300559
0	5858	480088.482874631922	2231.4212860074
0	5867	480927.168959286104	2417.973683076
0	5876	481720.106402691494	2462.9271671176
0	5881	482130.368244275491	2041.8853696436
0	5894	483128.496014233719	2201.3270549476
0	5899	483457.811626838561	1737.7052241471
0	5912	484687.021609861444	2292.8496147506
0	5917	485324.190573720302	2195.6945594866
0	5926	486017.322616232599	2030.9179624077
0	5937	487197.34018505555	2510.3185751941
0	5944	487594.479904370423	2035.2999931667
0	5955	488263.892035279464	1837.500475673
0	5964	488931.126330792944	1727.9174365103
0	5973	489613.037329120602	1919.4084615447
0	5980	490017.805909551721	1736.570081301
0	5989	490827.820103662129	1886.5128905978
0	6002	491774.541701283347	2068.4846263379
0	6009	492613.433726225089	2161.9433535263
0	6018	493279.296025447588	2220.1123403851
0	6025	494064.841309329535	2290.2996080462
0	6036	494545.186497084837	1901.2645561248
0	6043	494884.530376642983	1393.6814416666
0	6052	495794.579167244997	1642.7537783515
0	6061	496568.719109846321	1791.65410758
0	6072	497396.278650825885	1885.7430942357
0	6079	497788.108016084921	1755.3360041231
0	6092	498961.662607686636	2141.744080279
0	6101	499639.777267444921	2238.1511533633
0	6110	500527.70922998902	2461.2248157151
0	6115	501067.038757866291	2105.3761501797
0	6126	502133.212099224372	2493.4348317795
0	6133	502456.716427719264	1929.0071977302
0	6144	503651.054492918817	2248.0734407902
0	6155	504351.580029074145	2102.1441018675
0	6160	504882.107415050311	2022.6274759043
0	6169	505409.14029311393	1702.1242048591
0	6178	505789.116337755738	1437.5363086816
0	6191	506797.519494406922	1818.4730229434
0	6198	507443.406581925271	1859.6211078577
0	6205	507945.229347841857	1925.8314000908
0	6214	508617.787146801173	1820.2676523943
0	6225	509378.027421701742	1690.9364781808
0	6234	510196.020621852992	2042.5922716968
0	6245	511108.543566148771	2181.7708791699
0	6250	511640.805703774137	2051.789161982
0	6259	512167.652775859503	1959.0468209703
0	6270	513457.367105456112	2348.8235393073
0	6279	513845.385946752546	1860.6107415631
0	6286	514492.988669173835	1747.5841121748
0	6297	515312.27568215695	1813.3143633138
0	6304	515685.53771199663	1649.7226764914
0	6317	517335.042900592133	2404.9450895749
0	6322	517873.193771112755	2209.9119701888
0	6335	518729.402959160551	2171.072232211
0	6342	519119.199606031224	1784.1567054391
0	6353	519970.323374960616	2009.6873716917
0	6358	520470.978869916916	1741.5759107564
0	6367	520953.546368703291	1368.7545586377
0	6378	522101.52745158416	2131.2040766235
0	6385	522565.588778816208	1822.5456772372
0	6396	523339.173600822732	1732.967946399
0	6403	523650.316612701908	1475.8821185678
0	6414	524534.782421216413	1847.7205067407
0	6423	525393.356752116277	2041.9866335113
0	6432	526096.923565724909	1979.8594575841
0	6439	526688.387530949012	1728.4538551234
0	6450	527405.200811941222	1868.2221814524
0	6461	528538.531746156558	2407.1907229722
0	6470	529193.719427939549	2308.7199751753
0	6479	530000.750013487458	2265.4681317508
0	6486	530608.420170284852	2069.8884241283
0	6495	531302.428610902325	2108.7091829628
0	6506	532199.798697698907	2199.0486842114
0	6511	532800.952820945577	1969.3390860222
0	6524	533675.685920845763	2325.005105976
0	6531	534304.31151296948	2104.5128152706
0	6538	534808.710008813115	1728.6820140202
0	6551	535691.854157717945	2016.1682368722
0	6556	536127.609611861454	1743.7437261455
0	6565	536888.535164902033	1769.1017109901
0	6578	537548.362224502535	1856.5080667846
0	6585	538333.332178043248	2118.9911569934
0	6594	539058.995479764463	2109.1228857636
0	6601	539462.618116149725	1914.2558916472
0	6610	540080.823958525481	1722.2648441792
0	6621	540774.929918674799	1516.642996436
0	6628	541247.170249605598	1478.3453070559
0	6637	542280.555608449551	2062.9764604848
0	6646	542644.031700538518	1788.0305391736
0	6657	543617.577409185516	2019.9367785361
0	6664	544192.779824975925	1858.9388558641
0	6675	545210.817581182393	2006.1177666765
0	6686	546176.274029072422	2104.0053290315
0	6693	546789.988244650933	2091.7678188533
0	6702	547572.156811785	2148.7004541792
0	6709	547933.076774468693	1756.8027453963
0	6718	548568.911471776713	1569.5133665577
0	6729	549582.274532876957	1821.3457325008
0	6736	550336.937584681485	2071.7822378967
0	6745	550752.84175747079	1591.2262074184
0	6754	551366.325191455011	1392.4590814859
0	6765	552560.742293810521	2151.8411675468
0	6772	553210.091938963209	2145.8858260419
0	6785	553988.499879045461	2205.2690399811
0	6792	554462.056771852125	1883.254765626
0	6799	555204.426836874385	1784.1008505318
0	6810	556157.513879053344	2169.0140000079
0	6817	556617.182054277559	2060.7584189158
0	6830	557927.2076056805	2587.7112280112
0	6837	558414.018683787485	2174.8024843633
0	6844	558854.691645456528	1783.8357981294
0	6855	560243.871960276787	2316.6643545963
0	6862	560926.295863324826	2259.0649651364
0	6875	561828.558965306779	2295.0033648871
0	6882	562405.554335564425	2107.2185144294
0	6893	563229.412393178841	2055.8400255628
0	6902	564066.656306153214	2238.0973408464
0	6911	564726.50270825257	2153.2258456573
0	6916	565031.320921098864	1801.90852792
0	6927	565781.279304390823	1714.6229982376
0	6938	566872.528487769937	2146.0257795174
0	6947	567750.332322763329	2424.792588735
0	6952	568407.498800894295	2262.5034883618
0	6961	568802.422544220512	1929.8940564506
0	6974	569473.724439321136	1723.3921165578
0	6983	570284.000113187408	1801.6541469377
0	6990	570845.966117782569	1902.1108865272
0	6997	571397.845509415543	1924.1210700944
0	7010	572645.307944761639	2361.3078315742
0	7019	573496.758929640105	2555.6408481672
0	7026	574023.256777692637	2195.2783338726
0	7037	575028.297434561005	2382.9894897994
0	7046	575715.220374008691	2218.4614443686
0	7051	576054.375681001743	1666.5011717007
0	7060	576888.059133058464	1859.7616984975
0	7073	577722.93012086307	2007.7097468544
0	7080	578124.330616369893	1697.6610346232
0	7087	579000.561751518448	1972.1858728677
0	7096	579810.087340883961	2087.1572200209
0	7107	580582.355848839556	1963.8025328983
0	7116	581262.750911805828	1792.9063549731
0	7125	581925.802394840916	1708.1529053394
0	7134	582788.786083599603	2131.9181567989
0	7143	583359.809199208444	1844.1552826669
0	7152	583694.901154562881	1372.7330534253
0	7159	584372.862622747248	1445.8356456365
0	7172	585298.440093733421	1934.5504806843
0	7179	585740.524047240666	1690.374645358
0	7186	586337.948804581589	1718.366837455
0	7197	587366.28774390561	2067.8476501722
0	7204	587982.457157643563	1883.8979140855
0	7213	588597.888300335086	1671.6809811071
0	7222	589045.964690018497	1528.0348642264
0	7235	590616.252863640016	2393.3835023548
0	7242	591244.427499454519	2200.5764708854
0	7251	592142.992975981957	2293.3417004999
0	7262	593173.860167898289	2557.6073042583
0	7269	593867.57608735939	2410.6682712212
0	7280	594743.391199037484	2408.4704514127
0	7289	595584.28646461112	2410.4262967128
0	7294	596096.319415513478	2217.5993871409
0	7307	597193.546001985721	2450.1548029482
0	7312	597586.496305838279	2002.2098412272
0	7321	598380.456947581895	1933.8183477055
0	7334	599301.535679725982	2107.9896777403
0	7343	600106.121319159917	2073.8686230965
0	7350	600960.013476200453	2271.1235631723
0	7357	601722.647518850915	2421.1118391249
0	7366	602162.056237785197	2055.9349186253
0	7375	602595.737508963845	1619.8321974836
0	7386	603965.880951890774	2152.9912504368
0	7397	604787.306653009779	2376.3672997244
1	3190	260406.506702257341	353
1	3201	261632.217474980301	354
1	3210	262529.241384007058	355
1	3221	263128.668471146396	356
1	3226	263499.155630031622	357
1	3239	264644.521347479916	358
1	3248	265525.9046408348	359
1	3253	265835.200308915249	360
1	3266	267110.487369261703	361
1	3273	267881.45940732213	362
1	3280	268287.528748624048	363
1	3293	269555.362141784302	364
1	3298	270110.367526346839	365
1	3307	270823.662778688616	366
1	3318	271685.123113403118	367
1	3327	272699.5855225716	368
1	3338	273594.650709489382	369
1	3347	274183.931747032351	370
1	3352	274562.738818768433	371
1	3365	275537.447142647601	372
1	3372	276333.577627223007	373
1	3379	276883.483036234997	374
1	3390	277805.051530664809	375
1	3399	278621.961017930902	376
1	3410	279316.75775810147	377
1	3417	279762.376717245228	378
1	3426	280537.889355607352	379
1	3433	281183.142285933739	380
1	3444	281811.565957032166	381
1	3455	282657.849438954167	382
1	3462	283230.07278707812	383
1	3471	283916.186953336023	384
1	3478	284567.313602333911	385
1	3487	285272.331679891817	386
1	3496	285912.901827134214	387
1	3505	286547.927912743784	388
1	3514	287567.647586530097	389
1	3523	288227.726292377361	390
1	3532	288997.104569105455	391
1	3541	289441.030811984115	392
1	3554	290603.926564939344	393
1	3563	291321.710738958815	394
1	3568	291749.752288637707	395
1	3577	292273.216954059923	396
1	3586	293099.926911480749	397
1	3599	294195.97402629445	398
1	3606	294718.487256718824	399
1	3615	295489.165375521431	400
1	3626	296646.856881631563	401
1	3633	297240.345116984124	402
1	3644	298034.662594925637	403
1	3653	298773.809081129755	404
1	3660	299346.014961786593	405
1	3667	299676.573243364717	406
1	3678	300438.358218362581	407
1	3685	301098.960314830791	408
1	3698	302059.618903929394	409
1	3705	302383.764408342567	410
1	3714	302864.709202107069	411
1	3725	303678.757138783139	412
1	3732	304488.334293058169	413
1	3743	305374.121473263976	414
1	3750	305998.111845133853	415
1	3757	306430.56389847773	416
1	3766	307456.503421487314	417
1	3775	308104.574799165157	418
1	3784	308789.642793545525	419
1	3793	309367.657455336328	420
1	3802	310152.124810265404	421
1	3811	311104.221435729441	422
1	3820	311903.979490231749	423
1	3831	312780.670594330904	424
1	3838	313177.338666887981	425
1	3851	314514.819621713859	426
1	3860	315270.754641573903	427
1	3867	316070.629398571354	428
1	3874	316544.782221363884	429
1	3883	317546.883748238933	430
1	3892	318211.865909909857	431
1	3901	318837.331163976368	432
1	3912	319904.229465499548	433
1	3919	320735.734576871647	434
1	3928	321347.980867372853	435
1	3937	321838.182176649599	436
1	3948	322765.834399871557	437
1	3959	323626.907112216606	438
1	3968	324493.450428172975	439
1	3973	325204.869583435386	440
1	3984	326105.112605122878	441
1	3993	326962.636250909447	442
1	4002	327642.831663228602	443
1	4013	328676.719224918664	444
1	4022	329456.483072089062	445
1	4031	329943.973758537353	446
1	4036	330271.384466020421	447
1	4045	331066.275717224957	448
1	4058	332323.663025535674	449
1	4067	333158.275449508832	450
1	4074	333679.786309646473	451
1	4081	334354.344655713097	452
1	4092	335234.601257136122	453
1	4099	335656.928957160593	454
1	4108	336897.624411899628	455
1	4117	337249.065626598926	456
1	4126	337970.886943023683	457
1	4137	339078.953678626598	458
1	4144	339900.26733898561	459
1	4157	340714.864807482841	460
1	4162	341034.962434507939	461
1	4171	341621.700150333377	462
1	4180	342148.686833493444	463
1	4191	343096.175590809467	464
1	4198	343646.108945086631	465
1	4207	344338.620168669183	466
1	4220	345156.177827669341	467
1	4227	345659.03914002705	468
1	4234	346489.325985079664	469
1	4247	347361.718013975802	470
1	4256	348225.645045284215	471
1	4263	349074.288406083394	472
1	4270	349381.143402261693	473
1	4283	350329.455819306928	474
1	4290	351014.488173415917	475
1	4301	351870.694631477851	476
1	4308	352596.970124077085	477
1	4317	353167.428336432237	478
1	4324	354019.176871608976	479
1	4335	355001.964782411266	480
1	4344	355900.02739336345	481
1	4351	356422.681393940035	482
1	4362	357096.852327464182	483
1	4373	358218.836491461877	484
1	4382	359108.424861403216	485
1	4389	359773.946494655718	486
1	4396	360274.436161201482	487
1	4407	360980.276627512683	488
1	4416	361937.698449427296	489
1	4423	362689.25568396229	490
1	4434	363437.087421957438	491
1	4443	364117.973587894847	492
1	4454	364990.201432351058	493
1	4459	365353.03583387289	494
1	4470	366307.100137928536	495
1	4477	366967.33706281524	496
1	4490	367782.839292520693	497
1	4495	368181.305975653267	498
1	4504	368810.79697986137	499
1	4517	370006.626945734061	500
1	4526	370750.258264225013	501
1	4531	371051.133424323089	502
1	4540	372171.418883325569	503
1	4551	373120.133016072251	504
1	4560	373949.058135040142	505
1	4567	374438.874775869809	506
1	4580	375625.457333866544	507
1	4589	376456.545920949467	508
1	4594	376777.439962606915	509
1	4607	377845.37683362145	510
1	4616	378587.416108232029	511
1	4625	379365.121548296921	512
1	4634	380014.56564213153	513
1	4643	380890.934228478037	514
1	4652	381721.367718698494	515
1	4661	382424.366051238067	516
1	4670	383202.221419243179	517
1	4677	384064.824422495477	518
1	4684	384479.178080102466	519
1	4697	385652.573376288674	520
1	4702	385989.365936955474	521
1	4715	386979.838089365549	522
1	4720	387505.591667722948	523
1	4731	388248.99227195423	524
1	4738	388769.190651364661	525
1	4751	389665.379053540564	526
1	4760	390481.521783722601	527
1	4765	390796.794005250595	528
1	4776	391996.128222439475	529
1	4787	392665.981650352515	530
1	4794	393135.910843033381	531
1	4801	393474.068558681794	532
1	4810	394421.457402315028	533
1	4821	395435.522033181078	534
1	4830	396045.738714002109	535
1	4839	396917.622700799293	536
1	4846	397431.334791937879	537
1	4855	398473.783676885105	538
1	4864	399109.300513146482	539
1	4873	399919.419390661679	540
1	4884	400956.827058875971	541
1	4891	401460.911550466009	542
1	4900	402042.040932504498	543
1	4913	403319.545117998533	544
1	4922	403994.830184429921	545
1	4927	404656.345801614262	546
1	4938	405401.585315913	547
1	4947	405979.413793701717	548
1	4954	406769.792790245303	549
1	4963	407328.715488128402	550
1	4972	407806.889893580266	551
1	4985	408846.550600742961	552
1	4992	409534.198287595103	553
1	5003	410235.662241652648	554
1	5008	410585.933431517373	555
1	5017	411329.303894145455	556
1	5028	412238.742474932263	557
1	5037	413066.88228752468	558
1	5048	413799.81294684116	559
1	5055	414370.95932085071	560
1	5064	414906.747173331718	561
1	5073	415645.592787629033	562
1	5076	416008.613190287764	563
1	5093	417389.409375563303	564
1	5098	417830.698864627669	565
1	5109	418922.916516289154	566
1	5116	419441.634762799406	567
1	5127	420216.61072243009	568
1	5134	420582.349685719276	569
1	5145	421781.784267677034	570
1	5154	422420.446214173029	571
1	5161	423022.146053239743	572
1	5170	423593.761077756102	573
1	5179	424657.190762227441	574
1	5188	425277.42621791553	575
1	5197	426052.919621346559	576
1	5206	426488.560394151176	577
1	5217	427447.260560654144	578
1	5226	428102.859766921069	579
1	5233	428829.256096109788	580
1	5242	429610.604470130096	581
1	5255	430464.741682028438	582
1	5262	430986.273938929702	583
1	5269	431611.730649601708	584
1	5280	432605.587591370607	585
1	5289	433474.484610417897	586
1	5300	434042.908150004262	587
1	5305	434390.228762989903	588
1	5314	435189.805490523616	589
1	5325	436240.092045441308	590
1	5332	436690.996505040714	591
1	5343	437776.431620819532	592
1	5352	438643.171011842826	593
1	5359	439091.861484339499	594
1	5370	440147.859311755785	595
1	5377	440841.616880055555	596
1	5386	441314.849334117064	597
1	5397	442141.653732676098	598
1	5404	443026.704113138878	599
1	5415	443920.744778355622	600
1	5424	444605.802192818412	601
1	5431	445171.024883352259	602
1	5440	445995.427459850945	603
1	5453	447151.245374651664	604
1	5462	447761.173789808565	605
1	5471	448345.344081334808	606
1	5480	449156.969280727246	607
1	5489	449766.345623508134	608
1	5494	450236.660713842177	609
1	5507	451163.658427214288	610
1	5516	451996.188085852229	611
1	5521	452434.738027956375	612
1	5530	452844.699531002008	613
1	5539	453838.69522246536	614
1	5548	454557.742118742355	615
1	5557	455076.349835889452	616
1	5568	456343.128160620147	617
1	5579	457028.715007239991	618
1	5588	457853.712484147438	619
1	5595	458696.815966581964	620
1	5604	459375.759417330885	621
1	5613	460066.126347659194	622
1	5624	460900.42831362229	623
1	5629	461219.710822356904	624
1	5642	462353.572658356318	625
1	5649	462852.153233997563	626
1	5656	463487.434092583174	627
1	5669	464550.357293710152	628
1	5676	464920.297240326221	629
1	5683	465384.790262812789	630
1	5694	466350.288874749134	631
1	5705	467116.801572684239	632
1	5710	467696.361097460653	633
1	5721	468586.888739280443	634
1	5730	469136.897528870072	635
1	5737	469816.551949689206	636
1	5750	470926.171221630689	637
1	5759	471683.222950156819	638
1	5768	472522.274594614323	639
1	5775	473184.152471926104	640
1	5784	473975.303784571629	641
1	5795	474591.483216639649	642
1	5804	475390.991363301914	643
1	5813	476152.183184679638	644
1	5820	476597.409131191711	645
1	5831	477857.061588624532	646
1	5838	478435.555902449454	647
1	5849	479257.179235573898	648
1	5858	480088.482874631922	649
1	5867	480927.168959286104	650
1	5876	481720.106402691494	651
1	5881	482130.368244275491	652
1	5894	483128.496014233719	653
1	5899	483457.811626838561	654
1	5912	484687.021609861444	655
1	5917	485324.190573720302	656
1	5926	486017.322616232599	657
1	5937	487197.34018505555	658
1	5944	487594.479904370423	659
1	5955	488263.892035279464	660
1	5964	488931.126330792944	661
1	5973	489613.037329120602	662
1	5980	490017.805909551721	663
1	5989	490827.820103662129	664
1	6002	491774.541701283347	665
1	6009	492613.433726225089	666
1	6018	493279.296025447588	667
1	6025	494064.841309329535	668
1	6036	494545.186497084837	669
1	6043	494884.530376642983	670
1	6052	495794.579167244997	671
1	6061	496568.719109846321	672
1	6072	497396.278650825885	673
1	6079	497788.108016084921	674
1	6092	498961.662607686636	675
1	6101	499639.777267444921	676
1	6110	500527.70922998902	677
1	6115	501067.038757866291	678
1	6126	502133.212099224372	679
1	6133	502456.716427719264	680
1	6144	503651.054492918817	681
1	6155	504351.580029074145	682
1	6160	504882.107415050311	683
1	6169	505409.14029311393	684
1	6178	505789.116337755738	685
1	6191	506797.519494406922	686
1	6198	507443.406581925271	687
1	6205	507945.229347841857	688
1	6214	508617.787146801173	689
1	6225	509378.027421701742	690
1	6234	510196.020621852992	691
1	6245	511108.543566148771	692
1	6250	511640.805703774137	693
1	6259	512167.652775859503	694
1	6270	513457.367105456112	695
1	6279	513845.385946752546	696
1	6286	514492.988669173835	697
1	6297	515312.27568215695	698
1	6304	515685.53771199663	699
1	6317	517335.042900592133	700
1	6322	517873.193771112755	701
1	6335	518729.402959160551	702
1	6342	519119.199606031224	703
1	6353	519970.323374960616	704
1	6358	520470.978869916916	705
1	6367	520953.546368703291	706
1	6378	522101.52745158416	707
1	6385	522565.588778816208	708
1	6396	523339.173600822732	709
1	6403	523650.316612701908	710
1	6414	524534.782421216413	711
1	6423	525393.356752116277	712
1	6432	526096.923565724909	713
1	6439	526688.387530949012	714
1	6450	527405.200811941222	715
1	6461	528538.531746156558	716
1	6470	529193.719427939549	717
1	6479	530000.750013487458	718
1	6486	530608.420170284852	719
1	6495	531302.428610902325	720
1	6506	532199.798697698907	721
1	6511	532800.952820945577	722
1	6524	533675.685920845763	723
1	6531	534304.31151296948	724
1	6538	534808.710008813115	725
1	6551	535691.854157717945	726
1	6556	536127.609611861454	727
1	6565	536888.535164902033	728
1	6578	537548.362224502535	729
1	6585	538333.332178043248	730
1	6594	539058.995479764463	731
1	6601	539462.618116149725	732
1	6610	540080.823958525481	733
1	6621	540774.929918674799	734
1	6628	541247.170249605598	735
1	6637	542280.555608449551	736
1	6646	542644.031700538518	737
1	6657	543617.577409185516	738
1	6664	544192.779824975925	739
1	6675	545210.817581182393	740
1	6686	546176.274029072422	741
1	6693	546789.988244650933	742
1	6702	547572.156811785	743
1	6709	547933.076774468693	744
1	6718	548568.911471776713	745
1	6729	549582.274532876957	746
1	6736	550336.937584681485	747
1	6745	550752.84175747079	748
1	6754	551366.325191455011	749
1	6765	552560.742293810521	750
1	6772	553210.091938963209	751
1	6785	553988.499879045461	752
1	6792	554462.056771852125	753
1	6799	555204.426836874385	754
1	6810	556157.513879053344	755
1	6817	556617.182054277559	756
1	6830	557927.2076056805	757
1	6837	558414.018683787485	758
1	6844	558854.691645456528	759
1	6855	560243.871960276787	760
1	6862	560926.295863324826	761
1	6875	561828.558965306779	762
1	6882	562405.554335564425	763
1	6893	563229.412393178841	764
1	6902	564066.656306153214	765
1	6911	564726.50270825257	766
1	6916	565031.320921098864	767
1	6927	565781.279304390823	768
1	6938	566872.528487769937	769
1	6947	567750.332322763329	770
1	6952	568407.498800894295	771
1	6961	568802.422544220512	772
1	6974	569473.724439321136	773
1	6983	570284.000113187408	774
1	6990	570845.966117782569	775
1	6997	571397.845509415543	776
1	7010	572645.307944761639	777
1	7019	573496.758929640105	778
1	7026	574023.256777692637	779
1	7037	575028.297434561005	780
1	7046	575715.220374008691	781
1	7051	576054.375681001743	782
1	7060	576888.059133058464	783
1	7073	577722.93012086307	784
1	7080	578124.330616369893	785
1	7087	579000.561751518448	786
1	7096	579810.087340883961	787
1	7107	580582.355848839556	788
1	7116	581262.750911805828	789
1	7125	581925.802394840916	790
1	7134	582788.786083599603	791
1	7143	583359.809199208444	792
1	7152	583694.901154562881	793
1	7159	584372.862622747248	794
1	7172	585298.440093733421	795
1	7179	585740.524047240666	796
1	7186	586337.948804581589	797
1	7197	587366.28774390561	798
1	7204	587982.457157643563	799
1	7213	588597.888300335086	800
1	7222	589045.964690018497	801
1	7235	590616.252863640016	802
1	7242	591244.427499454519	803
1	7251	592142.992975981957	804
1	7262	593173.860167898289	805
1	7269	593867.57608735939	806
1	7280	594743.391199037484	807
1	7289	595584.28646461112	808
1	7294	596096.319415513478	809
1	7307	597193.546001985721	810
1	7312	597586.496305838279	811
1	7321	598380.456947581895	812
1	7334	599301.535679725982	813
1	7343	600106.121319159917	814
1	7350	600960.013476200453	815
1	7357	601722.647518850915	816
1	7366	602162.056237785197	817
1	7375	602595.737508963845	818
1	7386	603965.880951890774	819
1	7397	604787.306653009779	820

