version 2
run Pipelined_3Teachers-46-20190105-10:57:28-21064
attr configname Pipelined_3Teachers
attr datetime 20190105-10:57:28
attr experiment Pipelined_3Teachers
attr inifile ../simulations/omnetpp.ini
attr iterationvars "$0=\"uniform\""
attr iterationvarsf uniform-
attr measurement "$0=\"uniform\""
attr network PipelinedExamSession
attr processid 21064
attr repetition 46
attr replication #46
attr resultdir results
attr runnumber 46
attr seedset 46
param **.teachersNumber 3
param **.answerTimeDistribution "\"uniform\""
param **.minUniform 300
param **.maxUniform 900
param **.scaleLognormal 6.2854
param **.shapeLognormal 0.4724

vector 0 PipelinedExamSession examinationTime:vector ETV
attr source examFinished
vector 1 PipelinedExamSession studentID:vector ETV
attr source student
0	3230	260017.279975628503	1843.1214401498
0	3235	260435.351061634742	1707.7147331089
0	3248	261368.903476931177	1944.3654879928
0	3257	262091.365705663361	2074.0857300349
0	3262	262671.012242278107	2119.7178695351
0	3271	263236.76621555353	1867.8627386224
0	3282	264478.370572021254	2387.0048663579
0	3291	264912.954516336345	1984.0803258587
0	3298	265474.428863776871	1737.4822238926
0	3307	266298.513719067	1713.6175583582
0	3316	267221.052355505549	1882.2752539068
0	3329	268605.371631961339	2452.1638787817
0	3338	269367.497885646322	2471.7054069042
0	3345	270007.279805280292	2260.6478399131
0	3356	270730.166743788891	2124.7951118276
0	3363	271409.890308184572	2042.3924225383
0	3372	272396.739358082437	2185.8843013644
0	3379	272815.436067665019	2085.2693238761
0	3388	273856.981102656597	2265.2368909679
0	3401	274994.956451514759	2561.328600347
0	3410	275842.616584477969	2517.801367538
0	3419	276736.311644408875	2530.2939096931
0	3424	277041.579583380395	2046.6231318656
0	3433	277911.416650051274	2068.8000655733
0	3442	278749.957657232904	2013.646012824
0	3453	279779.395567299821	2180.131408805
0	3464	280587.085687788226	2205.4167461582
0	3469	280915.436546970181	1667.2523380257
0	3482	281847.607625182741	1844.9020483531
0	3489	282406.493951892503	1819.4082641043
0	3500	283217.25069084207	1741.3254286163
0	3509	284116.548159532272	2268.9405343495
0	3516	284771.08683055269	2295.581725426
0	3523	285196.854958450444	1979.6042676084
0	3532	286018.881466565678	1902.3333070334
0	3545	287160.104471677938	2346.4412744623
0	3552	287937.350785732293	2350.6719517987
0	3559	288341.965904971608	2020.5395793077
0	3568	289214.526110049361	2054.4216383714
0	3581	290121.584537671902	2077.7739782352
0	3588	290813.747704401635	2213.7841723859
0	3597	291401.956908730813	2020.6485272851
0	3606	292363.820355059602	2242.2358173877
0	3617	293185.65317122268	2316.8073680252
0	3624	294000.836004037433	2341.0790512338
0	3631	294828.076620027446	2416.2883653771
0	3640	295481.538053043209	2295.8848818205
0	3651	296434.088311577238	2352.6939428877
0	3658	296867.919953679689	1957.5217455626
0	3667	297604.534120531776	1845.0698857661
0	3680	298843.87912214736	2397.6999443024
0	3687	299555.876504117646	2320.5478706863
0	3696	300167.676572967344	2162.975316681
0	3705	300955.475239874819	2111.5961177275
0	3712	301791.372719546804	2203.8107089698
0	3723	302245.553651964316	1983.000305621
0	3730	302744.332674751082	1658.7689917535
0	3739	303566.762800281891	1649.2947704159
0	3748	303964.182803174504	1378.7716076709
0	3761	305537.705713044876	2436.6776404437
0	3770	306074.949402362132	2271.6847980861
0	3779	306874.624047009298	2203.7193340715
0	3784	307188.496017409512	1650.7903043646
0	3793	308323.892413778254	2248.9430114161
0	3802	308902.288481360326	2027.664434351
0	3811	309634.331796225185	1944.989488693
0	3822	310541.019388614247	2020.3911521472
0	3831	311151.219925330976	1947.6921197958
0	3840	311514.232371887217	1478.1485963613
0	3847	311820.285721868301	1105.473960517
0	3856	313133.988713286843	1956.1024254654
0	3865	313749.599145865094	1937.497642776
0	3876	314662.851986009654	2055.0749046262
0	3883	315266.955890273702	1776.1242232751
0	3896	316196.543422294807	1949.9166686554
0	3903	316769.138553785187	1842.7704652771
0	3910	317303.74269657771	1701.1160685215
0	3923	318248.938202625167	2052.3947803304
0	3930	319067.116153892156	2141.1366865039
0	3937	319780.665276199606	2111.551877344
0	3946	320498.807992693063	2249.8697900679
0	3959	321594.439643528339	2447.2844751086
0	3964	321908.768147835535	1880.7916010264
0	3973	322654.798931814756	1895.5318906344
0	3982	323388.833844848004	1794.3942013197
0	3993	324666.660395963144	2287.2142141219
0	4000	325115.611794171881	1845.7528215833
0	4009	325597.857548855272	1598.4656124841
0	4020	326732.96020631681	1917.4029213376
0	4029	327557.415129896279	2076.1628129985
0	4036	328389.194512227576	2112.1009839233
0	4045	328832.440871279713	1875.3147290088
0	4058	330141.170236095812	2445.0776204467
0	4063	330612.141734501373	2172.3734223749
0	4076	331640.088314283666	2346.0243689362
0	4085	332426.77397956143	2285.6037434656
0	4092	333249.558727908906	2261.9192722254
0	4099	333667.700877366614	2027.6125630829
0	4108	334436.143918102634	2009.3699385412
0	4121	335447.379347775159	2125.0822509639
0	4128	336163.894564099637	2147.2431090195
0	4135	336506.524024950368	1783.1607245374
0	4144	337552.405352052329	2105.0260042772
0	4157	338347.364193107961	2171.7639700044
0	4164	338961.992445308743	1940.1443622541
0	4175	339565.106212953133	1805.4809813853
0	4184	340436.585800442872	2089.2216073349
0	4189	341130.049408692894	1979.6546360012
0	4202	342048.700240300995	2483.5940273479
0	4207	342838.488833047476	2401.9030326046
0	4216	343302.068881876794	2044.0821992699
0	4225	344272.777429176522	2224.0771888755
0	4234	344738.135649729547	1830.0692152698
0	4243	345592.640218790647	1821.0706430487
0	4254	346437.419671565322	1986.8833840359
0	4265	347390.141198085649	2404.3041336816
0	4270	347884.075032407446	2044.7497453541
0	4281	348731.756174331559	2115.236860374
0	4288	349164.240495488076	1774.0992974024
0	4297	350281.232363870397	2194.0614065621
0	4308	351103.409694973408	2124.6465513948
0	4317	351576.452009892121	1733.9209731203
0	4328	352604.839218501031	1900.4609820899
0	4333	353038.495953474223	1924.8558780178
0	4344	353851.165453903406	2078.7828650326
0	4355	355031.389797572075	2426.550579071
0	4364	355866.970458487077	2441.2529179361
0	4369	356169.166427711053	1914.6277571563
0	4380	356963.27074128206	1931.88094371
0	4391	358196.19492245841	2329.2244639713
0	4400	359080.72605729106	2532.9630432185
0	4407	359640.333403134748	2296.229148237
0	4418	360516.647698776826	2320.4527763184
0	4427	361361.775968922332	2281.0499116313
0	4434	362148.999102925912	2179.471913958
0	4443	362726.266256673291	2209.6185578965
0	4450	363439.582235785232	2077.8062668629
0	4459	364313.368779514015	2116.0452635027
0	4472	365492.32688988562	2428.6525180098
0	4481	366274.117801431597	2361.4915184677
0	4488	367048.495624959499	2339.3404969946
0	4495	367537.500273808868	2045.1733839232
0	4504	368353.221156634422	2079.1033552028
0	4515	369107.573031261594	1993.8281477429
0	4522	369700.451278220893	1774.2329453118
0	4531	370466.249579843165	1774.5275963098
0	4544	371668.674114765631	2406.4196922351
0	4551	372206.868471577795	2079.8319221009
0	4562	372939.650804316656	2112.7268247306
0	4569	373424.775369605081	1756.1012548394
0	4576	374135.335935512589	1845.3017127234
0	4585	374626.00719840269	1686.356394086
0	4596	376151.048538973586	2498.3481876086
0	4603	376529.849815322117	2000.5228236783
0	4612	377314.978269953312	1959.0203221422
0	4625	378168.863733345674	1992.2518439591
0	4634	378862.498606788026	2027.4066374637
0	4643	379464.449751237439	2043.7772184145
0	4648	379920.413804473387	1751.5500711277
0	4659	381097.552991984444	2235.0543851964
0	4666	381602.023246698113	2137.5734954607
0	4679	382579.23986236568	2216.5004272945
0	4688	383332.477875519576	2111.6368198302
0	4693	383640.838243905487	1623.7193905748
0	4702	384148.510797321829	1569.2709349561
0	4713	385372.587335994499	2040.1094604749
0	4722	386058.329009357873	2022.0799980685
0	4729	386746.856096154112	1981.5037573222
0	4742	387809.774029115248	2430.2628197707
0	4747	388411.029317183453	2319.1292877775
0	4756	389007.309846393797	2022.3374103662
0	4767	389943.659144919399	2133.8851158042
0	4776	390486.008081724901	1780.6505403947
0	4787	391491.82929801758	2175.8892591577
0	4796	392351.64586650211	2338.091261778
0	4803	392901.190399657969	2160.5400425848
0	4810	393706.299685779993	2214.4703877624
0	4819	394269.17051947679	1917.5246529747
0	4830	395356.221280479838	2151.063618483
0	4839	396137.980771483888	2265.6504581217
0	4848	396679.025254212355	1961.2570753321
0	4857	397422.601942950895	1860.3747366462
0	4866	397909.658091003111	1744.3947382271
0	4873	399002.917091455346	2132.7961036004
0	4882	399577.980509027874	2133.57153791
0	4895	400396.284347120708	2196.5152742341
0	4900	400759.743835916778	1711.3817865495
0	4913	401811.208592634684	2168.6525935773
0	4920	402257.694731187111	1861.4103840664
0	4927	402601.861221715844	1588.5585859884
0	4938	404069.158069230652	2257.949476596
0	4945	404748.914234340227	2190.6847128645
0	4956	405632.596648111976	2300.1739571337
0	4967	406420.632652659006	2304.3126823381
0	4972	406863.125034095756	1859.2948556878
0	4983	407993.306164769492	2204.2457709555
0	4994	408774.368509277738	2353.7358566187
0	4999	409115.268854331262	1878.7400947418
0	5008	409873.083432158492	1858.4840577096
0	5017	410622.965952241831	1848.5974429641
0	5028	411658.513878844716	2223.6349062994
0	5037	412411.794255673923	2193.1639381684
0	5044	413012.099810130932	1925.0107972417
0	5057	413961.690010456406	1992.5772716291
0	5066	414435.842727357559	1732.5404162519
0	5073	414903.376849181987	1361.068038689
0	5080	415343.275791965462	1381.5857815091
0	5089	415928.535529039838	1492.6928016823
0	5100	416750.055160978846	1769.6846667677
0	5109	417215.746449725739	1789.9420602713
0	5118	417780.734224850349	1491.2728449795
0	5129	418765.544704394452	1975.0524076167
0	5138	419657.348714768924	2426.7147419974
0	5145	420036.27616879534	2090.1838197839
0	5154	420995.025638071858	2229.4809336774
0	5165	421694.081363361367	2036.7326485924
0	5174	422409.368300344833	2019.6300930809
0	5181	423065.179238095918	1921.7567623593
0	5188	423742.050583334678	2047.9692199733
0	5199	424645.155537268186	2235.7872369234
0	5206	425149.213827028909	1972.3636809736
0	5215	426379.904603445941	2348.714145273
0	5228	427260.953629994804	2426.5914916992
0	5235	427868.019782519007	2171.2033085525
0	5242	428582.195442868436	2113.1247472018
0	5251	429251.637231465469	1990.6836014707
0	5264	430298.689591744955	2274.4700764306
0	5269	430810.299024218734	1975.885756826
0	5280	431989.731364091899	2268.0080852006
0	5287	432440.920643415343	2142.2310516704
0	5296	433199.584807455581	2007.9995198641
0	5307	434389.931640448089	2389.9479889311
0	5316	435188.462615199428	2307.4027125724
0	5327	436137.892812117975	2469.6324581746
0	5336	436815.325026679825	2395.4324925318
0	5345	437629.579135123681	2315.8014886547
0	5354	438506.48786276583	2368.5950506479
0	5361	439235.958882747259	2420.6338560674
0	5370	440049.134151963558	2419.5550168399
0	5379	440922.392008267384	2415.9041455016
0	5388	441561.996016558301	2177.480255859
0	5399	442622.950976388571	2409.3106895685
0	5406	443219.983375025955	2267.9071799386
0	5413	443907.562050316525	2177.5085830595
0	5424	444762.818028358785	2139.8670519702
0	5431	445316.97245067921	1804.0619194508
0	5440	446132.597453892273	1916.3214905653
0	5449	446564.960321411532	1732.5898145791
0	5458	447710.046223271679	2321.5858410113
0	5469	448528.338194266004	2280.4338606074
0	5478	449273.455561324996	2298.5542422161
0	5489	450119.817452458707	2258.3083067089
0	5498	450942.36069233161	2222.3259489052
0	5507	451801.97554053743	2505.4803298786
0	5512	452364.399300422562	2244.5818479639
0	5525	453277.360982867001	2335.0002905354
0	5534	454020.258920872627	2218.2833803352
0	5543	454645.025838073386	2074.3735796772
0	5550	455409.272504551379	2131.9115216844
0	5559	456291.913367668209	2271.6544467956
0	5568	457144.136688625483	2499.1108505521
0	5575	457445.271220989568	1969.2176530603
0	5586	458773.353280685885	2465.2409828268
0	5597	459759.001134289472	2614.2301170621
0	5602	460209.101825114383	2217.5961490721
0	5613	461224.180823564573	2356.7754181568
0	5622	461987.436451250731	2228.4353169613
0	5631	462928.489464568018	2321.8755953014
0	5638	463575.741505343511	2087.5704928301
0	5647	464227.654032921463	2065.0589890312
0	5656	464741.728514246687	1776.0307199322
0	5665	465358.26157657434	1518.5428553727
0	5674	466157.50479069543	1730.9153331444
0	5687	467306.603427417622	2346.3832613546
0	5696	468111.592241702647	2287.6453718171
0	5703	468674.863035930366	2135.7100739144
0	5714	469639.536528708459	2332.9331012908
0	5719	469943.226119130896	1831.6338774282
0	5730	471019.806037796707	2091.8786484282
0	5739	471778.595877718227	2139.0593490098
0	5746	472528.331394866155	2185.4078941047
0	5755	473108.032780839177	1948.0801692232
0	5764	473820.462438510777	1823.3587129042
0	5773	474942.640842637094	2301.2051800266
0	5782	475477.460545068653	1996.472436469
0	5791	476135.610781749756	1764.7190404125
0	5800	477160.200964473234	2032.7203324065
0	5813	478096.142526157246	2431.3747541048
0	5820	478812.200198276014	2248.9912415855
0	5831	479687.69714729865	2332.6769313309
0	5836	480124.382020393432	2028.2394942362
0	5845	480782.465864019514	1934.704960417
0	5854	481857.374573405879	2169.6774261072
0	5867	482884.590705810161	2351.0830052197
0	5872	483326.808224106254	1955.1782925613
0	5881	484040.031640743883	1772.0858959481
0	5886	484531.171522289561	1646.5808164794
0	5901	485788.654281757818	2072.1510807518
0	5908	486207.355748210148	1611.8089784402
0	5921	487255.539159011141	2074.0861178376
0	5928	487719.562884466768	1698.5338505823
0	5937	488292.568812472791	1771.9862678088
0	5944	488880.132197169632	1624.5930381585
0	5953	489433.43311361973	1650.9357382078
0	5964	490145.85221135062	1707.0638161618
0	5975	490821.03822464128	1773.9184744656
0	5984	491565.07307826546	2003.2808933873
0	5991	491963.027513818862	1678.1267465092
0	5998	492648.726878128993	1827.6886534877
0	6009	493535.226394096436	1970.153315831
0	6018	494215.48917428595	2038.9697886072
0	6027	495051.280993502633	2159.8286024295
0	6034	495478.879276989074	1761.787554156
0	6047	496478.992472682194	2232.9779382795
0	6052	497203.663467150227	2085.8899549115
0	6061	497743.061300693126	1927.2215771489
0	6070	498307.177466852637	1828.1849941704
0	6081	499218.781245360197	1885.0451059174
0	6088	500107.863479387061	2240.9429779742
0	6097	500615.672675566793	1907.7159089036
0	6110	501711.848261207388	2117.8981334902
0	6115	502042.67590725799	1667.8394192364
0	6128	503124.588734144391	2076.2430572882
0	6133	503517.179882107349	1805.3316209
0	6142	503955.945100961299	1426.7873670906
0	6155	504818.456612946511	1693.8678788021
0	6164	505687.74911826481	1910.9948434867
0	6171	506287.022311426745	1830.0517716911
0	6180	507081.683780858338	2263.2271679118
0	6191	508003.979149181441	2316.2300309166
0	6198	508686.699494440154	2357.3542022612
0	6205	509107.46994442311	1956.3899862114
0	6216	510438.664252823264	2434.6851036418
0	6225	511326.579040009574	2559.3212485313
0	6236	512221.727223834069	2638.0418767221
0	6245	512833.075176877947	2354.4902487192
0	6250	513488.642488187225	2132.1068502031
0	6261	513981.205614097463	1759.4783902634
0	6268	514665.637775184633	1832.5625983067
0	6277	515258.839173847855	1613.8546753675
0	6286	516268.418838596019	1970.8304239903
0	6295	517112.105503678368	2055.2647654898
0	6306	517722.531576594384	1966.2076064385
0	6317	518613.997744163545	2067.1314838808
0	6324	519221.334341587546	1908.267326653
0	6335	520172.149161296012	2148.0120449793
0	6340	520816.763318656059	2202.7655744925
0	6351	521453.707326902123	2004.3214988429
0	6358	521797.933711716952	1625.7845504209
0	6367	522887.88873525341	1946.7008238193
0	6378	523709.238238446461	2149.6265562717
0	6385	524239.51921574776	1873.997340817
0	6394	524817.983028525533	1607.2694180533
0	6403	525628.812325838999	1783.8251592591
0	6412	526488.448062166618	1749.562474899
0	6421	527309.356921725022	1806.6904046573
0	6430	528335.9476868995	2129.8926338553
0	6439	528846.105553116695	1871.2857677601
0	6450	529910.575338592799	2081.7231159657
0	6457	530393.091834057169	1747.2771672998
0	6466	531176.433004997717	1693.8642539084
0	6475	531787.377404188784	1629.4069480151
0	6488	532947.828607494057	2214.8441225756
0	6493	533517.476132651837	2015.3863085434
0	6506	534662.434478290425	2590.6901953742
0	6515	535553.876834828453	2606.0482273344
0	6522	536305.808818247216	2459.2735416256
0	6531	536972.633465705486	2310.1989874151
0	6540	537715.94976475467	2162.0729299262
0	6551	538741.046544536995	2417.9454814643
0	6560	539513.339138170751	2400.4129139241
0	6565	539998.545083776163	2038.24286093
0	6576	540583.572182385298	1842.5256378483
0	6583	541376.361222239258	1863.0220840685
0	6594	542242.97884139237	2096.0294403601
0	6603	543043.790582148405	2432.1085627656
0	6612	543887.710576923611	2390.7432057895
0	6623	544843.783005885826	2477.7837849688
0	6632	545742.289252951787	2551.4765302185
0	6639	546394.579226011456	2417.0359903481
0	6646	547153.261331236036	2309.4783253502
0	6655	547728.172341920482	1985.8830889687
0	6664	548296.630535088526	1704.2632844299
0	6673	549312.32014149432	1832.0284185
0	6686	550219.670411199378	2100.1945837867
0	6693	551038.537221634807	2290.6024523545
0	6704	551840.36104213451	2221.907289885
0	6713	552594.688675180124	2375.0182639807
0	6720	553415.898545226129	2347.964528203
0	6729	553950.88761602533	2110.5265738908
0	6738	554697.7319459897	2103.0432708096
0	6745	555361.682067532139	1944.5440887474
0	6754	555927.367252763407	1737.7872465178
0	6763	556688.354941271292	1724.8347731307
0	6772	557213.806094415533	1749.9832436442
0	6783	558300.272339070263	1948.8572414964
0	6794	559391.654737293768	2539.6837388165
0	6799	559767.41773439576	2039.3665517215
0	6808	560318.904207972858	1795.3868798912
0	6819	561321.086686430547	1929.4319491368
0	6826	561785.076418099973	1510.1597751025
0	6831	562135.544536309365	1357.1099802386
0	6848	563843.218141794253	2360.5772261973
0	6857	564618.563257064719	2452.7791013941
0	6862	565047.326317755554	1997.0781109761
0	6875	566107.461826130797	2264.2436843365
0	6882	566760.325378971224	2141.7621219065
0	6891	567445.241072354888	2043.5170486104
0	6902	568018.721692683225	1911.2598665524
0	6909	568434.590843785604	1626.2370650657
0	6920	569547.571558551912	2072.3906442057
0	6925	570177.286599017729	2158.5649063345
0	6934	570684.073461592246	2007.1441543289
0	6947	571717.020196281423	2169.4486377295
0	6952	572295.005754707431	1942.1036716551
0	6965	573132.091948203792	2069.5187578909
0	6972	573663.51510384125	1946.4949075598
0	6979	574092.298618052204	1744.445034815
0	6988	574960.200274083813	1828.10832588
0	6999	575735.65239943569	2036.372819636
0	7010	576554.496596055156	2254.1913674679
0	7017	577294.048364879614	2177.4841847364
0	7026	578187.009239103696	2285.4544250295
0	7033	578548.661827342636	1994.1652312875
0	7042	579118.910290813124	1702.6444328483
0	7051	579938.521246193027	1644.8627808597
0	7062	581144.428308075345	2074.8722499702
0	7069	581735.392779065347	2061.5090886131
0	7080	582375.821556290663	1928.7108707707
0	7087	582978.744907351262	1818.4606687166
0	7098	583868.790105823479	2069.9569679797
0	7105	584505.421972135134	1930.5337860715
0	7116	585332.543668057822	2057.669120701
0	7123	585862.312919832819	1944.8480749503
0	7136	586932.974340906418	2169.1711310763
0	7141	587460.113693168438	1957.4736884795
0	7150	587868.608077056757	1706.5212689806
0	7161	588859.717236086777	1926.7428951804
0	7168	589362.184782978198	1785.3219569195
0	7177	590311.82186943484	2015.8115074039
0	7186	590798.838686663708	1654.4030089863
0	7195	591487.457455135933	1656.2355775852
0	7204	592289.295740565336	1646.6127561405
0	7217	593047.570310952193	1864.2173170578
0	7222	593420.330041833273	1583.4233087953
0	7233	594257.542401412554	1674.8471204191
0	7242	594837.986810691707	1790.4164997395
0	7249	595289.370899274997	1386.7102242541
0	7254	595721.321299625613	1454.4629980344
0	7271	596955.482220277242	2002.9277706519
0	7276	597265.432278486021	1525.9902941063
0	7285	597835.791626572661	1526.7049937043
0	7294	598904.002274572902	1948.5200542957
0	7305	599388.845303049363	1638.6501758359
0	7312	599898.01909751264	1297.0253609587
0	7325	600817.216885881551	1833.9580002241
0	7332	601272.393464902468	1746.8271519989
0	7341	602159.052882576413	1814.8109669331
0	7350	602859.831161890232	2042.6142760087
0	7357	603185.9449953307	1686.7399217561
0	7370	604320.126796374151	2111.8626656011
0	7375	604701.07121234765	1635.225763265
1	3230	260017.279975628503	357
1	3235	260435.351061634742	358
1	3248	261368.903476931177	359
1	3257	262091.365705663361	360
1	3262	262671.012242278107	361
1	3271	263236.76621555353	362
1	3282	264478.370572021254	363
1	3291	264912.954516336345	364
1	3298	265474.428863776871	365
1	3307	266298.513719067	366
1	3316	267221.052355505549	367
1	3329	268605.371631961339	368
1	3338	269367.497885646322	369
1	3345	270007.279805280292	370
1	3356	270730.166743788891	371
1	3363	271409.890308184572	372
1	3372	272396.739358082437	373
1	3379	272815.436067665019	374
1	3388	273856.981102656597	375
1	3401	274994.956451514759	376
1	3410	275842.616584477969	377
1	3419	276736.311644408875	378
1	3424	277041.579583380395	379
1	3433	277911.416650051274	380
1	3442	278749.957657232904	381
1	3453	279779.395567299821	382
1	3464	280587.085687788226	383
1	3469	280915.436546970181	384
1	3482	281847.607625182741	385
1	3489	282406.493951892503	386
1	3500	283217.25069084207	387
1	3509	284116.548159532272	388
1	3516	284771.08683055269	389
1	3523	285196.854958450444	390
1	3532	286018.881466565678	391
1	3545	287160.104471677938	392
1	3552	287937.350785732293	393
1	3559	288341.965904971608	394
1	3568	289214.526110049361	395
1	3581	290121.584537671902	396
1	3588	290813.747704401635	397
1	3597	291401.956908730813	398
1	3606	292363.820355059602	399
1	3617	293185.65317122268	400
1	3624	294000.836004037433	401
1	3631	294828.076620027446	402
1	3640	295481.538053043209	403
1	3651	296434.088311577238	404
1	3658	296867.919953679689	405
1	3667	297604.534120531776	406
1	3680	298843.87912214736	407
1	3687	299555.876504117646	408
1	3696	300167.676572967344	409
1	3705	300955.475239874819	410
1	3712	301791.372719546804	411
1	3723	302245.553651964316	412
1	3730	302744.332674751082	413
1	3739	303566.762800281891	414
1	3748	303964.182803174504	415
1	3761	305537.705713044876	416
1	3770	306074.949402362132	417
1	3779	306874.624047009298	418
1	3784	307188.496017409512	419
1	3793	308323.892413778254	420
1	3802	308902.288481360326	421
1	3811	309634.331796225185	422
1	3822	310541.019388614247	423
1	3831	311151.219925330976	424
1	3840	311514.232371887217	425
1	3847	311820.285721868301	426
1	3856	313133.988713286843	427
1	3865	313749.599145865094	428
1	3876	314662.851986009654	429
1	3883	315266.955890273702	430
1	3896	316196.543422294807	431
1	3903	316769.138553785187	432
1	3910	317303.74269657771	433
1	3923	318248.938202625167	434
1	3930	319067.116153892156	435
1	3937	319780.665276199606	436
1	3946	320498.807992693063	437
1	3959	321594.439643528339	438
1	3964	321908.768147835535	439
1	3973	322654.798931814756	440
1	3982	323388.833844848004	441
1	3993	324666.660395963144	442
1	4000	325115.611794171881	443
1	4009	325597.857548855272	444
1	4020	326732.96020631681	445
1	4029	327557.415129896279	446
1	4036	328389.194512227576	447
1	4045	328832.440871279713	448
1	4058	330141.170236095812	449
1	4063	330612.141734501373	450
1	4076	331640.088314283666	451
1	4085	332426.77397956143	452
1	4092	333249.558727908906	453
1	4099	333667.700877366614	454
1	4108	334436.143918102634	455
1	4121	335447.379347775159	456
1	4128	336163.894564099637	457
1	4135	336506.524024950368	458
1	4144	337552.405352052329	459
1	4157	338347.364193107961	460
1	4164	338961.992445308743	461
1	4175	339565.106212953133	462
1	4184	340436.585800442872	463
1	4189	341130.049408692894	464
1	4202	342048.700240300995	465
1	4207	342838.488833047476	466
1	4216	343302.068881876794	467
1	4225	344272.777429176522	468
1	4234	344738.135649729547	469
1	4243	345592.640218790647	470
1	4254	346437.419671565322	471
1	4265	347390.141198085649	472
1	4270	347884.075032407446	473
1	4281	348731.756174331559	474
1	4288	349164.240495488076	475
1	4297	350281.232363870397	476
1	4308	351103.409694973408	477
1	4317	351576.452009892121	478
1	4328	352604.839218501031	479
1	4333	353038.495953474223	480
1	4344	353851.165453903406	481
1	4355	355031.389797572075	482
1	4364	355866.970458487077	483
1	4369	356169.166427711053	484
1	4380	356963.27074128206	485
1	4391	358196.19492245841	486
1	4400	359080.72605729106	487
1	4407	359640.333403134748	488
1	4418	360516.647698776826	489
1	4427	361361.775968922332	490
1	4434	362148.999102925912	491
1	4443	362726.266256673291	492
1	4450	363439.582235785232	493
1	4459	364313.368779514015	494
1	4472	365492.32688988562	495
1	4481	366274.117801431597	496
1	4488	367048.495624959499	497
1	4495	367537.500273808868	498
1	4504	368353.221156634422	499
1	4515	369107.573031261594	500
1	4522	369700.451278220893	501
1	4531	370466.249579843165	502
1	4544	371668.674114765631	503
1	4551	372206.868471577795	504
1	4562	372939.650804316656	505
1	4569	373424.775369605081	506
1	4576	374135.335935512589	507
1	4585	374626.00719840269	508
1	4596	376151.048538973586	509
1	4603	376529.849815322117	510
1	4612	377314.978269953312	511
1	4625	378168.863733345674	512
1	4634	378862.498606788026	513
1	4643	379464.449751237439	514
1	4648	379920.413804473387	515
1	4659	381097.552991984444	516
1	4666	381602.023246698113	517
1	4679	382579.23986236568	518
1	4688	383332.477875519576	519
1	4693	383640.838243905487	520
1	4702	384148.510797321829	521
1	4713	385372.587335994499	522
1	4722	386058.329009357873	523
1	4729	386746.856096154112	524
1	4742	387809.774029115248	525
1	4747	388411.029317183453	526
1	4756	389007.309846393797	527
1	4767	389943.659144919399	528
1	4776	390486.008081724901	529
1	4787	391491.82929801758	530
1	4796	392351.64586650211	531
1	4803	392901.190399657969	532
1	4810	393706.299685779993	533
1	4819	394269.17051947679	534
1	4830	395356.221280479838	535
1	4839	396137.980771483888	536
1	4848	396679.025254212355	537
1	4857	397422.601942950895	538
1	4866	397909.658091003111	539
1	4873	399002.917091455346	540
1	4882	399577.980509027874	541
1	4895	400396.284347120708	542
1	4900	400759.743835916778	543
1	4913	401811.208592634684	544
1	4920	402257.694731187111	545
1	4927	402601.861221715844	546
1	4938	404069.158069230652	547
1	4945	404748.914234340227	548
1	4956	405632.596648111976	549
1	4967	406420.632652659006	550
1	4972	406863.125034095756	551
1	4983	407993.306164769492	552
1	4994	408774.368509277738	553
1	4999	409115.268854331262	554
1	5008	409873.083432158492	555
1	5017	410622.965952241831	556
1	5028	411658.513878844716	557
1	5037	412411.794255673923	558
1	5044	413012.099810130932	559
1	5057	413961.690010456406	560
1	5066	414435.842727357559	561
1	5073	414903.376849181987	562
1	5080	415343.275791965462	563
1	5089	415928.535529039838	564
1	5100	416750.055160978846	565
1	5109	417215.746449725739	566
1	5118	417780.734224850349	567
1	5129	418765.544704394452	568
1	5138	419657.348714768924	569
1	5145	420036.27616879534	570
1	5154	420995.025638071858	571
1	5165	421694.081363361367	572
1	5174	422409.368300344833	573
1	5181	423065.179238095918	574
1	5188	423742.050583334678	575
1	5199	424645.155537268186	576
1	5206	425149.213827028909	577
1	5215	426379.904603445941	578
1	5228	427260.953629994804	579
1	5235	427868.019782519007	580
1	5242	428582.195442868436	581
1	5251	429251.637231465469	582
1	5264	430298.689591744955	583
1	5269	430810.299024218734	584
1	5280	431989.731364091899	585
1	5287	432440.920643415343	586
1	5296	433199.584807455581	587
1	5307	434389.931640448089	588
1	5316	435188.462615199428	589
1	5327	436137.892812117975	590
1	5336	436815.325026679825	591
1	5345	437629.579135123681	592
1	5354	438506.48786276583	593
1	5361	439235.958882747259	594
1	5370	440049.134151963558	595
1	5379	440922.392008267384	596
1	5388	441561.996016558301	597
1	5399	442622.950976388571	598
1	5406	443219.983375025955	599
1	5413	443907.562050316525	600
1	5424	444762.818028358785	601
1	5431	445316.97245067921	602
1	5440	446132.597453892273	603
1	5449	446564.960321411532	604
1	5458	447710.046223271679	605
1	5469	448528.338194266004	606
1	5478	449273.455561324996	607
1	5489	450119.817452458707	608
1	5498	450942.36069233161	609
1	5507	451801.97554053743	610
1	5512	452364.399300422562	611
1	5525	453277.360982867001	612
1	5534	454020.258920872627	613
1	5543	454645.025838073386	614
1	5550	455409.272504551379	615
1	5559	456291.913367668209	616
1	5568	457144.136688625483	617
1	5575	457445.271220989568	618
1	5586	458773.353280685885	619
1	5597	459759.001134289472	620
1	5602	460209.101825114383	621
1	5613	461224.180823564573	622
1	5622	461987.436451250731	623
1	5631	462928.489464568018	624
1	5638	463575.741505343511	625
1	5647	464227.654032921463	626
1	5656	464741.728514246687	627
1	5665	465358.26157657434	628
1	5674	466157.50479069543	629
1	5687	467306.603427417622	630
1	5696	468111.592241702647	631
1	5703	468674.863035930366	632
1	5714	469639.536528708459	633
1	5719	469943.226119130896	634
1	5730	471019.806037796707	635
1	5739	471778.595877718227	636
1	5746	472528.331394866155	637
1	5755	473108.032780839177	638
1	5764	473820.462438510777	639
1	5773	474942.640842637094	640
1	5782	475477.460545068653	641
1	5791	476135.610781749756	642
1	5800	477160.200964473234	643
1	5813	478096.142526157246	644
1	5820	478812.200198276014	645
1	5831	479687.69714729865	646
1	5836	480124.382020393432	647
1	5845	480782.465864019514	648
1	5854	481857.374573405879	649
1	5867	482884.590705810161	650
1	5872	483326.808224106254	651
1	5881	484040.031640743883	652
1	5886	484531.171522289561	653
1	5901	485788.654281757818	654
1	5908	486207.355748210148	655
1	5921	487255.539159011141	656
1	5928	487719.562884466768	657
1	5937	488292.568812472791	658
1	5944	488880.132197169632	659
1	5953	489433.43311361973	660
1	5964	490145.85221135062	661
1	5975	490821.03822464128	662
1	5984	491565.07307826546	663
1	5991	491963.027513818862	664
1	5998	492648.726878128993	665
1	6009	493535.226394096436	666
1	6018	494215.48917428595	667
1	6027	495051.280993502633	668
1	6034	495478.879276989074	669
1	6047	496478.992472682194	670
1	6052	497203.663467150227	671
1	6061	497743.061300693126	672
1	6070	498307.177466852637	673
1	6081	499218.781245360197	674
1	6088	500107.863479387061	675
1	6097	500615.672675566793	676
1	6110	501711.848261207388	677
1	6115	502042.67590725799	678
1	6128	503124.588734144391	679
1	6133	503517.179882107349	680
1	6142	503955.945100961299	681
1	6155	504818.456612946511	682
1	6164	505687.74911826481	683
1	6171	506287.022311426745	684
1	6180	507081.683780858338	685
1	6191	508003.979149181441	686
1	6198	508686.699494440154	687
1	6205	509107.46994442311	688
1	6216	510438.664252823264	689
1	6225	511326.579040009574	690
1	6236	512221.727223834069	691
1	6245	512833.075176877947	692
1	6250	513488.642488187225	693
1	6261	513981.205614097463	694
1	6268	514665.637775184633	695
1	6277	515258.839173847855	696
1	6286	516268.418838596019	697
1	6295	517112.105503678368	698
1	6306	517722.531576594384	699
1	6317	518613.997744163545	700
1	6324	519221.334341587546	701
1	6335	520172.149161296012	702
1	6340	520816.763318656059	703
1	6351	521453.707326902123	704
1	6358	521797.933711716952	705
1	6367	522887.88873525341	706
1	6378	523709.238238446461	707
1	6385	524239.51921574776	708
1	6394	524817.983028525533	709
1	6403	525628.812325838999	710
1	6412	526488.448062166618	711
1	6421	527309.356921725022	712
1	6430	528335.9476868995	713
1	6439	528846.105553116695	714
1	6450	529910.575338592799	715
1	6457	530393.091834057169	716
1	6466	531176.433004997717	717
1	6475	531787.377404188784	718
1	6488	532947.828607494057	719
1	6493	533517.476132651837	720
1	6506	534662.434478290425	721
1	6515	535553.876834828453	722
1	6522	536305.808818247216	723
1	6531	536972.633465705486	724
1	6540	537715.94976475467	725
1	6551	538741.046544536995	726
1	6560	539513.339138170751	727
1	6565	539998.545083776163	728
1	6576	540583.572182385298	729
1	6583	541376.361222239258	730
1	6594	542242.97884139237	731
1	6603	543043.790582148405	732
1	6612	543887.710576923611	733
1	6623	544843.783005885826	734
1	6632	545742.289252951787	735
1	6639	546394.579226011456	736
1	6646	547153.261331236036	737
1	6655	547728.172341920482	738
1	6664	548296.630535088526	739
1	6673	549312.32014149432	740
1	6686	550219.670411199378	741
1	6693	551038.537221634807	742
1	6704	551840.36104213451	743
1	6713	552594.688675180124	744
1	6720	553415.898545226129	745
1	6729	553950.88761602533	746
1	6738	554697.7319459897	747
1	6745	555361.682067532139	748
1	6754	555927.367252763407	749
1	6763	556688.354941271292	750
1	6772	557213.806094415533	751
1	6783	558300.272339070263	752
1	6794	559391.654737293768	753
1	6799	559767.41773439576	754
1	6808	560318.904207972858	755
1	6819	561321.086686430547	756
1	6826	561785.076418099973	757
1	6831	562135.544536309365	758
1	6848	563843.218141794253	759
1	6857	564618.563257064719	760
1	6862	565047.326317755554	761
1	6875	566107.461826130797	762
1	6882	566760.325378971224	763
1	6891	567445.241072354888	764
1	6902	568018.721692683225	765
1	6909	568434.590843785604	766
1	6920	569547.571558551912	767
1	6925	570177.286599017729	768
1	6934	570684.073461592246	769
1	6947	571717.020196281423	770
1	6952	572295.005754707431	771
1	6965	573132.091948203792	772
1	6972	573663.51510384125	773
1	6979	574092.298618052204	774
1	6988	574960.200274083813	775
1	6999	575735.65239943569	776
1	7010	576554.496596055156	777
1	7017	577294.048364879614	778
1	7026	578187.009239103696	779
1	7033	578548.661827342636	780
1	7042	579118.910290813124	781
1	7051	579938.521246193027	782
1	7062	581144.428308075345	783
1	7069	581735.392779065347	784
1	7080	582375.821556290663	785
1	7087	582978.744907351262	786
1	7098	583868.790105823479	787
1	7105	584505.421972135134	788
1	7116	585332.543668057822	789
1	7123	585862.312919832819	790
1	7136	586932.974340906418	791
1	7141	587460.113693168438	792
1	7150	587868.608077056757	793
1	7161	588859.717236086777	794
1	7168	589362.184782978198	795
1	7177	590311.82186943484	796
1	7186	590798.838686663708	797
1	7195	591487.457455135933	798
1	7204	592289.295740565336	799
1	7217	593047.570310952193	800
1	7222	593420.330041833273	801
1	7233	594257.542401412554	802
1	7242	594837.986810691707	803
1	7249	595289.370899274997	804
1	7254	595721.321299625613	805
1	7271	596955.482220277242	806
1	7276	597265.432278486021	807
1	7285	597835.791626572661	808
1	7294	598904.002274572902	809
1	7305	599388.845303049363	810
1	7312	599898.01909751264	811
1	7325	600817.216885881551	812
1	7332	601272.393464902468	813
1	7341	602159.052882576413	814
1	7350	602859.831161890232	815
1	7357	603185.9449953307	816
1	7370	604320.126796374151	817
1	7375	604701.07121234765	818

