version 2
run Pipelined_3Teachers-81-20190105-10:57:36-15440
attr configname Pipelined_3Teachers
attr datetime 20190105-10:57:36
attr experiment Pipelined_3Teachers
attr inifile ../simulations/omnetpp.ini
attr iterationvars "$0=\"uniform\""
attr iterationvarsf uniform-
attr measurement "$0=\"uniform\""
attr network PipelinedExamSession
attr processid 15440
attr repetition 81
attr replication #81
attr resultdir results
attr runnumber 81
attr seedset 81
param **.teachersNumber 3
param **.answerTimeDistribution "\"uniform\""
param **.minUniform 300
param **.maxUniform 900
param **.scaleLognormal 6.2854
param **.shapeLognormal 0.4724

vector 0 PipelinedExamSession examinationTime:vector ETV
attr source examFinished
vector 1 PipelinedExamSession studentID:vector ETV
attr source student
0	3176	260591.757638845616	2372.76965403
0	3181	260922.96752831901	1853.7674128544
0	3190	261726.653662975901	1921.3590789121
0	3201	262510.864503169455	1919.1068643238
0	3208	263204.022690653824	1867.8039951716
0	3217	264260.909231845313	2070.4701664858
0	3228	264873.728638328635	2138.8842288405
0	3237	265275.701312162005	1796.5648693498
0	3240	265589.581353915878	1213.7708111666
0	3253	267183.9631686453	2274.7999490239
0	3262	267840.628542518266	2072.2511956003
0	3271	268594.2992275581	1980.6986799929
0	3284	269736.819881759608	2224.1607892793
0	3293	270473.74665490354	2378.9443030022
0	3302	271210.485867457488	2265.6600776128
0	3307	271600.133697688603	1863.313815929
0	3320	272714.366871491099	2240.6202165876
0	3329	273371.602310333425	2161.1164428759
0	3336	273976.744334120327	2020.7894414663
0	3345	274614.937528548787	1900.5706570577
0	3354	275276.875725947345	1905.2734156139
0	3365	276400.422054436082	2330.5606483016
0	3370	277040.224719280401	2363.0383658689
0	3381	277742.103300103942	2216.1763753742
0	3388	278111.332873860398	1710.9108194243
0	3397	279059.022321738326	1800.5301119294
0	3408	279944.256773684198	1995.4125974793
0	3415	280274.164406815568	1734.7015331034
0	3424	280966.643339814642	1648.3223963063
0	3433	281767.039373656758	1654.2798767332
0	3444	282699.192405212694	2050.1547023188
0	3451	283059.562473557913	1862.5903042965
0	3460	283796.243728883587	1787.5236564316
0	3473	284688.032923825108	1973.7254362553
0	3482	285446.33277836258	2088.5859504808
0	3487	285883.583616698184	1779.2906119488
0	3500	286660.868869163119	1972.835945338
0	3507	287137.845855206274	1691.5130768437
0	3514	287462.73490386086	1209.0532827191
0	3523	288214.768009912246	1553.8991407491
0	3536	289614.721536124149	2443.1491926312
0	3545	290495.391017524549	2629.3186282273
0	3550	290831.731191929453	2071.9102785923
0	3559	291515.138709079498	1900.4171729553
0	3568	292535.453737294325	2040.0627197698
0	3581	293429.721937794261	2117.4533744808
0	3586	293901.08784567567	1810.5881177355
0	3597	294778.334958571963	1929.1138634551
0	3604	295083.785000676312	1654.0630628821
0	3613	296056.945466157072	1809.4008351211
0	3622	296637.351038027578	1631.4735818189
0	3631	297371.210729889595	1784.4730092678
0	3640	298223.242341075115	1892.3619367182
0	3651	299054.47712671014	1937.7045979723
0	3658	299609.157563885697	1800.3779489547
0	3667	300335.586520191305	1764.2166027334
0	3676	300836.688870750391	1681.9374742918
0	3685	301568.300208449387	1594.2103335634
0	3696	302330.883422540524	1808.8070314843
0	3703	302653.853929135972	1454.7004780266
0	3712	303716.518924199068	1935.7346674427
0	3723	304422.466225828999	1832.9861411825
0	3730	304756.666173180589	1584.4074047171
0	3743	305620.177325466671	1781.2914209906
0	3752	306452.237636782252	1806.3430173788
0	3761	306996.06195339004	1991.4270134177
0	3768	307404.615940991812	1784.4386155251
0	3775	307903.950129915052	1451.7124931328
0	3788	309250.721722980984	2254.6597695909
0	3797	309777.042380254739	1953.4392806701
0	3802	310235.45280536639	1642.6990772132
0	3813	311164.015781041258	1913.2940580603
0	3822	311785.330192744755	2008.28781249
0	3831	312307.262088870653	1778.0475822743
0	3840	312862.970555573725	1691.9662110507
0	3847	313410.5256023817	1521.665303316
0	3860	314295.571449073055	1969.2543884274
0	3867	314867.53222709524	1679.2797113769
0	3878	315968.844432150969	2045.0116606895
0	3885	316377.326046209806	2081.7545971368
0	3894	317309.718283452118	2210.4301605374
0	3901	317652.076081372822	1683.2316492219
0	3910	318343.750755954558	1599.0441192873
0	3923	319526.430594082946	2084.5944631845
0	3930	320318.71411018076	2013.5932776611
0	3941	321136.511279409776	2418.2438265067
0	3946	321497.457225434507	1971.0266313516
0	3955	322297.708643646935	1888.9717093203
0	3964	323076.878457516456	1940.3671781067
0	3977	324181.567514548103	2207.6215165202
0	3984	324865.553628606747	2255.8471351862
0	3991	325329.563331557463	1884.1314921621
0	4000	326457.644966198156	2276.0774516501
0	4011	327099.446503864626	2066.7187114712
0	4020	327985.516592161755	2130.0423046108
0	4031	328952.439754083778	2199.6162425727
0	4038	329783.184898691277	2516.8855547905
0	4047	330672.973953047792	2507.9822511412
0	4058	331563.202336756537	2610.7625826728
0	4065	331978.35868550467	2148.3812954742
0	4072	332740.225679660241	2046.4416795876
0	4083	333552.86196819509	1989.6596314386
0	4094	334175.741764158035	1935.3772003669
0	4099	334541.293627861912	1428.1829078682
0	4112	335457.115971576447	1859.4292050228
0	4119	335851.841799309502	1676.1000351515
0	4122	336261.621344927723	1531.4600795042
0	4135	337534.264553943673	2077.1485823672
0	4146	338244.341147085676	1979.618380079
0	4155	338686.872146464909	1625.1358119305
0	4162	339514.704275317514	1715.9000877757
0	4171	340011.131059331844	1721.7588543892
0	4176	340587.58279080505	1632.8230155632
0	4189	341843.247575545707	2056.0983957723
0	4198	342402.527322107949	1769.0780864563
0	4209	343480.96223669129	1964.3767476082
0	4220	344530.147380474978	2466.1409249995
0	4229	345368.32276079806	2606.6258716397
0	4238	345937.373490259074	2305.5197129957
0	4243	346520.350474398606	1990.2030939236
0	4256	347518.011131929257	2149.6883711312
0	4265	348308.178170118504	2370.8046798594
0	4274	349150.153587106638	2383.6085240822
0	4279	349912.541279615857	2394.5301476866
0	4288	350331.5202706028	2023.3421004843
0	4299	351414.097304223129	2263.9437171165
0	4308	352203.640477499016	2183.4003109485
0	4317	352617.329075234034	1933.7254637852
0	4328	353410.084583982849	1830.1120252814
0	4333	353892.140735406452	1667.5769411959
0	4342	354539.20778757895	1793.5028211214
0	4355	355656.113319704333	2246.0287357215
0	4362	356254.821755457693	2152.5231117848
0	4371	356988.034046022245	2216.0961883608
0	4378	357632.340111024701	1976.2267913204
0	4387	358110.640919348248	1832.0031755604
0	4396	358791.188311390603	1618.8926917501
0	4407	359720.315816206881	1915.0922119617
0	4414	360163.759685168066	1474.8639809433
0	4427	361325.291781965667	1956.3520560041
0	4434	361947.197333676764	1848.2813732699
0	4443	362744.753052340844	2096.5788911562
0	4450	363216.508461674699	1891.216679709
0	4461	364283.530685724715	2070.5230887048
0	4468	364839.476269204194	1999.8800545
0	4479	365567.884500324751	1939.2748192884
0	4490	366239.673647331099	1749.9206875451
0	4495	366678.290525218497	1494.7484286502
0	4506	367713.502272823851	2123.846706748
0	4513	368222.25029636177	1982.5766490307
0	4522	368900.465044425827	1972.0946433954
0	4531	369681.8040465005	1893.2079392485
0	4542	370529.085200931903	2110.5153440963
0	4551	371198.119211895418	2034.7208517138
0	4558	371867.122600134488	1936.0593879595
0	4567	372459.034659387569	1908.5199147463
0	4580	373927.282069204401	2487.2066777665
0	4587	374625.4546560813	2330.9942980763
0	4596	375514.125367440309	2327.2429080214
0	4607	376276.811138028305	2349.5290688239
0	4616	376900.455157086279	2155.4148883559
0	4621	377345.49521184529	1785.6571340002
0	4630	377930.406919866826	1653.5957818385
0	4641	378999.026474822339	2098.5713177361
0	4652	379921.047575958099	2345.7292260602
0	4659	380671.711082803111	2263.4372234344
0	4666	381140.1573810261	1972.3446965218
0	4679	382276.841888995866	2355.7943130378
0	4684	382776.99580919	1990.4461227357
0	4697	383647.356333956148	2160.0494855549
0	4706	384264.039503876146	1987.1976148803
0	4713	384716.926245857056	1762.8889619373
0	4724	385719.976051244911	2072.6197172888
0	4731	386468.188032740753	2204.1485288646
0	4742	387434.785761684206	2355.9306100477
0	4751	388155.799499060985	2435.8234478161
0	4758	388723.709454014924	2174.232560629
0	4769	389481.799986865398	2047.0142251812
0	4774	390059.297421388355	1903.4979223274
0	4787	390907.395322853726	2163.0306320731
0	4796	391723.416608339202	2241.6166214738
0	4801	392154.154462181058	2026.8503042869
0	4812	393345.64118776473	2438.245864911
0	4821	393935.366014670607	2211.9494063314
0	4828	394661.109034158316	2074.9507441185
0	4837	395501.133124111247	2035.8247380238
0	4848	396724.092610320103	2387.4725924805
0	4859	397613.074724050265	2380.4143383633
0	4864	398216.568728210431	2102.5426877663
0	4877	398881.946374615681	2102.9612143524
0	4882	399245.831539621603	1632.7568155713
0	4893	400220.991255948347	1948.1876752339
0	4902	400923.355499189375	2041.4091245737
0	4911	401592.045902693672	2145.5539208371
0	4920	402478.444477356999	2137.0563080069
0	4927	402960.883620986744	1920.5047836062
0	4938	403966.164526250242	2131.2391080894
0	4945	404518.452769657626	1922.6166632026
0	4954	405441.129003139241	2054.6433651354
0	4963	406480.53278820592	2359.9000324029
0	4974	407330.12548657137	2321.6402680613
0	4983	408071.24567250724	2174.7788905632
0	4990	408887.737792963191	2118.0936607998
0	5003	409730.500654270901	2118.4654705692
0	5012	410573.870508698775	2206.7182299681
0	5019	411320.70681969638	2204.366505146
0	5028	412022.432504268392	2291.9318499975
0	5037	412499.481181846961	1925.6106731482
0	5044	413369.973446521938	1975.5162438378
0	5053	414240.305323479726	2160.7339248061
0	5064	415281.725707417383	2386.6499540862
0	5073	415890.604682872101	2187.6227810048
0	5084	416412.546360399603	1815.1255355682
0	5091	416928.717605955928	1646.6572004836
0	5098	417287.169597018539	1345.7562263589
0	5109	418406.704980041861	1994.1586196423
0	5116	419086.208585556626	2033.4087988827
0	5127	420016.981784580305	2171.223696135
0	5136	420771.0944538005	2207.2029858828
0	5143	421343.8474251889	1974.2012029979
0	5154	422638.870069105209	2498.2613636646
0	5163	423050.566540751637	2067.7723535802
0	5174	423804.665563395278	1930.3765926976
0	5179	424139.147689193518	1436.2577254884
0	5192	425339.73497520204	2173.0564598925
0	5199	425950.013731559769	2145.3481681645
0	5208	426650.525573641092	2051.7563733738
0	5215	427073.396988725321	1733.6620135233
0	5224	427766.867734305592	1798.8989934325
0	5233	428381.589512340756	1722.3182067275
0	5246	429071.067617135154	1747.6137177553
0	5251	429491.401766147496	1450.9814159945
0	5260	430343.663382204281	1837.5202054158
0	5269	431239.220965700256	2168.1533485651
0	5278	431641.307252459261	1690.603319183
0	5289	432754.051132779601	1948.3719263691
0	5296	433163.609410822424	1745.7708248869
0	5305	434230.630221124771	2070.5121257342
0	5316	435287.176884943651	2315.1970605366
0	5323	435757.076441589775	1955.1134190056
0	5334	436713.177884789216	2060.6258390006
0	5343	437612.368878582525	2223.6851046793
0	5354	438447.920012008431	2401.5316285193
0	5361	439078.206618502768	2180.5730910972
0	5370	439471.382258227127	1820.2515693381
0	5379	440338.635182334142	1890.7151703257
0	5388	441271.937103755804	2153.7243803032
0	5395	441939.122625952619	2248.262841627
0	5404	442556.079273344982	2009.1583670117
0	5415	443341.673655482042	1922.2650095355
0	5426	443847.317933198098	1846.4936062228
0	5435	444338.994310889427	1537.2311339714
0	5444	445104.923371179063	1731.4553819597
0	5453	445661.411834461648	1814.0939012635
0	5458	446100.136003503609	1761.1416926142
0	5469	447132.689224602689	2027.7658534236
0	5480	448016.749560646747	2355.3377261851
0	5485	448454.304936016013	1923.5171235166
0	5498	449681.707908120041	2341.6439996101
0	5503	450065.12717250738	2048.3776118606
0	5516	451063.525707973202	2201.0895357002
0	5523	451743.165367841755	2061.4574597217
0	5532	452253.392687626218	1880.8002380189
0	5539	452919.866204448079	1856.3404964749
0	5550	454077.84648528326	2153.0264934059
0	5559	454742.059309640934	2125.001425948
0	5566	455502.127611218055	2059.0537416749
0	5575	456167.330697644537	2036.8763553444
0	5584	456520.371613372152	1599.4670150802
0	5593	457352.32995981354	1552.5291452184
0	5602	457981.588082760607	1679.2909962125
0	5613	459228.345561074128	2223.2159766834
0	5622	459779.957423871417	2118.8135588542
0	5633	460582.108478341286	2123.7563804258
0	5640	460985.13395050544	1650.5198297091
0	5651	462068.232727563043	2244.477294758
0	5658	462797.665811469813	2215.5573331285
0	5669	463608.567782118951	2434.8816295154
0	5674	464027.776069846039	1959.543342283
0	5687	465258.839490450954	2384.3534447718
0	5692	466080.406486429309	2471.8387043104
0	5701	466669.950944837218	2298.3163393568
0	5714	467754.199872538482	2495.3603820875
0	5721	468188.513002451544	2043.7532365322
0	5728	468804.037779103999	1768.2374211028
0	5739	469700.030570710113	1945.8306981716
0	5746	470258.919542050024	1763.2920064498
0	5757	471253.676918288728	2023.2850332744
0	5764	471568.838375341182	1626.6237302218
0	5775	472617.449222970789	2094.6956918109
0	5782	473084.967423370143	1818.8475564122
0	5791	473803.282628394699	1706.5591185819
0	5800	474577.610881067848	1685.1639902685
0	5813	475714.298008242657	2336.200246308
0	5818	476144.077825360035	1920.1599751599
0	5827	476780.437541613391	1847.4087415729
0	5840	478160.116068553215	2445.8180603106
0	5849	478807.332246657496	2199.3282380048
0	5858	479701.988982735237	2331.4085646998
0	5865	480190.135603258422	2030.0195347052
0	5872	480675.559442304111	1868.2271956466
0	5881	481409.30116041567	1707.3121776804
0	5892	482457.709444407409	2028.9791126736
0	5899	483043.102789158037	1856.4824479166
0	5910	484042.58201513443	2122.6592358202
0	5917	484745.941596804223	2110.2292019874
0	5926	485105.083446996322	1717.3534962349
0	5935	486018.732758704608	1890.2414042037
0	5946	486807.365807751229	1823.893600842
0	5955	487562.063083564898	1950.5177736282
0	5962	488156.156728556415	2087.7941281535
0	5975	489073.645880632138	2113.3223141078
0	5980	489671.857882384246	1885.5420431122
0	5993	490506.146911298892	1893.8579934184
0	5998	491025.262100156433	1951.6162195243
0	6009	491679.229015018827	1806.4506273251
0	6016	492374.127971939779	1867.9810606409
0	6029	493323.516139620952	2198.1521798763
0	6034	493823.034332133867	1989.0516920015
0	6043	494332.895158510693	1710.9602723736
0	6056	495644.978408748321	2321.4622691274
0	6063	496324.213108141012	2224.1996462457
0	6070	496931.449990393631	2141.8439379428
0	6083	497920.69268831987	2275.7142795715
0	6088	498265.578462090381	1863.9786806423
0	6097	499097.466339916029	1849.1872875486
0	6106	499773.912750883066	1853.2200625632
0	6119	500893.176235724279	2167.6808198914
0	6126	501602.431606315115	2095.7337642554
0	6133	502280.730021977836	2096.5530971065
0	6144	503069.420437188858	2176.2442014646
0	6151	503595.91137561951	1807.4562131893
0	6162	504560.152601497287	2119.5275761653
0	6171	505187.664236733729	1911.9437410031
0	6178	505658.759235357905	1719.4320340175
0	6187	506652.293982636224	2068.5374198947
0	6196	507350.358713557983	1955.6875218172
0	6205	507949.236924899782	1744.2156052217
0	6216	508896.553088631521	1823.5979800578
0	6225	509637.788744783069	1866.4768540766
0	6232	510176.836242852773	2002.9819359072
0	6241	510905.243545118759	1945.1122246217
0	6250	511611.917660711373	1914.3947933335
0	6259	512255.621465994085	1806.9694090169
0	6270	513504.33553168554	2157.9848872963
0	6281	514314.684341708237	2478.9736304898
0	6290	515036.79734780457	2415.1097198948
0	6297	515707.603547209912	2190.4022228904
0	6306	516445.097036194095	2130.4126944859
0	6313	517279.766212496945	2242.9688646924
0	6326	518002.723212959284	2125.458296109
0	6333	518626.143706357146	2014.8459164891
0	6340	518998.913803696672	1586.349870963
0	6349	520173.671924416016	2170.9487114567
0	6358	520808.795878803398	1957.1169351228
0	6369	521701.471558352972	2186.9399271905
0	6376	522014.423640165518	1655.1748168655
0	6385	522812.548713712062	1797.097151354
0	6394	523376.632275106426	1496.4596655685
0	6407	524008.365475153591	1505.483621126
0	6412	524554.32500098836	1359.6452082507
0	6421	525011.374618252779	1371.5109624434
0	6430	525835.244106128853	1826.8786309753
0	6439	526576.518019242253	1909.0912553016
0	6450	527364.903068868483	1871.6960767284
0	6459	528092.413822095881	1742.0965185855
0	6466	528550.645642820786	1727.9621833004
0	6477	529546.202902542468	2006.9884259719
0	6486	530091.384267434519	1846.3710127864
0	6497	531145.602491218637	2182.4628624134
0	6504	531553.884071018587	1911.3948858809
0	6511	531982.543915556784	1471.4108413551
0	6522	533054.281522566494	1908.6790313479
0	6531	533787.578336522025	2125.7920263335
0	6542	534604.278334043961	2079.6274503227
0	6549	535073.312064120587	1729.9470334779
0	6556	535471.478598704603	1643.8633777667
0	6565	536624.735167063814	2020.4568330199
0	6574	537097.319426201325	1806.4375145361
0	6585	537751.042669778731	1605.9530563653
0	6594	538469.294583052439	1683.8663126808
0	6601	539067.501074541402	1803.8666184526
0	6614	540402.255926700351	2503.946841415
0	6623	541136.821310408456	2465.3864983935
0	6628	541661.011337908027	2140.009662509
0	6641	542495.558667462361	2093.302740762
0	6646	542855.54927447815	1718.7279640697
0	6659	543834.555831318763	2043.6133288778
0	6664	544285.540992859793	1789.9823253974
0	6675	545245.875151176048	2273.5055617522
0	6684	546139.295946992976	2304.7401156742
0	6693	546935.086212772918	2326.0293932632
0	6700	547265.07789641623	1796.0779372137
0	6709	547784.239832405043	1639.602523623
0	6718	548330.165571067524	1366.9831064064
0	6731	549760.432279994753	2350.2885539085
0	6738	550569.503444619519	2389.7933773231
0	6747	551322.564073232976	2312.6439926215
0	6758	552214.494135836182	2454.0618558414
0	6763	552668.782161595343	2056.6221177578
0	6772	553311.829910287676	1909.3959608115
0	6783	554197.935278015254	1983.4411421791
0	6794	555035.929505713327	2025.4316984676
0	6801	555457.933203689797	2004.1345458012
0	6812	556287.663063034458	2011.6143115796
0	6819	556705.884458776606	1669.9549530633
0	6830	557633.081249333961	2122.1099164803
0	6837	558142.628344567536	1854.9652815331
0	6844	558963.032160373448	1921.747722337
0	6855	559855.601356364829	2222.5201070309
0	6864	560540.475321980236	2037.5879899599
0	6875	561334.962781844703	2046.9603548292
0	6884	562166.706043481869	2134.4766236376
0	6891	562742.618739232463	2044.0167296212
0	6900	563615.933744190303	2280.9709623456
0	6911	564418.691253382755	2251.9852099009
0	6916	564980.378887150479	2016.8948112521
0	6929	566193.413312779782	2557.5674385298
0	6934	566686.506604962093	2267.8153515793
0	6943	567412.87349732597	2113.3080622181
0	6954	568259.924997948153	2066.5116851684
0	6961	568908.406389271884	1863.8568221591
0	6970	569706.869873777076	1965.8706382848
0	6983	570776.9805090968	2202.567600226
0	6990	571294.857921078845	2079.178492818
0	6999	572134.792396891906	2075.4558159504
0	7006	572480.53272957918	1703.5522204824
0	7017	572958.64250552845	1646.1362665985
0	7028	573800.466047879353	1655.4996034596
0	7033	574187.277296511501	1601.9944950007
0	7042	574951.023076241881	1863.6989871506
0	7053	575696.028255019381	1895.56220714
0	7060	576615.80163496551	1946.5413970873
0	7069	576991.637657163709	1844.0749901813
0	7078	577895.070009073287	1908.4784124512
0	7089	578665.444439929023	1973.9705953281
0	7100	579312.267603166446	2054.014643468
0	7109	580018.517765728801	1912.4356082641
0	7118	580912.15647538197	2237.5768898986
0	7123	581395.197128830522	2082.9295256641
0	7136	582385.604857234329	2367.0870915055
0	7141	582735.82002553162	1823.6635501497
0	7154	583824.600971164227	2109.1670389753
0	7161	584418.622637121052	2033.0177798867
0	7170	585303.80119378683	2098.2884278055
0	7179	586068.955192761541	2244.3542215973
0	7188	586498.566333018289	1930.152364634
0	7195	587353.075339039833	1898.6066656653
0	7204	588099.933633673981	1914.0594104771
0	7215	588655.011138226881	1728.4889122937
0	7222	589459.723678417549	1920.461638039
0	7231	590009.391975263179	1767.5988034811
0	7242	590975.436340738132	2046.7854653019
0	7249	591326.201405609071	1700.7284954656
0	7258	592234.030940383719	1817.6810528152
0	7267	593040.353888925211	2028.6629203241
0	7276	593882.655240409122	2047.6438213605
0	7285	594539.906548708723	1817.6974990871
0	7294	595125.504171196417	1680.4838045966
0	7303	595751.764616137416	1676.1719661299
0	7314	596946.148513583512	2170.3407477122
0	7323	597489.04351573442	2111.7291885428
0	7332	598083.91277622436	1906.3617187086
0	7339	598690.743660042107	1661.7841266096
0	7350	599148.082260042474	1589.9808514863
0	7357	599598.387915641114	1460.1231230423
0	7366	600686.175242811486	1912.8822024912
0	7377	601305.012923385993	2029.594580736
0	7384	601638.843041751578	1524.5719889179
0	7397	602617.085567163348	1710.150604276
0	7406	603495.459153782621	2168.2412755676
0	7411	603902.443905640438	1988.5485533159
1	3176	260591.757638845616	351
1	3181	260922.96752831901	352
1	3190	261726.653662975901	353
1	3201	262510.864503169455	354
1	3208	263204.022690653824	355
1	3217	264260.909231845313	356
1	3228	264873.728638328635	357
1	3237	265275.701312162005	358
1	3240	265589.581353915878	359
1	3253	267183.9631686453	360
1	3262	267840.628542518266	361
1	3271	268594.2992275581	362
1	3284	269736.819881759608	363
1	3293	270473.74665490354	364
1	3302	271210.485867457488	365
1	3307	271600.133697688603	366
1	3320	272714.366871491099	367
1	3329	273371.602310333425	368
1	3336	273976.744334120327	369
1	3345	274614.937528548787	370
1	3354	275276.875725947345	371
1	3365	276400.422054436082	372
1	3370	277040.224719280401	373
1	3381	277742.103300103942	374
1	3388	278111.332873860398	375
1	3397	279059.022321738326	376
1	3408	279944.256773684198	377
1	3415	280274.164406815568	378
1	3424	280966.643339814642	379
1	3433	281767.039373656758	380
1	3444	282699.192405212694	381
1	3451	283059.562473557913	382
1	3460	283796.243728883587	383
1	3473	284688.032923825108	384
1	3482	285446.33277836258	385
1	3487	285883.583616698184	386
1	3500	286660.868869163119	387
1	3507	287137.845855206274	388
1	3514	287462.73490386086	389
1	3523	288214.768009912246	390
1	3536	289614.721536124149	391
1	3545	290495.391017524549	392
1	3550	290831.731191929453	393
1	3559	291515.138709079498	394
1	3568	292535.453737294325	395
1	3581	293429.721937794261	396
1	3586	293901.08784567567	397
1	3597	294778.334958571963	398
1	3604	295083.785000676312	399
1	3613	296056.945466157072	400
1	3622	296637.351038027578	401
1	3631	297371.210729889595	402
1	3640	298223.242341075115	403
1	3651	299054.47712671014	404
1	3658	299609.157563885697	405
1	3667	300335.586520191305	406
1	3676	300836.688870750391	407
1	3685	301568.300208449387	408
1	3696	302330.883422540524	409
1	3703	302653.853929135972	410
1	3712	303716.518924199068	411
1	3723	304422.466225828999	412
1	3730	304756.666173180589	413
1	3743	305620.177325466671	414
1	3752	306452.237636782252	415
1	3761	306996.06195339004	416
1	3768	307404.615940991812	417
1	3775	307903.950129915052	418
1	3788	309250.721722980984	419
1	3797	309777.042380254739	420
1	3802	310235.45280536639	421
1	3813	311164.015781041258	422
1	3822	311785.330192744755	423
1	3831	312307.262088870653	424
1	3840	312862.970555573725	425
1	3847	313410.5256023817	426
1	3860	314295.571449073055	427
1	3867	314867.53222709524	428
1	3878	315968.844432150969	429
1	3885	316377.326046209806	430
1	3894	317309.718283452118	431
1	3901	317652.076081372822	432
1	3910	318343.750755954558	433
1	3923	319526.430594082946	434
1	3930	320318.71411018076	435
1	3941	321136.511279409776	436
1	3946	321497.457225434507	437
1	3955	322297.708643646935	438
1	3964	323076.878457516456	439
1	3977	324181.567514548103	440
1	3984	324865.553628606747	441
1	3991	325329.563331557463	442
1	4000	326457.644966198156	443
1	4011	327099.446503864626	444
1	4020	327985.516592161755	445
1	4031	328952.439754083778	446
1	4038	329783.184898691277	447
1	4047	330672.973953047792	448
1	4058	331563.202336756537	449
1	4065	331978.35868550467	450
1	4072	332740.225679660241	451
1	4083	333552.86196819509	452
1	4094	334175.741764158035	453
1	4099	334541.293627861912	454
1	4112	335457.115971576447	455
1	4119	335851.841799309502	456
1	4122	336261.621344927723	457
1	4135	337534.264553943673	458
1	4146	338244.341147085676	459
1	4155	338686.872146464909	460
1	4162	339514.704275317514	461
1	4171	340011.131059331844	462
1	4176	340587.58279080505	463
1	4189	341843.247575545707	464
1	4198	342402.527322107949	465
1	4209	343480.96223669129	466
1	4220	344530.147380474978	467
1	4229	345368.32276079806	468
1	4238	345937.373490259074	469
1	4243	346520.350474398606	470
1	4256	347518.011131929257	471
1	4265	348308.178170118504	472
1	4274	349150.153587106638	473
1	4279	349912.541279615857	474
1	4288	350331.5202706028	475
1	4299	351414.097304223129	476
1	4308	352203.640477499016	477
1	4317	352617.329075234034	478
1	4328	353410.084583982849	479
1	4333	353892.140735406452	480
1	4342	354539.20778757895	481
1	4355	355656.113319704333	482
1	4362	356254.821755457693	483
1	4371	356988.034046022245	484
1	4378	357632.340111024701	485
1	4387	358110.640919348248	486
1	4396	358791.188311390603	487
1	4407	359720.315816206881	488
1	4414	360163.759685168066	489
1	4427	361325.291781965667	490
1	4434	361947.197333676764	491
1	4443	362744.753052340844	492
1	4450	363216.508461674699	493
1	4461	364283.530685724715	494
1	4468	364839.476269204194	495
1	4479	365567.884500324751	496
1	4490	366239.673647331099	497
1	4495	366678.290525218497	498
1	4506	367713.502272823851	499
1	4513	368222.25029636177	500
1	4522	368900.465044425827	501
1	4531	369681.8040465005	502
1	4542	370529.085200931903	503
1	4551	371198.119211895418	504
1	4558	371867.122600134488	505
1	4567	372459.034659387569	506
1	4580	373927.282069204401	507
1	4587	374625.4546560813	508
1	4596	375514.125367440309	509
1	4607	376276.811138028305	510
1	4616	376900.455157086279	511
1	4621	377345.49521184529	512
1	4630	377930.406919866826	513
1	4641	378999.026474822339	514
1	4652	379921.047575958099	515
1	4659	380671.711082803111	516
1	4666	381140.1573810261	517
1	4679	382276.841888995866	518
1	4684	382776.99580919	519
1	4697	383647.356333956148	520
1	4706	384264.039503876146	521
1	4713	384716.926245857056	522
1	4724	385719.976051244911	523
1	4731	386468.188032740753	524
1	4742	387434.785761684206	525
1	4751	388155.799499060985	526
1	4758	388723.709454014924	527
1	4769	389481.799986865398	528
1	4774	390059.297421388355	529
1	4787	390907.395322853726	530
1	4796	391723.416608339202	531
1	4801	392154.154462181058	532
1	4812	393345.64118776473	533
1	4821	393935.366014670607	534
1	4828	394661.109034158316	535
1	4837	395501.133124111247	536
1	4848	396724.092610320103	537
1	4859	397613.074724050265	538
1	4864	398216.568728210431	539
1	4877	398881.946374615681	540
1	4882	399245.831539621603	541
1	4893	400220.991255948347	542
1	4902	400923.355499189375	543
1	4911	401592.045902693672	544
1	4920	402478.444477356999	545
1	4927	402960.883620986744	546
1	4938	403966.164526250242	547
1	4945	404518.452769657626	548
1	4954	405441.129003139241	549
1	4963	406480.53278820592	550
1	4974	407330.12548657137	551
1	4983	408071.24567250724	552
1	4990	408887.737792963191	553
1	5003	409730.500654270901	554
1	5012	410573.870508698775	555
1	5019	411320.70681969638	556
1	5028	412022.432504268392	557
1	5037	412499.481181846961	558
1	5044	413369.973446521938	559
1	5053	414240.305323479726	560
1	5064	415281.725707417383	561
1	5073	415890.604682872101	562
1	5084	416412.546360399603	563
1	5091	416928.717605955928	564
1	5098	417287.169597018539	565
1	5109	418406.704980041861	566
1	5116	419086.208585556626	567
1	5127	420016.981784580305	568
1	5136	420771.0944538005	569
1	5143	421343.8474251889	570
1	5154	422638.870069105209	571
1	5163	423050.566540751637	572
1	5174	423804.665563395278	573
1	5179	424139.147689193518	574
1	5192	425339.73497520204	575
1	5199	425950.013731559769	576
1	5208	426650.525573641092	577
1	5215	427073.396988725321	578
1	5224	427766.867734305592	579
1	5233	428381.589512340756	580
1	5246	429071.067617135154	581
1	5251	429491.401766147496	582
1	5260	430343.663382204281	583
1	5269	431239.220965700256	584
1	5278	431641.307252459261	585
1	5289	432754.051132779601	586
1	5296	433163.609410822424	587
1	5305	434230.630221124771	588
1	5316	435287.176884943651	589
1	5323	435757.076441589775	590
1	5334	436713.177884789216	591
1	5343	437612.368878582525	592
1	5354	438447.920012008431	593
1	5361	439078.206618502768	594
1	5370	439471.382258227127	595
1	5379	440338.635182334142	596
1	5388	441271.937103755804	597
1	5395	441939.122625952619	598
1	5404	442556.079273344982	599
1	5415	443341.673655482042	600
1	5426	443847.317933198098	601
1	5435	444338.994310889427	602
1	5444	445104.923371179063	603
1	5453	445661.411834461648	604
1	5458	446100.136003503609	605
1	5469	447132.689224602689	606
1	5480	448016.749560646747	607
1	5485	448454.304936016013	608
1	5498	449681.707908120041	609
1	5503	450065.12717250738	610
1	5516	451063.525707973202	611
1	5523	451743.165367841755	612
1	5532	452253.392687626218	613
1	5539	452919.866204448079	614
1	5550	454077.84648528326	615
1	5559	454742.059309640934	616
1	5566	455502.127611218055	617
1	5575	456167.330697644537	618
1	5584	456520.371613372152	619
1	5593	457352.32995981354	620
1	5602	457981.588082760607	621
1	5613	459228.345561074128	622
1	5622	459779.957423871417	623
1	5633	460582.108478341286	624
1	5640	460985.13395050544	625
1	5651	462068.232727563043	626
1	5658	462797.665811469813	627
1	5669	463608.567782118951	628
1	5674	464027.776069846039	629
1	5687	465258.839490450954	630
1	5692	466080.406486429309	631
1	5701	466669.950944837218	632
1	5714	467754.199872538482	633
1	5721	468188.513002451544	634
1	5728	468804.037779103999	635
1	5739	469700.030570710113	636
1	5746	470258.919542050024	637
1	5757	471253.676918288728	638
1	5764	471568.838375341182	639
1	5775	472617.449222970789	640
1	5782	473084.967423370143	641
1	5791	473803.282628394699	642
1	5800	474577.610881067848	643
1	5813	475714.298008242657	644
1	5818	476144.077825360035	645
1	5827	476780.437541613391	646
1	5840	478160.116068553215	647
1	5849	478807.332246657496	648
1	5858	479701.988982735237	649
1	5865	480190.135603258422	650
1	5872	480675.559442304111	651
1	5881	481409.30116041567	652
1	5892	482457.709444407409	653
1	5899	483043.102789158037	654
1	5910	484042.58201513443	655
1	5917	484745.941596804223	656
1	5926	485105.083446996322	657
1	5935	486018.732758704608	658
1	5946	486807.365807751229	659
1	5955	487562.063083564898	660
1	5962	488156.156728556415	661
1	5975	489073.645880632138	662
1	5980	489671.857882384246	663
1	5993	490506.146911298892	664
1	5998	491025.262100156433	665
1	6009	491679.229015018827	666
1	6016	492374.127971939779	667
1	6029	493323.516139620952	668
1	6034	493823.034332133867	669
1	6043	494332.895158510693	670
1	6056	495644.978408748321	671
1	6063	496324.213108141012	672
1	6070	496931.449990393631	673
1	6083	497920.69268831987	674
1	6088	498265.578462090381	675
1	6097	499097.466339916029	676
1	6106	499773.912750883066	677
1	6119	500893.176235724279	678
1	6126	501602.431606315115	679
1	6133	502280.730021977836	680
1	6144	503069.420437188858	681
1	6151	503595.91137561951	682
1	6162	504560.152601497287	683
1	6171	505187.664236733729	684
1	6178	505658.759235357905	685
1	6187	506652.293982636224	686
1	6196	507350.358713557983	687
1	6205	507949.236924899782	688
1	6216	508896.553088631521	689
1	6225	509637.788744783069	690
1	6232	510176.836242852773	691
1	6241	510905.243545118759	692
1	6250	511611.917660711373	693
1	6259	512255.621465994085	694
1	6270	513504.33553168554	695
1	6281	514314.684341708237	696
1	6290	515036.79734780457	697
1	6297	515707.603547209912	698
1	6306	516445.097036194095	699
1	6313	517279.766212496945	700
1	6326	518002.723212959284	701
1	6333	518626.143706357146	702
1	6340	518998.913803696672	703
1	6349	520173.671924416016	704
1	6358	520808.795878803398	705
1	6369	521701.471558352972	706
1	6376	522014.423640165518	707
1	6385	522812.548713712062	708
1	6394	523376.632275106426	709
1	6407	524008.365475153591	710
1	6412	524554.32500098836	711
1	6421	525011.374618252779	712
1	6430	525835.244106128853	713
1	6439	526576.518019242253	714
1	6450	527364.903068868483	715
1	6459	528092.413822095881	716
1	6466	528550.645642820786	717
1	6477	529546.202902542468	718
1	6486	530091.384267434519	719
1	6497	531145.602491218637	720
1	6504	531553.884071018587	721
1	6511	531982.543915556784	722
1	6522	533054.281522566494	723
1	6531	533787.578336522025	724
1	6542	534604.278334043961	725
1	6549	535073.312064120587	726
1	6556	535471.478598704603	727
1	6565	536624.735167063814	728
1	6574	537097.319426201325	729
1	6585	537751.042669778731	730
1	6594	538469.294583052439	731
1	6601	539067.501074541402	732
1	6614	540402.255926700351	733
1	6623	541136.821310408456	734
1	6628	541661.011337908027	735
1	6641	542495.558667462361	736
1	6646	542855.54927447815	737
1	6659	543834.555831318763	738
1	6664	544285.540992859793	739
1	6675	545245.875151176048	740
1	6684	546139.295946992976	741
1	6693	546935.086212772918	742
1	6700	547265.07789641623	743
1	6709	547784.239832405043	744
1	6718	548330.165571067524	745
1	6731	549760.432279994753	746
1	6738	550569.503444619519	747
1	6747	551322.564073232976	748
1	6758	552214.494135836182	749
1	6763	552668.782161595343	750
1	6772	553311.829910287676	751
1	6783	554197.935278015254	752
1	6794	555035.929505713327	753
1	6801	555457.933203689797	754
1	6812	556287.663063034458	755
1	6819	556705.884458776606	756
1	6830	557633.081249333961	757
1	6837	558142.628344567536	758
1	6844	558963.032160373448	759
1	6855	559855.601356364829	760
1	6864	560540.475321980236	761
1	6875	561334.962781844703	762
1	6884	562166.706043481869	763
1	6891	562742.618739232463	764
1	6900	563615.933744190303	765
1	6911	564418.691253382755	766
1	6916	564980.378887150479	767
1	6929	566193.413312779782	768
1	6934	566686.506604962093	769
1	6943	567412.87349732597	770
1	6954	568259.924997948153	771
1	6961	568908.406389271884	772
1	6970	569706.869873777076	773
1	6983	570776.9805090968	774
1	6990	571294.857921078845	775
1	6999	572134.792396891906	776
1	7006	572480.53272957918	777
1	7017	572958.64250552845	778
1	7028	573800.466047879353	779
1	7033	574187.277296511501	780
1	7042	574951.023076241881	781
1	7053	575696.028255019381	782
1	7060	576615.80163496551	783
1	7069	576991.637657163709	784
1	7078	577895.070009073287	785
1	7089	578665.444439929023	786
1	7100	579312.267603166446	787
1	7109	580018.517765728801	788
1	7118	580912.15647538197	789
1	7123	581395.197128830522	790
1	7136	582385.604857234329	791
1	7141	582735.82002553162	792
1	7154	583824.600971164227	793
1	7161	584418.622637121052	794
1	7170	585303.80119378683	795
1	7179	586068.955192761541	796
1	7188	586498.566333018289	797
1	7195	587353.075339039833	798
1	7204	588099.933633673981	799
1	7215	588655.011138226881	800
1	7222	589459.723678417549	801
1	7231	590009.391975263179	802
1	7242	590975.436340738132	803
1	7249	591326.201405609071	804
1	7258	592234.030940383719	805
1	7267	593040.353888925211	806
1	7276	593882.655240409122	807
1	7285	594539.906548708723	808
1	7294	595125.504171196417	809
1	7303	595751.764616137416	810
1	7314	596946.148513583512	811
1	7323	597489.04351573442	812
1	7332	598083.91277622436	813
1	7339	598690.743660042107	814
1	7350	599148.082260042474	815
1	7357	599598.387915641114	816
1	7366	600686.175242811486	817
1	7377	601305.012923385993	818
1	7384	601638.843041751578	819
1	7397	602617.085567163348	820
1	7406	603495.459153782621	821
1	7411	603902.443905640438	822

