version 2
run Pipelined_3Teachers-9-20190105-10:57:19-9568
attr configname Pipelined_3Teachers
attr datetime 20190105-10:57:19
attr experiment Pipelined_3Teachers
attr inifile ../simulations/omnetpp.ini
attr iterationvars "$0=\"uniform\""
attr iterationvarsf uniform-
attr measurement "$0=\"uniform\""
attr network PipelinedExamSession
attr processid 9568
attr repetition 9
attr replication #9
attr resultdir results
attr runnumber 9
attr seedset 9
param **.teachersNumber 3
param **.answerTimeDistribution "\"uniform\""
param **.minUniform 300
param **.maxUniform 900
param **.scaleLognormal 6.2854
param **.shapeLognormal 0.4724

vector 0 PipelinedExamSession examinationTime:vector ETV
attr source examFinished
vector 1 PipelinedExamSession studentID:vector ETV
attr source student
0	3165	260152.521751401956	1869.583005365
0	3172	260515.459682280208	1754.1538427118
0	3183	261361.052936408679	2065.6194170471
0	3192	262116.994132613774	1938.5708407033
0	3201	262894.656500034045	1877.8383756056
0	3210	263481.617424823355	2070.6596285105
0	3217	263833.978582592692	1716.0121825989
0	3222	264529.989320598553	1594.762411667
0	3237	265866.939512779947	2077.3703338578
0	3246	266547.824237728502	2002.1033287514
0	3257	267472.339916601788	2159.7996481229
0	3262	267898.841709969576	1912.6331519801
0	3271	268537.110324762773	1961.8070167489
0	3282	269226.974705513578	1754.6347889118
0	3289	269930.566350370657	1613.7333432678
0	3298	270677.82542333008	1852.7529762592
0	3307	271137.055401597183	1487.5802742317
0	3320	272057.03899995425	1923.4001029283
0	3329	272890.347630484041	2058.0076752696
0	3338	273471.613880200323	2180.4839223158
0	3343	273787.983150081721	1730.9441501275
0	3356	274609.338836045948	1718.9912055619
0	3363	275090.365040581686	1618.7511603814
0	3374	275903.007747139794	1951.5040897764
0	3379	276434.700464783249	1825.3616287373
0	3392	277333.972491882754	2012.173081236
0	3399	277916.796289198113	2013.7885420583
0	3410	278576.258327392874	1803.9706987794
0	3415	278898.548537492765	1564.57604561
0	3428	279723.961059562875	1762.0385221671
0	3433	280285.664968891082	1709.4066414982
0	3446	281410.976347932605	2432.7520519495
0	3453	281983.609829843057	2259.6487702802
0	3462	282700.18564006315	2184.9425801542
0	3471	283463.103513931869	2052.1271659993
0	3478	283768.670527450754	1461.4670611918
0	3487	285179.314159881337	2173.7908751238
0	3498	285733.924981299801	1966.5628693532
0	3505	286389.23532161863	1802.1781235933
0	3518	287483.164052758379	2127.9423039872
0	3523	288012.866414012401	2248.3182474039
0	3532	288599.479406978948	1962.8752067685
0	3541	289174.481193115948	1691.3171403576
0	3554	290202.827991452081	1970.0037174392
0	3559	290711.816568765802	1737.5400324818
0	3570	291470.539404172463	1982.3429244105
0	3581	292124.580725887803	1921.7527344357
0	3586	292424.617637973291	1546.8946973328
0	3597	293445.714710326878	1949.5747159235
0	3608	294338.150534592582	2213.5698087048
0	3617	295150.507922284318	2345.1330752112
0	3626	295702.688507828874	2182.7927344479
0	3633	296450.662548048434	2112.5120134559
0	3640	296877.998305857194	1727.4903835729
0	3649	297352.90894545616	1650.2204376273
0	3658	297914.052491029738	1390.3243314475
0	3663	298415.946896793334	1291.8511366937
0	3680	300141.947920247926	2468.6018879525
0	3687	300760.214605182423	2324.3194804061
0	3698	301735.601735673858	2427.9528105631
0	3703	302210.917940782396	2068.9700205345
0	3712	302894.869962986572	2014.8722781334
0	3725	304039.019951317473	2303.4182156436
0	3732	304507.172299409299	1952.7711218689
0	3739	304927.483215462431	1768.8621800859
0	3748	306155.550287850215	2116.5303365327
0	3759	307051.297458400964	2435.52967133
0	3770	307726.280277874335	2233.0626379699
0	3775	308028.238868806525	1786.9276732206
0	3784	309123.866798076793	1984.2430280987
0	3797	309997.873689187705	2271.5934113134
0	3806	310857.396848592922	2243.0439588614
0	3815	311598.207153333366	2340.1970260777
0	3824	312253.519708151013	2255.6460189633
0	3831	312822.630814416349	1965.2339658234
0	3838	313623.301039729282	2025.0938863959
0	3851	314507.180679542959	2253.6609713919
0	3858	315054.134885547698	2008.8291642722
0	3867	315456.253292318448	1725.5192839075
0	3876	316101.669392595082	1594.4887130521
0	3883	316756.630750559285	1641.8158609886
0	3892	317478.706378117219	1837.6977710053
0	3901	318269.006055453808	1847.5542660803
0	3912	319268.651429191247	1987.4554834329
0	3919	319803.74781992288	1822.8384832386
0	3928	320555.020562466249	1715.7108397689
0	3937	321598.378401529059	2163.0131563637
0	3946	322277.94597856702	1977.5999954436
0	3957	323113.630567677334	2166.4111990482
0	3968	323919.677789183349	2107.1581411175
0	3977	324541.520746517942	1841.7543781456
0	3984	324963.146772980706	1708.7415399961
0	3991	325468.149013817326	1548.471224634
0	4000	326052.554834447817	1511.0340879299
0	4009	326949.128580512495	1863.0629065912
0	4020	327901.6653630417	2215.1753368322
0	4031	328607.82660101542	2206.0441005975
0	4040	329504.367509717138	2233.9808969758
0	4045	330158.306470932455	2202.0276679192
0	4054	330568.860104726643	1961.0335037112
0	4065	331507.345568574981	2002.9780588578
0	4076	332676.229728106426	2352.2657178808
0	4083	333095.003330614435	2051.5978366602
0	4090	333452.22348575482	1627.1374203265
0	4099	333937.814014730993	1261.5842866246
0	4112	334979.114619875344	1756.1319708824
0	4117	335659.487747540715	1872.5690892432
0	4126	336356.416458450275	1902.3364957888
0	4137	337045.391576690617	2066.2769568153
0	4146	337727.933963807318	1868.8192371279
0	4153	338451.604210305977	1881.3440803438
0	4164	339078.477001329903	1952.5931823067
0	4171	339455.457385210339	1466.6315040551
0	4182	340211.053398437818	1677.9994446784
0	4189	340754.504906293024	1430.3475238848
0	4200	341394.771598186363	1576.2313310523
0	4211	342757.032647822072	2484.8920170218
0	4220	343487.674828246256	2452.0477088168
0	4225	343817.109574656954	1913.241526857
0	4236	344636.210286710432	1879.1776388884
0	4247	345345.644794637358	1857.9699663911
0	4256	346068.254198553061	1918.8753107563
0	4263	346556.040070904439	1872.6096717641
0	4270	346919.811530364698	1574.1667357273
0	4281	347751.187555538511	1682.9333569855
0	4288	348255.5509187747	1694.3642401602
0	4297	348748.624596884495	1662.5252476428
0	4306	349643.350932514314	1860.4378050193
0	4319	350285.381528595482	1689.1479029786
0	4324	350803.486350690966	1625.7617238443
0	4333	351377.841680729782	1648.7731380388
0	4342	351978.274035360684	1692.8925067652
0	4353	353305.893224710619	2152.6942174416
0	4360	353939.26932848992	2035.4813760146
0	4373	354858.640240039696	2188.9319001697
0	4382	355552.324819145744	2184.0474804863
0	4391	356101.032013585811	1880.9797169175
0	4396	356684.355778433403	1825.7155383937
0	4407	357455.790311191251	1903.4654920455
0	4418	358261.730782454853	2160.698768869
0	4423	358682.559052901362	1913.6894821655
0	4436	359646.144352247959	2137.3362783808
0	4445	360503.990229824578	2242.2594473697
0	4452	361092.915093479698	2037.8535839729
0	4459	361576.355623779838	1930.2112715319
0	4468	362458.432407025267	1954.4421772007
0	4477	363206.403361167778	1914.9825473316
0	4486	364048.569127265383	2035.6438390911
0	4499	365397.909993119557	2507.2466748767
0	4504	365927.03143232504	2137.9810853396
0	4513	366775.097871618364	2256.0024737846
0	4524	367385.106534417738	1987.1965412982
0	4531	367847.202956210841	1694.4300582167
0	4544	368899.355492088963	2016.7620013934
0	4553	369698.130678059553	2135.6288749259
0	4560	370284.93205527777	2273.6667471472
0	4571	371244.941853219663	2345.5863611307
0	4580	371933.824729872887	2235.6940518133
0	4585	372395.530281309058	2046.4589437935
0	4596	373496.062489366178	2251.1206361465
0	4603	373814.926272165049	1881.1015422922
0	4614	374569.726307736729	1893.4028795455
0	4623	375672.127763601039	2158.4610552527
0	4632	376445.473995851372	2261.1975076608
0	4639	376867.134191002716	1875.3898627125
0	4652	378181.013655290027	2365.1912769768
0	4657	378549.179169768487	2023.2274602167
0	4666	379199.175150040556	1815.2419938706
0	4679	380396.39204791749	2215.3783926275
0	4686	381113.953972840701	2062.9130343441
0	4697	381579.941653925945	1851.9688907079
0	4702	381892.680224636589	1496.2881767191
0	4715	382875.021701306124	1751.2310768478
0	4720	383195.348065579329	1615.4064116534
0	4731	384232.542313216273	2063.1783773191
0	4738	384666.211051633601	1791.1893503275
0	4751	385904.270301014204	2409.3250801787
0	4756	386324.360026745145	2000.3206261899
0	4765	386791.01207521746	1631.3959790859
0	4776	387821.785030374322	1917.5147293601
0	4787	388773.108619451542	2006.0439532623
0	4792	389250.356813706477	1807.8001352493
0	4801	389744.662810955216	1673.434246704
0	4810	390341.950027551521	1568.8414081
0	4819	391534.826053585877	2109.8845346365
0	4828	392370.167056331431	2107.251551142
0	4839	393290.202997159233	2161.1952351406
0	4846	393721.683853073066	1714.5474039484
0	4855	395032.069077529033	2433.6248138454
0	4866	395830.34752565438	2363.9355700929
0	4875	396476.438743108903	2154.6089845709
0	4884	396859.759895084445	1695.5784745049
0	4895	397637.475008564089	1660.1947907824
0	4900	398198.217494320144	1712.7815439831
0	4913	399125.83327749746	2247.7876673453
0	4918	399673.507510218789	2036.0325016547
0	4929	400484.926072089021	2110.6131223496
0	4936	400944.602852175032	1818.7695746776
0	4945	401773.980276659151	1989.2300869804
0	4956	402677.612142870223	2069.5155275054
0	4965	403336.827678512802	1907.903728215
0	4976	404131.439063837772	1882.0724949706
0	4981	404598.026274517199	1814.9725331459
0	4990	405308.966017467922	1925.8865668438
0	5001	406114.473956963068	1983.0348931253
0	5008	406553.154305834344	1786.0460649244
0	5017	407280.890461429975	1652.0730956923
0	5026	408218.260572524762	1957.7464628499
0	5037	408912.578148348278	1862.3002597131
0	5044	409300.848885253093	1436.0057373997
0	5053	410273.368877358755	1904.2896528728
0	5064	411235.009820619618	2013.5541182477
0	5073	412142.814729642143	2021.6925172135
0	5084	412977.430323651081	2107.1983439382
0	5091	413710.686562629437	2120.2585686464
0	5098	414082.502783741823	1695.4825726803
0	5109	415258.046243526063	2280.615919875
0	5120	416177.475164830706	2447.2534341272
0	5125	416556.361714331455	1986.8048165459
0	5134	417387.100311834387	2053.2284894027
0	5143	418012.277897307671	1834.802732477
0	5156	418816.553580667846	1958.5728581529
0	5161	419218.522579874866	1751.0425259359
0	5174	420525.629678042628	2476.8726726528
0	5183	421282.393952272855	2465.840371605
0	5188	421851.713873259746	2168.7860785984
0	5199	422597.29611296209	2071.6664349195
0	5206	423375.708080828213	2093.3141285554
0	5215	423908.743156772131	1746.4433088899
0	5226	424890.943316929066	1946.3177470956
0	5233	425607.471135025868	1866.9230807573
0	5246	426468.381051952042	2087.8121977206
0	5253	427293.50090059454	2208.0225928221
0	5262	428062.362448498629	2211.0267019831
0	5273	429057.497123535745	2589.1160715837
0	5280	429768.846244225301	2471.2580921128
0	5287	430442.856584955029	2281.7663941998
0	5296	431013.123737974116	1955.6266144384
0	5309	432387.131040869303	2506.1786680017
0	5316	433162.997249281056	2432.3380915448
0	5325	433861.500649899266	2295.7021743525
0	5334	434508.251705160386	2121.1206642911
0	5343	435253.650400461651	2085.8593950514
0	5354	436180.394300026841	2231.922673434
0	5363	436947.408524388469	2278.0725596007
0	5368	437410.193886235378	2083.9533518068
0	5377	437910.967307444684	1730.5730074178
0	5386	438810.150305600859	1862.7417812124
0	5395	439638.941813400038	1891.3304081652
0	5404	440158.870416646845	1700.0971114263
0	5417	441639.353677304483	2446.430649329
0	5426	442484.367361245698	2532.2544234339
0	5435	443150.335137080422	2405.6812779978
0	5444	443915.975524345434	2276.621847041
0	5449	444268.178655440009	1783.8112941943
0	5460	445241.326218098423	2090.991081018
0	5467	445891.932396451033	1975.9568721056
0	5476	446454.843460628784	1783.9638301637
0	5485	447298.720229230843	1935.4177609552
0	5496	447873.965291725494	1951.8499592319
0	5507	448623.523204447724	1854.229054274
0	5514	449299.573370721214	1841.2730940152
0	5521	449628.416597424098	1715.3887323104
0	5530	450430.717971129365	1807.1947666816
0	5541	451804.981701029487	2341.6423427872
0	5552	452517.09501477892	2331.7932355218
0	5561	453407.88855669091	2440.6669590622
0	5568	453817.372035468021	1996.3535502087
0	5579	454707.902467204282	2190.8074524254
0	5586	455422.243967698911	2014.355411008
0	5593	456029.393830848882	2027.2595659364
0	5606	457064.452783763433	2356.5503165592
0	5613	457510.051357140789	2075.3252985422
0	5622	458171.656658872986	1850.3643890843
0	5629	458814.4620114472	1750.0092276838
0	5638	459529.286316270034	1764.4383114763
0	5649	460912.126093218129	2405.6892843917
0	5660	461577.76164268146	2193.2579009794
0	5669	462348.881648154955	2138.5964286514
0	5678	463072.50931221063	2104.6734401956
0	5683	463780.607497226472	2202.845854545
0	5692	464292.801103508125	1943.9194553532
0	5703	465411.388324387396	2338.8790121768
0	5714	466301.508458750347	2390.0437102653
0	5721	466873.272993369053	2160.9663998242
0	5728	467318.471025209899	1838.8780835085
0	5739	468534.465109230976	2232.9566504806
0	5750	469367.125811660688	2198.2282010838
0	5759	470151.802600454565	2106.8358324934
0	5764	470567.125912243526	1807.9545296263
0	5773	470887.145226309102	1520.0194146484
0	5782	471466.646281443563	1314.843680989
0	5791	472043.873776076389	1248.9242887124
0	5800	473310.587328253341	2065.5400469899
0	5813	474159.314026543898	2318.2947715279
0	5820	474784.398053633077	2120.7050701138
0	5827	475449.317137151984	1961.8716832716
0	5838	476199.896351667149	2040.5823251233
0	5845	476949.013482732726	2006.2035947107
0	5858	477948.294948460561	2186.4273645915
0	5867	478722.321391291943	2215.452254517
0	5872	479202.203799365115	1954.6036267653
0	5881	479993.73894659805	2045.4439981375
0	5890	480644.371212227297	1922.0498209354
0	5899	481418.688881769804	1875.7031130139
0	5908	482236.439274251488	1932.1236600168
0	5921	483459.565391438108	2302.9546292033
0	5928	484030.642125941839	2151.6119963955
0	5937	484946.585890743907	2185.0056205876
0	5948	485610.677570058059	2151.11217862
0	5957	486435.299989208605	2303.2629767898
0	5964	487020.173137821283	2059.2180634383
0	5971	487450.856975186643	1840.1794051286
0	5980	488358.868892770287	1923.5689035617
0	5993	489525.46514170247	2465.4096141458
0	6002	490422.018232382861	2471.7047806364
0	6009	491071.340669039664	2408.5607292596
0	6018	491852.175657358048	2326.7105156556
0	6025	492330.628793500391	1908.6105611175
0	6038	493430.770658981083	2124.4797878433
0	6043	493781.003785925014	1829.048771644
0	6054	494811.12576308663	2032.737703342
0	6061	495582.076966390042	2151.306307409
0	6072	496303.388678049696	2157.9049662687
0	6083	497341.468769917292	2355.9063514229
0	6090	498148.100967658711	2359.7092695069
0	6101	498866.035415511606	2184.8206814378
0	6106	499190.607558656512	1849.1387887392
0	6115	499756.067613372607	1546.4609711431
0	6126	500957.856658939299	2091.8212434277
0	6137	501618.843032699106	1954.5033414848
0	6144	502254.628428909955	1820.9770262707
0	6151	502575.488545233411	1559.5352844335
0	6160	503640.423796372516	2021.5807636734
0	6169	504006.03379360403	1623.8361641765
0	6182	505440.857969317613	2223.8421184011
0	6187	505759.97708472426	2043.7360878568
0	6198	506652.986417524544	2110.2585931309
0	6207	507337.127325357897	1896.2693560403
0	6216	507903.45484265129	1661.0676549375
0	6227	508676.404265267802	1915.9645722248
0	6236	509533.45602485354	2149.11412457
0	6243	510004.933316912529	1889.1562996432
0	6254	510885.332457907525	2208.9281926397
0	6259	511198.799223080305	1665.3431982268
0	6272	512464.831618079943	2424.1405915003
0	6281	512945.692354207886	2060.3598963004
0	6288	513447.491680691046	1780.5328333285
0	6299	514303.059948887703	1838.2283308078
0	6304	514883.542331680683	1937.8499774728
0	6317	515826.618082076339	2299.902839167
0	6326	516484.011229220806	2180.9512803331
0	6331	516840.367151331185	1754.4825606979
0	6340	517306.697549857227	1480.0794677809
0	6351	518132.749800430638	1648.7385712098
0	6360	518761.774303391603	1820.2052862849
0	6371	520003.783176513416	2320.4383671284
0	6380	520866.675859317211	2634.335474018
0	6387	521654.752806527568	2527.8500282206
0	6398	522327.338488446577	2323.5553119332
0	6407	523173.773355642362	2307.0974963252
0	6414	523681.737691629706	1964.5084706135
0	6423	524484.2781540938	2156.9396656472
0	6434	525260.574799915805	2086.8014442734
0	6443	526096.707801148325	2254.9133608583
0	6448	526403.578008106008	1840.1419191621
0	6457	527032.738725794509	1772.1639258787
0	6466	528042.993239639357	1946.285438491
0	6475	528623.969916813106	1914.2248537391
0	6488	529616.22227774936	2098.2614020351
0	6493	530119.857813371376	1815.0930867065
0	6502	530857.137929694757	1733.0373196397
0	6511	531654.005427053228	2037.7831493039
0	6520	532313.318375777483	1818.1148220319
0	6531	533442.943235300511	2277.6404840872
0	6540	534242.466594837636	2197.9801470414
0	6549	535219.786916160985	2292.9602357559
0	6556	535636.326649412542	2015.4945787042
0	6565	536228.332478832483	1817.7585222758
0	6574	536657.879816601082	1436.3027794752
0	6579	537108.440631860897	1303.3791319001
0	6596	538580.100864591107	2196.8069513328
0	6601	539212.620003009245	1996.1331419181
0	6612	539965.394832193881	2219.3285138346
0	6621	540426.781268510998	1846.6804039199
0	6628	541381.874391809136	2095.8612050861
0	6641	542382.481792336361	2323.6372189131
0	6648	542941.243533650444	2083.4763502702
0	6655	543571.459491038726	1945.7807675935
0	6666	544066.976451454715	1684.4946591184
0	6673	544706.692046206475	1468.7155969441
0	6684	546085.925686871664	2421.2808797602
0	6691	546761.736394465002	2284.8874395713
0	6704	547823.549142759326	2461.1074711662
0	6709	548128.83927044462	1948.9696285687
0	6718	548768.806312792036	1689.3014440779
0	6723	549189.36955709945	1365.8204143401
0	6740	550710.562874190542	2284.8262828309
0	6747	551337.809080258045	2094.8155981489
0	6754	552179.180745128575	2212.4977824278
0	6763	552644.986856030333	1934.4239818398
0	6772	553344.859891338307	1778.5088615958
0	6781	554300.375753128935	1940.8025915734
0	6792	555142.287721904028	2212.0202831458
0	6799	555716.958306496997	2055.8346829377
0	6808	556611.441057175432	2070.3857278917
0	6821	557567.932887095992	2281.329778349
0	6826	558097.820763895322	2020.6659630407
0	6835	558895.868028514122	1996.8472156674
0	6846	559999.557023774867	2431.6241366789
0	6855	560492.343403771554	2035.5584826786
0	6866	561463.314419332926	2158.7569301482
0	6873	561805.291473912109	1692.0813777018
0	6880	562883.98139700297	1965.2871836443
0	6891	563593.634957307984	2130.3205379751
0	6900	564256.672806199675	1984.0056636371
0	6907	564964.217054285144	1954.0001625661
0	6918	565776.787154702504	2079.0694411844
0	6925	566484.885087143665	1907.0776771288
0	6938	567516.726118605619	2193.8833034132
0	6945	568244.128752686118	2440.1312674396
0	6954	569020.942745916581	2366.3628967479
0	6961	569509.920005220955	1993.1938866153
0	6970	570616.337412921747	2220.9253275767
0	6979	571528.686782810871	2258.7104202714
0	6988	572146.346775675228	2096.73197628
0	6997	573144.079779507627	2217.3001592048
0	7008	574110.634476598387	2342.3008678481
0	7017	574804.074803972652	2244.7668865789
0	7024	575157.353405328503	1890.8409057185
0	7029	575679.628720879589	1516.4481618907
0	7042	576807.606789004091	1997.160603432
0	7055	577590.01941410828	1880.8097211644
0	7060	577999.811884062398	1662.7780047711
0	7069	578680.525148799677	1837.728381576
0	7080	579587.495524948497	1997.4761108402
0	7091	580618.180131213773	2292.1226193197
0	7096	581049.252040358294	1873.3113872353
0	7105	581870.670696068588	1964.641453838
0	7116	582886.102315736968	2267.9221845232
0	7125	583611.332812858779	2141.7916351464
0	7132	583930.195105774362	1639.853602834
0	7143	585075.251505710218	1887.6751421951
0	7152	585758.714704401825	1911.7749141064
0	7161	586216.727915452827	1833.8763884269
0	7168	586738.935853214967	1632.8253089916
0	7181	587857.401865208554	2089.9415957741
0	7190	588651.037967763874	2370.3845938202
0	7195	589066.034602141041	1938.9218675438
0	7204	589608.248177357051	1750.8463121485
0	7217	590716.553224856067	2065.5152570922
0	7226	591604.436424002084	2367.2922603786
0	7231	592048.827330814707	1993.760641152
0	7242	592958.343200711566	2241.7899758555
0	7253	594112.655874900552	2508.2194508985
0	7260	594438.569869520175	1952.1264033392
0	7271	595435.714515717733	2127.0085092634
0	7280	596005.100094946134	1892.4442200456
0	7287	596344.114498794112	1516.5729270782
0	7294	597170.056095253709	1734.341579536
0	7305	597775.760826095972	1770.6607311498
0	7312	598533.216486359047	1984.7195334267
0	7325	599372.725860262322	2028.5629900172
0	7332	600036.77390185188	1820.6181145739
0	7339	600704.54702479768	1816.1019606516
0	7350	601396.697605680707	2023.9717454184
0	7357	601994.702063128384	1827.2814174648
0	7366	602630.593431321936	1736.4790151361
0	7375	603350.34663663249	1775.1103398856
0	7384	604075.966689409722	1700.7842063438
1	3165	260152.521751401956	350
1	3172	260515.459682280208	351
1	3183	261361.052936408679	352
1	3192	262116.994132613774	353
1	3201	262894.656500034045	354
1	3210	263481.617424823355	355
1	3217	263833.978582592692	356
1	3222	264529.989320598553	357
1	3237	265866.939512779947	358
1	3246	266547.824237728502	359
1	3257	267472.339916601788	360
1	3262	267898.841709969576	361
1	3271	268537.110324762773	362
1	3282	269226.974705513578	363
1	3289	269930.566350370657	364
1	3298	270677.82542333008	365
1	3307	271137.055401597183	366
1	3320	272057.03899995425	367
1	3329	272890.347630484041	368
1	3338	273471.613880200323	369
1	3343	273787.983150081721	370
1	3356	274609.338836045948	371
1	3363	275090.365040581686	372
1	3374	275903.007747139794	373
1	3379	276434.700464783249	374
1	3392	277333.972491882754	375
1	3399	277916.796289198113	376
1	3410	278576.258327392874	377
1	3415	278898.548537492765	378
1	3428	279723.961059562875	379
1	3433	280285.664968891082	380
1	3446	281410.976347932605	381
1	3453	281983.609829843057	382
1	3462	282700.18564006315	383
1	3471	283463.103513931869	384
1	3478	283768.670527450754	385
1	3487	285179.314159881337	386
1	3498	285733.924981299801	387
1	3505	286389.23532161863	388
1	3518	287483.164052758379	389
1	3523	288012.866414012401	390
1	3532	288599.479406978948	391
1	3541	289174.481193115948	392
1	3554	290202.827991452081	393
1	3559	290711.816568765802	394
1	3570	291470.539404172463	395
1	3581	292124.580725887803	396
1	3586	292424.617637973291	397
1	3597	293445.714710326878	398
1	3608	294338.150534592582	399
1	3617	295150.507922284318	400
1	3626	295702.688507828874	401
1	3633	296450.662548048434	402
1	3640	296877.998305857194	403
1	3649	297352.90894545616	404
1	3658	297914.052491029738	405
1	3663	298415.946896793334	406
1	3680	300141.947920247926	407
1	3687	300760.214605182423	408
1	3698	301735.601735673858	409
1	3703	302210.917940782396	410
1	3712	302894.869962986572	411
1	3725	304039.019951317473	412
1	3732	304507.172299409299	413
1	3739	304927.483215462431	414
1	3748	306155.550287850215	415
1	3759	307051.297458400964	416
1	3770	307726.280277874335	417
1	3775	308028.238868806525	418
1	3784	309123.866798076793	419
1	3797	309997.873689187705	420
1	3806	310857.396848592922	421
1	3815	311598.207153333366	422
1	3824	312253.519708151013	423
1	3831	312822.630814416349	424
1	3838	313623.301039729282	425
1	3851	314507.180679542959	426
1	3858	315054.134885547698	427
1	3867	315456.253292318448	428
1	3876	316101.669392595082	429
1	3883	316756.630750559285	430
1	3892	317478.706378117219	431
1	3901	318269.006055453808	432
1	3912	319268.651429191247	433
1	3919	319803.74781992288	434
1	3928	320555.020562466249	435
1	3937	321598.378401529059	436
1	3946	322277.94597856702	437
1	3957	323113.630567677334	438
1	3968	323919.677789183349	439
1	3977	324541.520746517942	440
1	3984	324963.146772980706	441
1	3991	325468.149013817326	442
1	4000	326052.554834447817	443
1	4009	326949.128580512495	444
1	4020	327901.6653630417	445
1	4031	328607.82660101542	446
1	4040	329504.367509717138	447
1	4045	330158.306470932455	448
1	4054	330568.860104726643	449
1	4065	331507.345568574981	450
1	4076	332676.229728106426	451
1	4083	333095.003330614435	452
1	4090	333452.22348575482	453
1	4099	333937.814014730993	454
1	4112	334979.114619875344	455
1	4117	335659.487747540715	456
1	4126	336356.416458450275	457
1	4137	337045.391576690617	458
1	4146	337727.933963807318	459
1	4153	338451.604210305977	460
1	4164	339078.477001329903	461
1	4171	339455.457385210339	462
1	4182	340211.053398437818	463
1	4189	340754.504906293024	464
1	4200	341394.771598186363	465
1	4211	342757.032647822072	466
1	4220	343487.674828246256	467
1	4225	343817.109574656954	468
1	4236	344636.210286710432	469
1	4247	345345.644794637358	470
1	4256	346068.254198553061	471
1	4263	346556.040070904439	472
1	4270	346919.811530364698	473
1	4281	347751.187555538511	474
1	4288	348255.5509187747	475
1	4297	348748.624596884495	476
1	4306	349643.350932514314	477
1	4319	350285.381528595482	478
1	4324	350803.486350690966	479
1	4333	351377.841680729782	480
1	4342	351978.274035360684	481
1	4353	353305.893224710619	482
1	4360	353939.26932848992	483
1	4373	354858.640240039696	484
1	4382	355552.324819145744	485
1	4391	356101.032013585811	486
1	4396	356684.355778433403	487
1	4407	357455.790311191251	488
1	4418	358261.730782454853	489
1	4423	358682.559052901362	490
1	4436	359646.144352247959	491
1	4445	360503.990229824578	492
1	4452	361092.915093479698	493
1	4459	361576.355623779838	494
1	4468	362458.432407025267	495
1	4477	363206.403361167778	496
1	4486	364048.569127265383	497
1	4499	365397.909993119557	498
1	4504	365927.03143232504	499
1	4513	366775.097871618364	500
1	4524	367385.106534417738	501
1	4531	367847.202956210841	502
1	4544	368899.355492088963	503
1	4553	369698.130678059553	504
1	4560	370284.93205527777	505
1	4571	371244.941853219663	506
1	4580	371933.824729872887	507
1	4585	372395.530281309058	508
1	4596	373496.062489366178	509
1	4603	373814.926272165049	510
1	4614	374569.726307736729	511
1	4623	375672.127763601039	512
1	4632	376445.473995851372	513
1	4639	376867.134191002716	514
1	4652	378181.013655290027	515
1	4657	378549.179169768487	516
1	4666	379199.175150040556	517
1	4679	380396.39204791749	518
1	4686	381113.953972840701	519
1	4697	381579.941653925945	520
1	4702	381892.680224636589	521
1	4715	382875.021701306124	522
1	4720	383195.348065579329	523
1	4731	384232.542313216273	524
1	4738	384666.211051633601	525
1	4751	385904.270301014204	526
1	4756	386324.360026745145	527
1	4765	386791.01207521746	528
1	4776	387821.785030374322	529
1	4787	388773.108619451542	530
1	4792	389250.356813706477	531
1	4801	389744.662810955216	532
1	4810	390341.950027551521	533
1	4819	391534.826053585877	534
1	4828	392370.167056331431	535
1	4839	393290.202997159233	536
1	4846	393721.683853073066	537
1	4855	395032.069077529033	538
1	4866	395830.34752565438	539
1	4875	396476.438743108903	540
1	4884	396859.759895084445	541
1	4895	397637.475008564089	542
1	4900	398198.217494320144	543
1	4913	399125.83327749746	544
1	4918	399673.507510218789	545
1	4929	400484.926072089021	546
1	4936	400944.602852175032	547
1	4945	401773.980276659151	548
1	4956	402677.612142870223	549
1	4965	403336.827678512802	550
1	4976	404131.439063837772	551
1	4981	404598.026274517199	552
1	4990	405308.966017467922	553
1	5001	406114.473956963068	554
1	5008	406553.154305834344	555
1	5017	407280.890461429975	556
1	5026	408218.260572524762	557
1	5037	408912.578148348278	558
1	5044	409300.848885253093	559
1	5053	410273.368877358755	560
1	5064	411235.009820619618	561
1	5073	412142.814729642143	562
1	5084	412977.430323651081	563
1	5091	413710.686562629437	564
1	5098	414082.502783741823	565
1	5109	415258.046243526063	566
1	5120	416177.475164830706	567
1	5125	416556.361714331455	568
1	5134	417387.100311834387	569
1	5143	418012.277897307671	570
1	5156	418816.553580667846	571
1	5161	419218.522579874866	572
1	5174	420525.629678042628	573
1	5183	421282.393952272855	574
1	5188	421851.713873259746	575
1	5199	422597.29611296209	576
1	5206	423375.708080828213	577
1	5215	423908.743156772131	578
1	5226	424890.943316929066	579
1	5233	425607.471135025868	580
1	5246	426468.381051952042	581
1	5253	427293.50090059454	582
1	5262	428062.362448498629	583
1	5273	429057.497123535745	584
1	5280	429768.846244225301	585
1	5287	430442.856584955029	586
1	5296	431013.123737974116	587
1	5309	432387.131040869303	588
1	5316	433162.997249281056	589
1	5325	433861.500649899266	590
1	5334	434508.251705160386	591
1	5343	435253.650400461651	592
1	5354	436180.394300026841	593
1	5363	436947.408524388469	594
1	5368	437410.193886235378	595
1	5377	437910.967307444684	596
1	5386	438810.150305600859	597
1	5395	439638.941813400038	598
1	5404	440158.870416646845	599
1	5417	441639.353677304483	600
1	5426	442484.367361245698	601
1	5435	443150.335137080422	602
1	5444	443915.975524345434	603
1	5449	444268.178655440009	604
1	5460	445241.326218098423	605
1	5467	445891.932396451033	606
1	5476	446454.843460628784	607
1	5485	447298.720229230843	608
1	5496	447873.965291725494	609
1	5507	448623.523204447724	610
1	5514	449299.573370721214	611
1	5521	449628.416597424098	612
1	5530	450430.717971129365	613
1	5541	451804.981701029487	614
1	5552	452517.09501477892	615
1	5561	453407.88855669091	616
1	5568	453817.372035468021	617
1	5579	454707.902467204282	618
1	5586	455422.243967698911	619
1	5593	456029.393830848882	620
1	5606	457064.452783763433	621
1	5613	457510.051357140789	622
1	5622	458171.656658872986	623
1	5629	458814.4620114472	624
1	5638	459529.286316270034	625
1	5649	460912.126093218129	626
1	5660	461577.76164268146	627
1	5669	462348.881648154955	628
1	5678	463072.50931221063	629
1	5683	463780.607497226472	630
1	5692	464292.801103508125	631
1	5703	465411.388324387396	632
1	5714	466301.508458750347	633
1	5721	466873.272993369053	634
1	5728	467318.471025209899	635
1	5739	468534.465109230976	636
1	5750	469367.125811660688	637
1	5759	470151.802600454565	638
1	5764	470567.125912243526	639
1	5773	470887.145226309102	640
1	5782	471466.646281443563	641
1	5791	472043.873776076389	642
1	5800	473310.587328253341	643
1	5813	474159.314026543898	644
1	5820	474784.398053633077	645
1	5827	475449.317137151984	646
1	5838	476199.896351667149	647
1	5845	476949.013482732726	648
1	5858	477948.294948460561	649
1	5867	478722.321391291943	650
1	5872	479202.203799365115	651
1	5881	479993.73894659805	652
1	5890	480644.371212227297	653
1	5899	481418.688881769804	654
1	5908	482236.439274251488	655
1	5921	483459.565391438108	656
1	5928	484030.642125941839	657
1	5937	484946.585890743907	658
1	5948	485610.677570058059	659
1	5957	486435.299989208605	660
1	5964	487020.173137821283	661
1	5971	487450.856975186643	662
1	5980	488358.868892770287	663
1	5993	489525.46514170247	664
1	6002	490422.018232382861	665
1	6009	491071.340669039664	666
1	6018	491852.175657358048	667
1	6025	492330.628793500391	668
1	6038	493430.770658981083	669
1	6043	493781.003785925014	670
1	6054	494811.12576308663	671
1	6061	495582.076966390042	672
1	6072	496303.388678049696	673
1	6083	497341.468769917292	674
1	6090	498148.100967658711	675
1	6101	498866.035415511606	676
1	6106	499190.607558656512	677
1	6115	499756.067613372607	678
1	6126	500957.856658939299	679
1	6137	501618.843032699106	680
1	6144	502254.628428909955	681
1	6151	502575.488545233411	682
1	6160	503640.423796372516	683
1	6169	504006.03379360403	684
1	6182	505440.857969317613	685
1	6187	505759.97708472426	686
1	6198	506652.986417524544	687
1	6207	507337.127325357897	688
1	6216	507903.45484265129	689
1	6227	508676.404265267802	690
1	6236	509533.45602485354	691
1	6243	510004.933316912529	692
1	6254	510885.332457907525	693
1	6259	511198.799223080305	694
1	6272	512464.831618079943	695
1	6281	512945.692354207886	696
1	6288	513447.491680691046	697
1	6299	514303.059948887703	698
1	6304	514883.542331680683	699
1	6317	515826.618082076339	700
1	6326	516484.011229220806	701
1	6331	516840.367151331185	702
1	6340	517306.697549857227	703
1	6351	518132.749800430638	704
1	6360	518761.774303391603	705
1	6371	520003.783176513416	706
1	6380	520866.675859317211	707
1	6387	521654.752806527568	708
1	6398	522327.338488446577	709
1	6407	523173.773355642362	710
1	6414	523681.737691629706	711
1	6423	524484.2781540938	712
1	6434	525260.574799915805	713
1	6443	526096.707801148325	714
1	6448	526403.578008106008	715
1	6457	527032.738725794509	716
1	6466	528042.993239639357	717
1	6475	528623.969916813106	718
1	6488	529616.22227774936	719
1	6493	530119.857813371376	720
1	6502	530857.137929694757	721
1	6511	531654.005427053228	722
1	6520	532313.318375777483	723
1	6531	533442.943235300511	724
1	6540	534242.466594837636	725
1	6549	535219.786916160985	726
1	6556	535636.326649412542	727
1	6565	536228.332478832483	728
1	6574	536657.879816601082	729
1	6579	537108.440631860897	730
1	6596	538580.100864591107	731
1	6601	539212.620003009245	732
1	6612	539965.394832193881	733
1	6621	540426.781268510998	734
1	6628	541381.874391809136	735
1	6641	542382.481792336361	736
1	6648	542941.243533650444	737
1	6655	543571.459491038726	738
1	6666	544066.976451454715	739
1	6673	544706.692046206475	740
1	6684	546085.925686871664	741
1	6691	546761.736394465002	742
1	6704	547823.549142759326	743
1	6709	548128.83927044462	744
1	6718	548768.806312792036	745
1	6723	549189.36955709945	746
1	6740	550710.562874190542	747
1	6747	551337.809080258045	748
1	6754	552179.180745128575	749
1	6763	552644.986856030333	750
1	6772	553344.859891338307	751
1	6781	554300.375753128935	752
1	6792	555142.287721904028	753
1	6799	555716.958306496997	754
1	6808	556611.441057175432	755
1	6821	557567.932887095992	756
1	6826	558097.820763895322	757
1	6835	558895.868028514122	758
1	6846	559999.557023774867	759
1	6855	560492.343403771554	760
1	6866	561463.314419332926	761
1	6873	561805.291473912109	762
1	6880	562883.98139700297	763
1	6891	563593.634957307984	764
1	6900	564256.672806199675	765
1	6907	564964.217054285144	766
1	6918	565776.787154702504	767
1	6925	566484.885087143665	768
1	6938	567516.726118605619	769
1	6945	568244.128752686118	770
1	6954	569020.942745916581	771
1	6961	569509.920005220955	772
1	6970	570616.337412921747	773
1	6979	571528.686782810871	774
1	6988	572146.346775675228	775
1	6997	573144.079779507627	776
1	7008	574110.634476598387	777
1	7017	574804.074803972652	778
1	7024	575157.353405328503	779
1	7029	575679.628720879589	780
1	7042	576807.606789004091	781
1	7055	577590.01941410828	782
1	7060	577999.811884062398	783
1	7069	578680.525148799677	784
1	7080	579587.495524948497	785
1	7091	580618.180131213773	786
1	7096	581049.252040358294	787
1	7105	581870.670696068588	788
1	7116	582886.102315736968	789
1	7125	583611.332812858779	790
1	7132	583930.195105774362	791
1	7143	585075.251505710218	792
1	7152	585758.714704401825	793
1	7161	586216.727915452827	794
1	7168	586738.935853214967	795
1	7181	587857.401865208554	796
1	7190	588651.037967763874	797
1	7195	589066.034602141041	798
1	7204	589608.248177357051	799
1	7217	590716.553224856067	800
1	7226	591604.436424002084	801
1	7231	592048.827330814707	802
1	7242	592958.343200711566	803
1	7253	594112.655874900552	804
1	7260	594438.569869520175	805
1	7271	595435.714515717733	806
1	7280	596005.100094946134	807
1	7287	596344.114498794112	808
1	7294	597170.056095253709	809
1	7305	597775.760826095972	810
1	7312	598533.216486359047	811
1	7325	599372.725860262322	812
1	7332	600036.77390185188	813
1	7339	600704.54702479768	814
1	7350	601396.697605680707	815
1	7357	601994.702063128384	816
1	7366	602630.593431321936	817
1	7375	603350.34663663249	818
1	7384	604075.966689409722	819

