version 2
run Pipelined_3Teachers-23-20190105-10:57:22-22380
attr configname Pipelined_3Teachers
attr datetime 20190105-10:57:22
attr experiment Pipelined_3Teachers
attr inifile ../simulations/omnetpp.ini
attr iterationvars "$0=\"uniform\""
attr iterationvarsf uniform-
attr measurement "$0=\"uniform\""
attr network PipelinedExamSession
attr processid 22380
attr repetition 23
attr replication #23
attr resultdir results
attr runnumber 23
attr seedset 23
param **.teachersNumber 3
param **.answerTimeDistribution "\"uniform\""
param **.minUniform 300
param **.maxUniform 900
param **.scaleLognormal 6.2854
param **.shapeLognormal 0.4724

vector 0 PipelinedExamSession examinationTime:vector ETV
attr source examFinished
vector 1 PipelinedExamSession studentID:vector ETV
attr source student
0	3181	260231.447020545614	2306.6437210422
0	3194	261151.431823661563	2523.7505994737
0	3203	261913.757682871086	2388.1165316328
0	3212	262508.230975689379	2129.9424388446
0	3217	262861.114709498373	1709.6828858368
0	3226	263605.259534809751	1691.5018519387
0	3235	264179.667382501078	1671.4364068117
0	3244	265038.90411187896	1842.258488154
0	3255	265803.110653767375	1985.4448931292
0	3262	266331.346352957202	1805.8049390092
0	3275	267541.286948136999	2118.8583401497
0	3280	268032.006696984186	1746.479445789
0	3291	268910.287396470099	1959.0948783327
0	3302	269682.382536772653	2141.0955886357
0	3311	270361.936671612799	1963.6915330309
0	3318	270974.188704695567	1937.817015918
0	3325	271766.621084371596	2084.2385475989
0	3334	272419.650180358455	2057.7135087457
0	3343	273043.29037140125	1868.5197791085
0	3352	273643.157795537278	1689.3455211539
0	3363	274485.996428690865	1808.4172333125
0	3370	275061.612264253213	1860.9971362632
0	3381	276267.087077256307	2264.8606443778
0	3388	277008.186520775795	2201.4086692594
0	3401	278033.903253357873	2360.372395115
0	3410	278883.766419813053	2332.7779715415
0	3417	279411.790844192745	2106.3194371294
0	3424	279822.565125999989	1788.6618726421
0	3433	280340.09860907683	1456.3321892638
0	3442	280904.901513783278	1400.8149651345
0	3447	281564.512194832804	1530.1170668565
0	3464	283133.64485884087	2267.686212156
0	3471	283928.950664447638	2355.1833541598
0	3478	284292.062819190341	1974.4083826896
0	3491	285231.647347938287	2098.0024890974
0	3498	285672.55881889725	1661.8447252549
0	3509	286876.100422069448	2464.3410982098
0	3518	287732.250539213437	2500.6031912752
0	3525	288188.336306484434	2210.259111179
0	3534	288956.077924557049	2079.9775024876
0	3545	290007.429446931947	2275.1789077185
0	3550	290406.633728044126	2082.9931880347
0	3559	291576.798807363976	2360.3076689411
0	3570	292334.855590341631	2327.4261434097
0	3581	292933.796357503179	2044.7490165476
0	3588	293307.806485751662	1607.9791030381
0	3597	294205.515561578814	1867.7288885694
0	3604	294731.96077630857	1798.1644188054
0	3613	295315.243914909679	1935.9691020101
0	3624	296204.606855940092	1927.6678056456
0	3635	297368.504099780711	2397.0604261849
0	3642	298049.720189441013	2283.4268444683
0	3653	298718.251838441956	2242.1872543171
0	3660	299222.773946123216	1854.2698463425
0	3669	300089.190637506563	2001.2818214949
0	3680	300957.884134445357	2239.6322960034
0	3689	301830.567811802047	2218.127748929
0	3696	302485.847227089124	2090.4493183829
0	3707	303286.862832773494	2328.9786983281
0	3712	303676.493602339196	1845.9257905371
0	3721	304202.979644900205	1657.6519782655
0	3732	304813.38304672392	1526.5202139504
0	3741	305380.124295037257	1604.2570175137
0	3750	306197.803604789096	1789.6004739683
0	3761	306907.567428052443	2085.686354572
0	3766	307269.903453765455	1586.2931469921
0	3775	307792.830248270201	1591.7226690799
0	3780	308524.520772881824	1616.9533448294
0	3797	310225.247240904737	2518.5306882486
0	3806	310786.1986838747	2261.2566745374
0	3811	311178.3804388717	1779.5699788257
0	3824	312117.472526896764	1892.225285992
0	3831	312500.239490624536	1714.0408067498
0	3840	313463.263373728861	1978.1142372172
0	3847	313946.533851278965	1829.0613243822
0	3856	314587.224220577647	1628.1717443839
0	3865	315121.575888991375	1479.8899357673
0	3874	316129.722609976326	1984.4603748992
0	3885	317200.883321044986	2311.1145442352
0	3892	317732.190579827894	1946.8463372905
0	3905	318586.754658725133	1917.3020855058
0	3910	319220.944027835524	1767.1882561874
0	3923	320045.155732752776	2154.5694183558
0	3930	320595.535438321552	2008.7807795964
0	3939	321258.345799567199	1927.7064118534
0	3948	321970.085327094443	1924.9295943417
0	3955	322472.257930599175	1776.4517870732
0	3968	323077.937748888529	1704.9839237239
0	3977	323814.458752563245	1825.9046810679
0	3982	324166.017855238191	1646.0823405068
0	3993	325265.089390659727	2187.1516417712
0	4000	325620.996806211792	1806.5380536485
0	4009	326497.480783006198	2057.509661559
0	4022	327495.624598860763	2187.3917307705
0	4027	327936.114223022036	1833.0075487029
0	4040	329050.656405044742	2422.1250356175
0	4047	329745.285837957658	2249.6612390969
0	4056	330256.339536281325	1880.7463268749
0	4067	331011.768901208438	1961.1124961637
0	4074	331616.72122073362	1754.64402996
0	4081	332188.91927758234	1920.2098322567
0	4092	333081.624522060179	2069.8556208517
0	4099	333810.985086997994	1991.4154726546
0	4110	334630.818311590724	2054.6117583755
0	4119	335515.823478391417	2155.6924113538
0	4128	336207.883130712458	2202.2763145622
0	4137	336791.092156246328	2005.3358334582
0	4148	337401.474794559204	1879.0849164594
0	4155	337920.928170857974	1604.7820838168
0	4164	338385.101906256773	1569.5495462045
0	4171	338715.39340973834	1313.9186151791
0	4180	339656.177236279497	1729.2554119136
0	4193	340527.494071936259	2139.2681919504
0	4198	341073.02265116016	1835.2205164265
0	4207	341549.977443181003	1435.9098692425
0	4218	342419.01587597097	1891.5218040347
0	4227	343141.931853583108	1999.8034077231
0	4234	343727.74785063232	1849.4049018715
0	4245	344390.955718746434	1901.0855481494
0	4256	345691.606376459847	2309.4183457084
0	4265	346385.267909243728	2425.7190287579
0	4272	347148.741115210603	2295.2801979147
0	4279	347567.139772977705	1875.5333965179
0	4292	348809.721358353298	2424.4534491096
0	4299	349619.099516887244	2404.9250741489
0	4306	350099.830406578284	1991.466959333
0	4319	351434.631718508926	2624.9103601556
0	4324	351756.096604932126	2051.2401084881
0	4333	352815.668323449817	2231.9379220717
0	4344	353808.666482940343	2374.0347644314
0	4355	354707.816224079606	2483.80701961
0	4360	355569.459159253192	2518.1409669109
0	4371	355982.0042413194	2038.0300713703
0	4374	356320.119703933623	1612.303479854
0	4387	357333.463761582998	1737.3847500421
0	4396	358120.106317754862	1719.3269665819
0	4409	359102.209178125513	1872.4316592794
0	4414	359531.560528278378	1805.7592604309
0	4427	360622.935953177539	2066.6874179151
0	4434	361433.674654690576	2331.4654765651
0	4443	361893.418420292464	1930.3096081596
0	4454	362626.476975297583	2003.54102212
0	4461	363158.864209475023	1641.8590168934
0	4472	364125.83741219717	2175.9276383556
0	4481	364836.572876991731	2210.0959016941
0	4486	365255.602311110151	1977.7564408723
0	4495	365863.652265770388	1737.8148535732
0	4504	366375.536398775902	1538.9635217842
0	4513	367113.584779668627	1658.4200619254
0	4522	368020.397483976586	2006.5626822878
0	4533	369192.647755891112	2413.3502497338
0	4540	369561.542400531498	1884.3735387549
0	4553	371092.103496193913	2550.7506945636
0	4560	371455.436196411056	2015.6197251286
0	4569	372301.929888641489	1984.4999091234
0	4576	372938.91665912236	1846.8131629284
0	4589	373953.416080400375	2275.4109933972
0	4598	374536.73259434293	2040.8842502162
0	4605	375140.532102948082	1927.0320463926
0	4612	375663.821945479167	1710.4058650788
0	4625	376967.910797847463	2431.1782035045
0	4632	377303.707909444375	1889.5913626067
0	4635	377636.547719920082	1562.0694230776
0	4648	378906.284668017207	1938.3738701697
0	4661	379975.767113780631	2108.5250356235
0	4666	380641.22481937523	2110.7091772836
0	4675	381251.079323189361	1961.7268540431
0	4686	382202.447086013881	2226.6799722332
0	4693	382860.361010720981	2104.2190692388
0	4702	383766.888418793706	2242.3328437842
0	4713	384277.223504008753	1875.2885805443
0	4720	384703.366979816956	1525.0767324585
0	4731	385515.079433284728	1656.1405525077
0	4742	386370.620497036753	1907.8425840475
0	4747	387097.887435229523	1943.2379557751
0	4756	387893.220095336465	2244.1310185008
0	4769	388753.69682810272	2383.076331066
0	4774	389145.211073197451	2014.8803869262
0	4783	389522.492464631823	1528.1547962688
0	4792	390226.506590656963	1472.8097625542
0	4803	391132.858765265	1920.4538036138
0	4814	392209.091339539764	2376.8376795575
0	4823	392914.651846233783	2229.3982847594
0	4828	393381.386807654081	2064.1203036066
0	4841	394147.524930769606	1938.4335912298
0	4846	394526.049765525414	1611.3979192916
0	4857	395423.007097654073	1929.924118286
0	4868	396319.681860459997	2172.1569296904
0	4873	396966.391493752627	1936.5632676054
0	4882	397355.721305077924	1854.8112636432
0	4895	398368.235901603504	2048.5540411435
0	4904	399223.57837948951	2086.8974328507
0	4913	399865.924945380567	2116.0307242535
0	4920	400650.643231300665	2282.4073296972
0	4927	401049.282858939869	1825.7044794504
0	4940	402024.422304891079	2158.4973595105
0	4947	402567.846659850358	1895.181115251
0	4954	403355.78476153317	2094.3968414795
0	4965	404075.6067357492	2051.1844308581
0	4972	404429.552387120231	1754.1265224572
0	4981	405006.667949957803	1550.497611193
0	4992	406170.688629057288	2091.3807484321
0	5001	406998.314335942298	2302.9468172695
0	5008	407467.105732904777	1958.5989271291
0	5021	408748.40023596774	2388.2587014232
0	5028	409441.945076035365	2303.3692241181
0	5039	410479.173207795277	2537.5734642148
0	5044	410979.01749308224	2230.6172571145
0	5053	411335.336308786675	1740.4581706971
0	5064	412413.773528253689	1934.6003204584
0	5073	413496.54611768204	2356.4695932437
0	5084	414449.678079597681	2501.3818767853
0	5091	415197.17196417044	2383.8778656442
0	5100	416001.326220156654	2373.0434690136
0	5107	416620.493194274633	2170.815114677
0	5116	417535.803156439245	2295.6794550642
0	5129	418697.698963433534	2567.0338568743
0	5134	419156.873052287877	2139.6515656728
0	5145	419830.573233962089	2018.9072268549
0	5152	420676.65729126896	1978.9583278354
0	5163	421426.747883157835	1960.0594726391
0	5170	421888.486791215867	1717.3019715585
0	5175	422526.356976153359	1679.4644126203
0	5188	423721.16317092444	2062.653874699
0	5199	424351.979936566234	1803.0129260849
0	5210	425242.826024908603	2056.1822899617
0	5215	425759.157381160215	1735.8871869743
0	5226	426624.364786595137	1951.7521737143
0	5237	427471.626252913879	2228.8002280053
0	5242	427903.377735195713	1906.0514446814
0	5255	428734.535875590549	2062.2020410839
0	5260	429124.634342361272	1653.0080894474
0	5271	430065.128320176185	1975.9584199637
0	5278	430395.976532762901	1661.4406571724
0	5289	430890.310688456551	1310.5509134475
0	5296	431333.152400096909	1162.1697485447
0	5305	432065.535650728301	1525.6681452971
0	5314	432662.422405555875	1703.2793195453
0	5323	433199.879345996336	1444.8768928181
0	5332	433688.231574604318	1307.3663931806
0	5341	434812.864343728901	1960.5887852143
0	5350	435406.317809410423	1753.8602469955
0	5361	436670.52837847735	2446.294114273
0	5368	436994.795282045409	1885.89388174
0	5377	437684.061904158473	1801.6897091176
0	5390	438676.231223763928	1962.1183626819
0	5395	439014.393667504221	1850.5754793528
0	5404	439729.307520948381	1912.1316513978
0	5417	440848.019448621229	2171.7882248573
0	5422	441426.903382642225	1855.8745380957
0	5431	442074.961319938333	1972.8500288911
0	5444	443164.194421749593	2316.1749731284
0	5453	443670.021193893657	2004.0515590925
0	5460	444316.443096706674	2024.4239405729
0	5469	445117.538113240183	1953.3436914906
0	5480	445728.098923014508	2058.0777291209
0	5485	446206.538065569506	1750.6188247818
0	5498	447203.375498671116	2041.3575197104
0	5503	447528.162382543118	1800.0634595286
0	5512	448199.915715493294	1766.3164510857
0	5523	449087.74702535014	1884.371526679
0	5530	449787.073441129209	1898.1453824323
0	5539	450540.005772560865	1910.3563503362
0	5552	451617.821761826084	2254.9542882945
0	5559	451980.880607524917	1743.7961088493
0	5566	452815.266775712401	1751.6204629093
0	5577	453764.007183071257	2146.1854212452
0	5584	454081.490488769518	1663.5595676489
0	5593	454922.790373535858	1741.1765785888
0	5602	455558.3877436817	1673.2270223089
0	5611	456475.578295206682	1883.1356657669
0	5622	457389.002158865363	2030.8446763549
0	5631	458166.990990377993	2144.9460375588
0	5642	458912.028376618431	2284.824155923
0	5649	459295.145389856801	1775.3900941461
0	5660	460076.497572474212	1842.7407751791
0	5669	460861.279663816125	1949.2512871977
0	5678	461421.197971142859	1992.3048687167
0	5683	461962.627974618257	1886.130402144
0	5694	462687.674222979725	1826.3945591636
0	5705	463657.992766890706	2236.7947957478
0	5710	464009.211644344063	1855.0288842525
0	5723	464893.294362025367	2099.9986760784
0	5730	465484.901750274034	1826.9089833833
0	5741	466361.111073195966	2237.7156735398
0	5750	467183.511837618457	2290.2174755931
0	5757	467853.820183826642	2213.2059979253
0	5766	468778.748629102515	2417.6375559065
0	5777	469675.228496734085	2491.7166591156
0	5784	470332.710236823218	2301.7358133104
0	5791	470956.270798528599	2037.8516946919
0	5802	471578.165176743673	1902.9366800096
0	5809	472295.894459774749	1894.2412404343
0	5820	473395.639801304819	2256.0821036808
0	5831	474130.010201828586	2308.0375537276
0	5836	474557.336351182344	1843.5516551603
0	5847	475363.93235391009	1866.6557019576
0	5856	476141.46782658066	2011.4576247521
0	5863	476446.292946953358	1554.2354058009
0	5876	477538.664613850447	1871.5845788363
0	5885	478209.787668194654	1885.686847195
0	5892	478925.48764147799	2099.4541194756
0	5903	479812.071457318994	2273.4068434685
0	5908	480276.84191381562	2067.054245621
0	5919	480853.84550211023	1854.2918780353
0	5930	481823.49154064435	2011.4200833254
0	5939	482414.895385410669	2023.3354970813
0	5948	483198.40339268561	1952.6756095234
0	5955	483703.191441250998	1879.6999006066
0	5964	484254.248343408141	1839.3529579975
0	5975	485304.525396740097	2106.1220040545
0	5980	485659.423905797336	1892.8587730508
0	5989	486493.055517738718	1991.47926718
0	5998	487383.026012778315	2078.5006160382
0	6007	488184.588515991378	2086.303470796
0	6016	488628.918979922342	1924.6020449325
0	6025	489553.922185488078	1971.8130846508
0	6034	490350.094025675241	1969.9553544167
0	6047	491515.295011270824	2603.1681910157
0	6052	492097.495597181875	2313.508358784
0	6063	492988.127445196765	2348.824810423
0	6070	493472.798242606256	1957.5032313354
0	6081	494508.547401241991	2330.1565764472
0	6090	495199.331766134161	2147.6917301305
0	6097	495997.034213645417	2049.5078498963
0	6106	496502.810266613993	1807.8971264418
0	6117	497308.94651343118	1737.8912902437
0	6128	497918.54573870081	1891.5632916614
0	6137	498816.020338190752	2011.6268991027
0	6144	499630.879785586181	2216.1675492302
0	6153	500323.649410530958	2405.1036718301
0	6160	501148.005465930361	2331.9851277396
0	6171	502018.233591271597	2326.248694025
0	6180	502735.771056544069	2143.9647487365
0	6187	503346.839701943133	1891.8640854768
0	6198	504392.99185839485	2223.2819953468
0	6207	504947.843705210868	1912.5189580489
0	6214	506051.941038994153	2147.1285478212
0	6223	506683.652959624339	2145.4599718563
0	6236	507728.723243996536	2319.9359554332
0	6245	508407.373214559665	2104.8748137429
0	6252	508995.82552243959	2092.4028824084
0	6261	509632.969952747261	1904.2467087507
0	6272	510370.5970144831	1963.2237999234
0	6281	511208.979836432299	2074.1247030906
0	6286	511774.313325108996	2096.2817672174
0	6297	512349.783692741802	1979.1866782587
0	6306	512799.25891407769	1590.2790776454
0	6313	513210.935270832887	1270.5853387713
0	6322	513798.596660373768	1427.8681736905
0	6331	515027.637730166352	2147.1770994365
0	6342	515957.642279611937	2242.1621611342
0	6349	516525.905450061	1960.5223182589
0	6358	516993.253133073485	1635.593351908
0	6367	518044.380496116391	1835.9758903272
0	6380	519418.986162543332	2546.4985370636
0	6389	520036.778934951907	2375.3933579195
0	6398	520836.176932230627	2308.724755235
0	6403	521236.672707321158	1817.6865447778
0	6414	522183.533709123766	2146.7547741719
0	6421	522510.326151642984	1674.1492194124
0	6426	523203.997893165833	1531.8084529135
0	6439	524261.415738333053	1919.9616660364
0	6448	524825.191132910586	1588.7428330723
0	6459	525974.711802927813	2136.4498235285
0	6466	526397.200961317903	1843.811582448
0	6475	526949.918577214739	1579.522211384
0	6484	528144.848311180284	2156.3606214244
0	6497	529210.522931395134	2326.6573485453
0	6506	530083.305985294318	2368.3847067878
0	6513	530589.400271186641	2091.8413852807
0	6522	531313.505146047136	2102.982214652
0	6531	532213.402450969478	2130.0964656752
0	6538	532860.555658070406	2264.5641820505
0	6551	533757.360842730887	2327.8725002892
0	6558	534143.149168789424	1849.5894839522
0	6569	535253.581988532133	2204.9555586185
0	6576	535609.973617689721	1852.6127749588
0	6587	536648.36783702489	2274.3407260627
0	6596	537539.743645861782	2286.1616573296
0	6603	538016.19788878601	2111.275321478
0	6610	538492.995560914315	1844.6277238894
0	6619	539450.910846702792	1911.167200841
0	6628	540354.384557437189	2056.2229912262
0	6641	541391.228337725662	2200.1645235345
0	6646	541756.371458061077	1826.0533591267
0	6655	542522.336098551788	1943.5126171913
0	6664	543164.723476767577	1773.4951390419
0	6675	544137.77234489102	1907.8372278716
0	6686	545311.814309097864	2505.7247356977
0	6695	545870.036308793389	2215.3982018586
0	6700	546313.488790299781	1877.340580523
0	6713	547392.012256896161	2080.1979477983
0	6718	547888.135133637153	2018.0988248438
0	6727	548905.504862777927	2253.3013445791
0	6736	549464.812443684824	2072.8001867887
0	6745	550403.078826377207	2136.9211681187
0	6756	551176.287723798343	2064.536784729
0	6763	551802.996722795107	1841.4379393682
0	6772	552552.40542492833	1825.2149001695
0	6781	553791.021722741463	2177.5935093407
0	6794	554436.035255575591	2041.8433116283
0	6803	555216.882308386305	2181.3883509021
0	6812	555908.299525268415	2055.2761880681
0	6821	556771.303826803381	2335.2685712278
0	6826	557191.736386204178	1974.8540778179
0	6837	557797.415425675029	1889.1159004066
0	6846	558620.712218340525	1849.4083915371
0	6853	559323.384451400527	2050.8894535247
0	6864	559971.155388979281	2018.4293204919
0	6875	561059.402154386083	2355.502046831
0	6880	561430.297456076408	1981.344527984
0	6889	561974.029467674012	1706.3290114515
0	6900	562874.699628911953	1815.2974745259
0	6909	563466.63872692738	1889.3431054428
0	6920	564445.832553925032	2284.0922431089
0	6929	565231.935099698643	2317.3523864709
0	6938	565948.765096021856	2362.2138682287
0	6943	566403.72433452871	1957.8917806037
0	6952	566958.431194676127	1726.4960949775
0	6961	568008.459982601966	2059.6948865801
0	6970	568979.512653965543	2289.3626040313
0	6979	569868.810065696056	2282.5610561762
0	6988	570483.540451107587	2024.3035296444
0	6999	571598.086503474082	2259.1514476575
0	7008	572489.123386563773	2297.4846225232
0	7019	573120.021188026334	2065.6410172116
0	7024	573481.589224375824	1597.3702201154
0	7033	574049.61042618383	1429.9293730874
0	7044	575394.240057980682	2274.2188699543
0	7053	576140.882530063431	2183.2378575113
0	7060	576729.860546020831	2023.2307797298
0	7069	577470.422531431581	1957.1926624048
0	7078	577878.537156013813	1653.5866750404
0	7083	578345.626241527539	1430.9636738151
0	7096	579510.828709323	1978.1811836176
0	7105	580379.114034818526	2030.2912810352
0	7118	581617.430277122226	2443.9911648631
0	7127	582285.407111188438	2302.6976702269
0	7136	583154.584924830165	2394.7027901653
0	7143	583525.361081399065	1907.9308042768
0	7146	583941.189889283892	1655.7827780955
0	7161	585259.679246228229	2105.0943213981
0	7172	586070.389244053554	2090.1980938856
0	7179	586571.688656648662	1813.986407686
0	7188	587483.740019006696	2218.8549466431
0	7197	587999.24007332888	1928.8508292753
0	7204	588854.791652457831	1968.756973464
0	7213	589436.088075768245	1779.4555886183
0	7222	590351.266297604931	1846.0723788477
0	7233	591387.942413426978	2010.7464521192
0	7244	592236.311054276345	2006.0839526821
0	7251	592805.730907945005	1766.7045343202
0	7260	593896.675365418239	2472.0601821318
0	7269	594420.736622856973	2184.4255685806
0	7276	594804.347764095335	1713.9122874476
0	7289	596102.389005012854	2173.5443829093
0	7294	596507.486643595665	1978.7537287921
0	7307	597450.588146410927	2164.2653379589
0	7312	597951.321480050728	1848.9324750379
0	7325	599069.633623911113	2334.2369686347
0	7330	599432.835635170386	1982.2474887595
0	7343	600245.381265459628	1905.5451537017
0	7348	600812.514638621406	1742.8810147103
0	7357	601786.917758267419	2014.5359274466
0	7370	602660.388106154324	2415.0068406947
0	7379	603203.232216322841	2143.0463269819
0	7384	603924.011427769484	2008.0787753686
0	7393	604612.110074004205	1951.7219678499
1	3181	260231.447020545614	352
1	3194	261151.431823661563	353
1	3203	261913.757682871086	354
1	3212	262508.230975689379	355
1	3217	262861.114709498373	356
1	3226	263605.259534809751	357
1	3235	264179.667382501078	358
1	3244	265038.90411187896	359
1	3255	265803.110653767375	360
1	3262	266331.346352957202	361
1	3275	267541.286948136999	362
1	3280	268032.006696984186	363
1	3291	268910.287396470099	364
1	3302	269682.382536772653	365
1	3311	270361.936671612799	366
1	3318	270974.188704695567	367
1	3325	271766.621084371596	368
1	3334	272419.650180358455	369
1	3343	273043.29037140125	370
1	3352	273643.157795537278	371
1	3363	274485.996428690865	372
1	3370	275061.612264253213	373
1	3381	276267.087077256307	374
1	3388	277008.186520775795	375
1	3401	278033.903253357873	376
1	3410	278883.766419813053	377
1	3417	279411.790844192745	378
1	3424	279822.565125999989	379
1	3433	280340.09860907683	380
1	3442	280904.901513783278	381
1	3447	281564.512194832804	382
1	3464	283133.64485884087	383
1	3471	283928.950664447638	384
1	3478	284292.062819190341	385
1	3491	285231.647347938287	386
1	3498	285672.55881889725	387
1	3509	286876.100422069448	388
1	3518	287732.250539213437	389
1	3525	288188.336306484434	390
1	3534	288956.077924557049	391
1	3545	290007.429446931947	392
1	3550	290406.633728044126	393
1	3559	291576.798807363976	394
1	3570	292334.855590341631	395
1	3581	292933.796357503179	396
1	3588	293307.806485751662	397
1	3597	294205.515561578814	398
1	3604	294731.96077630857	399
1	3613	295315.243914909679	400
1	3624	296204.606855940092	401
1	3635	297368.504099780711	402
1	3642	298049.720189441013	403
1	3653	298718.251838441956	404
1	3660	299222.773946123216	405
1	3669	300089.190637506563	406
1	3680	300957.884134445357	407
1	3689	301830.567811802047	408
1	3696	302485.847227089124	409
1	3707	303286.862832773494	410
1	3712	303676.493602339196	411
1	3721	304202.979644900205	412
1	3732	304813.38304672392	413
1	3741	305380.124295037257	414
1	3750	306197.803604789096	415
1	3761	306907.567428052443	416
1	3766	307269.903453765455	417
1	3775	307792.830248270201	418
1	3780	308524.520772881824	419
1	3797	310225.247240904737	420
1	3806	310786.1986838747	421
1	3811	311178.3804388717	422
1	3824	312117.472526896764	423
1	3831	312500.239490624536	424
1	3840	313463.263373728861	425
1	3847	313946.533851278965	426
1	3856	314587.224220577647	427
1	3865	315121.575888991375	428
1	3874	316129.722609976326	429
1	3885	317200.883321044986	430
1	3892	317732.190579827894	431
1	3905	318586.754658725133	432
1	3910	319220.944027835524	433
1	3923	320045.155732752776	434
1	3930	320595.535438321552	435
1	3939	321258.345799567199	436
1	3948	321970.085327094443	437
1	3955	322472.257930599175	438
1	3968	323077.937748888529	439
1	3977	323814.458752563245	440
1	3982	324166.017855238191	441
1	3993	325265.089390659727	442
1	4000	325620.996806211792	443
1	4009	326497.480783006198	444
1	4022	327495.624598860763	445
1	4027	327936.114223022036	446
1	4040	329050.656405044742	447
1	4047	329745.285837957658	448
1	4056	330256.339536281325	449
1	4067	331011.768901208438	450
1	4074	331616.72122073362	451
1	4081	332188.91927758234	452
1	4092	333081.624522060179	453
1	4099	333810.985086997994	454
1	4110	334630.818311590724	455
1	4119	335515.823478391417	456
1	4128	336207.883130712458	457
1	4137	336791.092156246328	458
1	4148	337401.474794559204	459
1	4155	337920.928170857974	460
1	4164	338385.101906256773	461
1	4171	338715.39340973834	462
1	4180	339656.177236279497	463
1	4193	340527.494071936259	464
1	4198	341073.02265116016	465
1	4207	341549.977443181003	466
1	4218	342419.01587597097	467
1	4227	343141.931853583108	468
1	4234	343727.74785063232	469
1	4245	344390.955718746434	470
1	4256	345691.606376459847	471
1	4265	346385.267909243728	472
1	4272	347148.741115210603	473
1	4279	347567.139772977705	474
1	4292	348809.721358353298	475
1	4299	349619.099516887244	476
1	4306	350099.830406578284	477
1	4319	351434.631718508926	478
1	4324	351756.096604932126	479
1	4333	352815.668323449817	480
1	4344	353808.666482940343	481
1	4355	354707.816224079606	482
1	4360	355569.459159253192	483
1	4371	355982.0042413194	484
1	4374	356320.119703933623	485
1	4387	357333.463761582998	486
1	4396	358120.106317754862	487
1	4409	359102.209178125513	488
1	4414	359531.560528278378	489
1	4427	360622.935953177539	490
1	4434	361433.674654690576	491
1	4443	361893.418420292464	492
1	4454	362626.476975297583	493
1	4461	363158.864209475023	494
1	4472	364125.83741219717	495
1	4481	364836.572876991731	496
1	4486	365255.602311110151	497
1	4495	365863.652265770388	498
1	4504	366375.536398775902	499
1	4513	367113.584779668627	500
1	4522	368020.397483976586	501
1	4533	369192.647755891112	502
1	4540	369561.542400531498	503
1	4553	371092.103496193913	504
1	4560	371455.436196411056	505
1	4569	372301.929888641489	506
1	4576	372938.91665912236	507
1	4589	373953.416080400375	508
1	4598	374536.73259434293	509
1	4605	375140.532102948082	510
1	4612	375663.821945479167	511
1	4625	376967.910797847463	512
1	4632	377303.707909444375	513
1	4635	377636.547719920082	514
1	4648	378906.284668017207	515
1	4661	379975.767113780631	516
1	4666	380641.22481937523	517
1	4675	381251.079323189361	518
1	4686	382202.447086013881	519
1	4693	382860.361010720981	520
1	4702	383766.888418793706	521
1	4713	384277.223504008753	522
1	4720	384703.366979816956	523
1	4731	385515.079433284728	524
1	4742	386370.620497036753	525
1	4747	387097.887435229523	526
1	4756	387893.220095336465	527
1	4769	388753.69682810272	528
1	4774	389145.211073197451	529
1	4783	389522.492464631823	530
1	4792	390226.506590656963	531
1	4803	391132.858765265	532
1	4814	392209.091339539764	533
1	4823	392914.651846233783	534
1	4828	393381.386807654081	535
1	4841	394147.524930769606	536
1	4846	394526.049765525414	537
1	4857	395423.007097654073	538
1	4868	396319.681860459997	539
1	4873	396966.391493752627	540
1	4882	397355.721305077924	541
1	4895	398368.235901603504	542
1	4904	399223.57837948951	543
1	4913	399865.924945380567	544
1	4920	400650.643231300665	545
1	4927	401049.282858939869	546
1	4940	402024.422304891079	547
1	4947	402567.846659850358	548
1	4954	403355.78476153317	549
1	4965	404075.6067357492	550
1	4972	404429.552387120231	551
1	4981	405006.667949957803	552
1	4992	406170.688629057288	553
1	5001	406998.314335942298	554
1	5008	407467.105732904777	555
1	5021	408748.40023596774	556
1	5028	409441.945076035365	557
1	5039	410479.173207795277	558
1	5044	410979.01749308224	559
1	5053	411335.336308786675	560
1	5064	412413.773528253689	561
1	5073	413496.54611768204	562
1	5084	414449.678079597681	563
1	5091	415197.17196417044	564
1	5100	416001.326220156654	565
1	5107	416620.493194274633	566
1	5116	417535.803156439245	567
1	5129	418697.698963433534	568
1	5134	419156.873052287877	569
1	5145	419830.573233962089	570
1	5152	420676.65729126896	571
1	5163	421426.747883157835	572
1	5170	421888.486791215867	573
1	5175	422526.356976153359	574
1	5188	423721.16317092444	575
1	5199	424351.979936566234	576
1	5210	425242.826024908603	577
1	5215	425759.157381160215	578
1	5226	426624.364786595137	579
1	5237	427471.626252913879	580
1	5242	427903.377735195713	581
1	5255	428734.535875590549	582
1	5260	429124.634342361272	583
1	5271	430065.128320176185	584
1	5278	430395.976532762901	585
1	5289	430890.310688456551	586
1	5296	431333.152400096909	587
1	5305	432065.535650728301	588
1	5314	432662.422405555875	589
1	5323	433199.879345996336	590
1	5332	433688.231574604318	591
1	5341	434812.864343728901	592
1	5350	435406.317809410423	593
1	5361	436670.52837847735	594
1	5368	436994.795282045409	595
1	5377	437684.061904158473	596
1	5390	438676.231223763928	597
1	5395	439014.393667504221	598
1	5404	439729.307520948381	599
1	5417	440848.019448621229	600
1	5422	441426.903382642225	601
1	5431	442074.961319938333	602
1	5444	443164.194421749593	603
1	5453	443670.021193893657	604
1	5460	444316.443096706674	605
1	5469	445117.538113240183	606
1	5480	445728.098923014508	607
1	5485	446206.538065569506	608
1	5498	447203.375498671116	609
1	5503	447528.162382543118	610
1	5512	448199.915715493294	611
1	5523	449087.74702535014	612
1	5530	449787.073441129209	613
1	5539	450540.005772560865	614
1	5552	451617.821761826084	615
1	5559	451980.880607524917	616
1	5566	452815.266775712401	617
1	5577	453764.007183071257	618
1	5584	454081.490488769518	619
1	5593	454922.790373535858	620
1	5602	455558.3877436817	621
1	5611	456475.578295206682	622
1	5622	457389.002158865363	623
1	5631	458166.990990377993	624
1	5642	458912.028376618431	625
1	5649	459295.145389856801	626
1	5660	460076.497572474212	627
1	5669	460861.279663816125	628
1	5678	461421.197971142859	629
1	5683	461962.627974618257	630
1	5694	462687.674222979725	631
1	5705	463657.992766890706	632
1	5710	464009.211644344063	633
1	5723	464893.294362025367	634
1	5730	465484.901750274034	635
1	5741	466361.111073195966	636
1	5750	467183.511837618457	637
1	5757	467853.820183826642	638
1	5766	468778.748629102515	639
1	5777	469675.228496734085	640
1	5784	470332.710236823218	641
1	5791	470956.270798528599	642
1	5802	471578.165176743673	643
1	5809	472295.894459774749	644
1	5820	473395.639801304819	645
1	5831	474130.010201828586	646
1	5836	474557.336351182344	647
1	5847	475363.93235391009	648
1	5856	476141.46782658066	649
1	5863	476446.292946953358	650
1	5876	477538.664613850447	651
1	5885	478209.787668194654	652
1	5892	478925.48764147799	653
1	5903	479812.071457318994	654
1	5908	480276.84191381562	655
1	5919	480853.84550211023	656
1	5930	481823.49154064435	657
1	5939	482414.895385410669	658
1	5948	483198.40339268561	659
1	5955	483703.191441250998	660
1	5964	484254.248343408141	661
1	5975	485304.525396740097	662
1	5980	485659.423905797336	663
1	5989	486493.055517738718	664
1	5998	487383.026012778315	665
1	6007	488184.588515991378	666
1	6016	488628.918979922342	667
1	6025	489553.922185488078	668
1	6034	490350.094025675241	669
1	6047	491515.295011270824	670
1	6052	492097.495597181875	671
1	6063	492988.127445196765	672
1	6070	493472.798242606256	673
1	6081	494508.547401241991	674
1	6090	495199.331766134161	675
1	6097	495997.034213645417	676
1	6106	496502.810266613993	677
1	6117	497308.94651343118	678
1	6128	497918.54573870081	679
1	6137	498816.020338190752	680
1	6144	499630.879785586181	681
1	6153	500323.649410530958	682
1	6160	501148.005465930361	683
1	6171	502018.233591271597	684
1	6180	502735.771056544069	685
1	6187	503346.839701943133	686
1	6198	504392.99185839485	687
1	6207	504947.843705210868	688
1	6214	506051.941038994153	689
1	6223	506683.652959624339	690
1	6236	507728.723243996536	691
1	6245	508407.373214559665	692
1	6252	508995.82552243959	693
1	6261	509632.969952747261	694
1	6272	510370.5970144831	695
1	6281	511208.979836432299	696
1	6286	511774.313325108996	697
1	6297	512349.783692741802	698
1	6306	512799.25891407769	699
1	6313	513210.935270832887	700
1	6322	513798.596660373768	701
1	6331	515027.637730166352	702
1	6342	515957.642279611937	703
1	6349	516525.905450061	704
1	6358	516993.253133073485	705
1	6367	518044.380496116391	706
1	6380	519418.986162543332	707
1	6389	520036.778934951907	708
1	6398	520836.176932230627	709
1	6403	521236.672707321158	710
1	6414	522183.533709123766	711
1	6421	522510.326151642984	712
1	6426	523203.997893165833	713
1	6439	524261.415738333053	714
1	6448	524825.191132910586	715
1	6459	525974.711802927813	716
1	6466	526397.200961317903	717
1	6475	526949.918577214739	718
1	6484	528144.848311180284	719
1	6497	529210.522931395134	720
1	6506	530083.305985294318	721
1	6513	530589.400271186641	722
1	6522	531313.505146047136	723
1	6531	532213.402450969478	724
1	6538	532860.555658070406	725
1	6551	533757.360842730887	726
1	6558	534143.149168789424	727
1	6569	535253.581988532133	728
1	6576	535609.973617689721	729
1	6587	536648.36783702489	730
1	6596	537539.743645861782	731
1	6603	538016.19788878601	732
1	6610	538492.995560914315	733
1	6619	539450.910846702792	734
1	6628	540354.384557437189	735
1	6641	541391.228337725662	736
1	6646	541756.371458061077	737
1	6655	542522.336098551788	738
1	6664	543164.723476767577	739
1	6675	544137.77234489102	740
1	6686	545311.814309097864	741
1	6695	545870.036308793389	742
1	6700	546313.488790299781	743
1	6713	547392.012256896161	744
1	6718	547888.135133637153	745
1	6727	548905.504862777927	746
1	6736	549464.812443684824	747
1	6745	550403.078826377207	748
1	6756	551176.287723798343	749
1	6763	551802.996722795107	750
1	6772	552552.40542492833	751
1	6781	553791.021722741463	752
1	6794	554436.035255575591	753
1	6803	555216.882308386305	754
1	6812	555908.299525268415	755
1	6821	556771.303826803381	756
1	6826	557191.736386204178	757
1	6837	557797.415425675029	758
1	6846	558620.712218340525	759
1	6853	559323.384451400527	760
1	6864	559971.155388979281	761
1	6875	561059.402154386083	762
1	6880	561430.297456076408	763
1	6889	561974.029467674012	764
1	6900	562874.699628911953	765
1	6909	563466.63872692738	766
1	6920	564445.832553925032	767
1	6929	565231.935099698643	768
1	6938	565948.765096021856	769
1	6943	566403.72433452871	770
1	6952	566958.431194676127	771
1	6961	568008.459982601966	772
1	6970	568979.512653965543	773
1	6979	569868.810065696056	774
1	6988	570483.540451107587	775
1	6999	571598.086503474082	776
1	7008	572489.123386563773	777
1	7019	573120.021188026334	778
1	7024	573481.589224375824	779
1	7033	574049.61042618383	780
1	7044	575394.240057980682	781
1	7053	576140.882530063431	782
1	7060	576729.860546020831	783
1	7069	577470.422531431581	784
1	7078	577878.537156013813	785
1	7083	578345.626241527539	786
1	7096	579510.828709323	787
1	7105	580379.114034818526	788
1	7118	581617.430277122226	789
1	7127	582285.407111188438	790
1	7136	583154.584924830165	791
1	7143	583525.361081399065	792
1	7146	583941.189889283892	793
1	7161	585259.679246228229	794
1	7172	586070.389244053554	795
1	7179	586571.688656648662	796
1	7188	587483.740019006696	797
1	7197	587999.24007332888	798
1	7204	588854.791652457831	799
1	7213	589436.088075768245	800
1	7222	590351.266297604931	801
1	7233	591387.942413426978	802
1	7244	592236.311054276345	803
1	7251	592805.730907945005	804
1	7260	593896.675365418239	805
1	7269	594420.736622856973	806
1	7276	594804.347764095335	807
1	7289	596102.389005012854	808
1	7294	596507.486643595665	809
1	7307	597450.588146410927	810
1	7312	597951.321480050728	811
1	7325	599069.633623911113	812
1	7330	599432.835635170386	813
1	7343	600245.381265459628	814
1	7348	600812.514638621406	815
1	7357	601786.917758267419	816
1	7370	602660.388106154324	817
1	7379	603203.232216322841	818
1	7384	603924.011427769484	819
1	7393	604612.110074004205	820

