version 2
run Pipelined_3Teachers-96-20190105-10:57:39-8220
attr configname Pipelined_3Teachers
attr datetime 20190105-10:57:39
attr experiment Pipelined_3Teachers
attr inifile ../simulations/omnetpp.ini
attr iterationvars "$0=\"uniform\""
attr iterationvarsf uniform-
attr measurement "$0=\"uniform\""
attr network PipelinedExamSession
attr processid 8220
attr repetition 96
attr replication #96
attr resultdir results
attr runnumber 96
attr seedset 96
param **.teachersNumber 3
param **.answerTimeDistribution "\"uniform\""
param **.minUniform 300
param **.maxUniform 900
param **.scaleLognormal 6.2854
param **.shapeLognormal 0.4724

vector 0 PipelinedExamSession examinationTime:vector ETV
attr source examFinished
vector 1 PipelinedExamSession studentID:vector ETV
attr source student
0	3149	260461.893107788655	2539.4939331338
0	3158	260967.202239297348	2160.2067857981
0	3167	261807.661580806616	2239.1391147394
0	3176	262454.733158089239	1992.8400503006
0	3181	262803.630749322493	1836.4285100251
0	3192	263789.973735949043	1982.3121551424
0	3199	264383.610898163188	1928.8777400739
0	3210	265204.104003729316	1887.0733568911
0	3217	265910.089219082165	1829.8274398316
0	3230	266816.136314906198	2119.1609743517
0	3237	267676.606237376127	2386.5803883411
0	3248	268600.236984947714	2609.3801977113
0	3257	269406.014522910136	2589.8782080039
0	3262	269726.229760749283	2015.1725575794
0	3273	270619.266599323618	2019.0296143759
0	3282	271306.311418768037	1900.2968958579
0	3289	271974.478488368931	1945.9055365529
0	3298	272764.225971791911	2107.9784648493
0	3309	274005.936606181803	2570.6374901813
0	3320	274521.371804270911	2234.0403970331
0	3329	275249.044517101738	2083.23578001
0	3334	275593.504277011398	1585.8986548148
0	3343	276444.168530870247	1922.7967265993
0	3354	277355.748771736417	2106.7042546347
0	3361	277946.973545383681	2084.5736565068
0	3370	278445.458111353237	1742.138740886
0	3383	279744.2395438906	2144.7778742295
0	3390	280407.072754343991	2234.0142647736
0	3399	281268.68288652042	2312.9883666057
0	3406	281735.677278600652	1991.4377347101
0	3417	282913.298641517778	2368.123849947
0	3426	283863.032701844369	2448.3881284017
0	3437	284488.903944846262	2182.7765172813
0	3446	285241.46605124699	2064.4574209582
0	3453	286009.698752732967	2013.982720999
0	3464	286918.027421738971	2429.1234768927
0	3473	287711.010231217388	2469.5441799704
0	3478	288046.044356189687	1998.5979627818
0	3487	288703.172163153086	1785.1447414141
0	3500	289885.33425531352	2174.3240240961
0	3505	290313.290365878512	2015.1551152579
0	3516	291486.351947067325	2472.2783254925
0	3523	291844.282992230748	1958.9487369172
0	3532	292580.082540772876	1867.1637996566
0	3543	293476.443999353817	1985.2360661142
0	3550	293967.472100257894	1969.5100693032
0	3559	294851.939092995619	1972.3287658766
0	3568	295832.871197769439	2114.495503949
0	3577	296673.519707657417	2099.3157946039
0	3588	297790.002387855223	2335.1261171512
0	3595	298308.034053817412	1967.5702881999
0	3604	298780.513547267786	1732.5889029074
0	3613	299218.986054696164	1366.805012757
0	3622	300158.364284690491	1677.6540036779
0	3631	300726.623263070382	1767.8182942327
0	3642	301379.249315382935	1526.7866862472
0	3651	302030.029205186315	1728.10622002
0	3662	302890.599426208086	1855.64932446
0	3669	303315.71919154378	1896.8438255601
0	3676	303870.659724902384	1682.3625470046
0	3685	304484.866481367521	1594.2670551594
0	3698	305729.073296254524	2278.0681592412
0	3707	306530.526570696407	2406.4695364796
0	3716	307355.213690735423	2411.0326488968
0	3721	307821.033833641582	2091.9605373871
0	3732	308775.415024627023	2244.8884539306
0	3741	309373.865598812723	2018.6519080773
0	3750	310155.3306124639	2055.9509603307
0	3759	311023.330523818755	2198.5293037724
0	3766	311800.416336301738	2084.3791291583
0	3775	312494.802512694174	2075.2898247913
0	3784	313280.68755702118	1968.2400722522
0	3793	313906.492665689463	1870.5170257017
0	3806	315343.494930770272	2461.0879749991
0	3811	315659.601429663622	1886.7343336344
0	3822	316373.336449591467	1772.2343734
0	3831	317249.872487783456	1906.3775570132
0	3842	318240.647152019689	2500.4497102462
0	3849	318731.496088206792	2209.8683101125
0	3858	319317.781541682804	1937.7742870711
0	3865	320068.041826179276	1827.3946741596
0	3878	321058.479682076747	2104.6491230372
0	3883	321399.107279721672	1851.6328159254
0	3892	322221.50916717949	2021.0317251272
0	3903	323033.401132654423	1974.9214505777
0	3914	324267.180713452423	2420.0961611699
0	3923	324705.100732203597	2085.6465049088
0	3928	325023.909139679769	1655.2132965066
0	3937	326284.481114102552	2017.3004006501
0	3946	326873.687960905978	2168.5872287024
0	3959	327660.423169797311	2064.2288074829
0	3966	328250.286193750823	1848.932678299
0	3977	329078.741454239959	1854.1842574719
0	3982	329620.422896370316	1959.999726573
0	3995	330514.934229617963	2238.1317878142
0	4004	331373.336556600431	2294.5951023605
0	4009	331697.302548587347	1908.1636306364
0	4018	332398.228837642843	1883.2946080249
0	4027	333323.106514150301	1949.7699575499
0	4038	334321.187936374942	2122.505241679
0	4047	334981.2017539982	1952.7306223288
0	4054	335784.19754407371	1861.500353599
0	4067	336528.540031425678	2112.7020427957
0	4076	337321.284928685077	2039.2843607347
0	4081	337696.466954844095	1641.4971655235
0	4090	338298.750392440729	1770.2103610151
0	4103	339463.758209394314	2142.4732807092
0	4110	340293.528702668869	2127.0024955273
0	4117	340755.189820518741	1851.7361762468
0	4128	341526.237074425467	2062.4788650312
0	4135	342215.127542149299	1884.0956933331
0	4148	343094.063582550758	2017.5196020864
0	4157	343954.6047637705	2198.3919795603
0	4166	344581.661397032464	2287.0361935347
0	4175	345476.209367578874	2382.1457850281
0	4184	346077.043479122246	2122.4387153517
0	4193	346962.759833503539	2381.0984364711
0	4202	347846.143857948507	2369.9344903696
0	4207	348240.758510772164	2163.7150316499
0	4216	348683.893989119704	1721.1341556162
0	4225	349644.527306780244	1798.3834488317
0	4234	350630.34355770799	2164.9370140862
0	4243	351178.875217633347	1879.345763661
0	4252	351808.16798829476	1666.2323967554
0	4265	352937.036574538821	2232.7563123777
0	4272	353369.30865417237	1902.9297990259
0	4281	354192.797283595452	1931.7145190667
0	4292	355246.049573086226	2309.0129985474
0	4301	356102.80049387368	2447.1232556272
0	4306	356640.407642489323	2248.5106218606
0	4315	357209.219722822333	1963.1701497361
0	4326	357954.408141877527	1851.6076480038
0	4333	358528.514789650242	1666.5528272744
0	4342	359665.068427752728	2091.5592719335
0	4351	360441.626938479046	2008.4447629284
0	4364	361456.152810249502	2238.5755594354
0	4371	362181.537613039861	2196.8593072146
0	4380	362763.649657135854	1970.353499148
0	4391	363550.642432970951	2094.4896227214
0	4398	364060.877943830589	1752.0574355498
0	4407	364575.36551272499	1491.5256044827
0	4414	365206.46154340359	1655.8191104326
0	4427	366364.556899387414	2228.0427100137
0	4432	366918.358781375016	2021.2316229008
0	4441	367285.144542390505	1699.4687906932
0	4446	367895.697882771517	1531.1409833841
0	4455	368704.641848662892	1551.4166017994
0	4472	370315.761841367955	2398.837373592
0	4481	371089.331037970285	2360.1111207157
0	4490	371910.224543837856	2412.4448751099
0	4499	372735.84244055676	2420.0805991888
0	4508	373368.305276753406	2278.9742387831
0	4513	373826.884134253512	1916.6595904157
0	4522	374584.486636100362	1848.6441955436
0	4531	375598.403823282596	2230.0985465292
0	4540	376254.689526138853	2009.0238677803
0	4549	376987.626739265423	2006.3564138487
0	4560	378116.469630785313	2252.4188374635
0	4569	378820.313720405128	2219.7465551086
0	4576	379227.354481536922	1865.0484482758
0	4587	380148.718058131662	1899.0859929007
0	4596	381026.300479564843	2117.9666119628
0	4603	381765.11649652387	2196.5924682096
0	4616	382627.315118350116	2202.0376718603
0	4621	382949.963408801732	1687.9459282849
0	4632	383787.814864469719	1882.1317980532
0	4643	384595.88440437804	1968.5692860279
0	4652	385470.709284860669	2027.4412350263
0	4661	386068.843742553173	2174.9075251166
0	4666	386392.45729758407	1796.572893206
0	4675	387083.569476334406	1612.8601914737
0	4684	387876.824962114944	1807.9812195618
0	4697	388813.142096763506	2152.4576471653
0	4706	389704.10219086337	2160.5968548451
0	4715	390568.721089186176	2291.0210283939
0	4724	391385.485668294161	2572.3435715307
0	4729	391857.033688249096	2152.9314973857
0	4742	392963.614673540026	2394.8935843538
0	4749	393679.956263070956	2294.4705947768
0	4758	394421.271123318032	2166.7913089972
0	4765	394743.096900125996	1779.482226586
0	4776	395523.803116567463	1831.9901021663
0	4785	396166.466198908195	1598.4911908396
0	4792	396815.658376319364	1682.2312965989
0	4803	397952.42514736022	2320.0612394605
0	4810	398277.666298532888	1782.0994896814
0	4821	399284.670103574201	2000.3334179521
0	4828	400010.174985229998	2034.3857685104
0	4837	400638.603561557858	2002.4534608237
0	4846	401516.239509684994	2016.3982010912
0	4855	402228.579758573352	1964.0947658569
0	4864	403062.748663919075	2169.9569825549
0	4877	404002.328873891412	2244.6496444289
0	4886	404768.028564797743	2136.4879888482
0	4893	405623.672231007396	2468.8612155151
0	4900	406030.669034086197	2028.3401601948
0	4913	406983.196421340137	2215.1678565424
0	4918	407658.672786969721	1992.0583597384
0	4929	408195.658331969782	1874.203980295
0	4940	409179.624381149217	2196.4279598091
0	4947	409742.767847981333	1933.2650479395
0	4954	410090.490532061114	1686.63230245
0	4963	411221.837125578925	2042.2127444297
0	4974	412148.341940296843	2109.7557916772
0	4983	412656.686322530761	1776.0271028616
0	4990	413195.451685041219	1754.9460487906
0	5003	414506.768490700081	2312.4963168986
0	5008	415115.258097834915	2047.7008352056
0	5021	416266.427287319705	2525.0287057366
0	5030	417038.682218687639	2531.9137279876
0	5035	417448.579840455234	2060.20630938
0	5044	418098.549932381169	1832.1226450615
0	5057	419365.273878956244	2326.5916602686
0	5062	419834.326614718915	2030.5146310944
0	5075	420780.475471029089	2279.8538910225
0	5080	421197.462118137659	1832.1882391814
0	5093	422410.692950617553	2480.0681577064
0	5102	423273.12743975784	2492.6519687288
0	5107	423709.125607414202	2166.7725252919
0	5118	424456.555367214636	2045.8624165971
0	5125	424884.315583482415	1611.1881437246
0	5136	425840.051160519974	2068.7260515522
0	5145	426557.291287137227	2072.8938707616
0	5154	427331.422328995572	2099.4763885159
0	5161	427793.642463348837	1708.6699055973
0	5170	428776.601886190506	1958.2714171149
0	5183	429971.703786822068	2379.9960058182
0	5190	430623.071976425158	2243.6517043971
0	5201	431634.888005163553	2397.6962625515
0	5210	432453.508210508185	2481.8044236861
0	5217	432859.418478375333	2055.056711426
0	5228	433989.751963689956	2354.8639585264
0	5233	434303.50352986719	1849.995319359
0	5244	434759.483749978277	1579.2326848023
0	5251	435646.295294305342	1656.5433306154
0	5260	436332.159122452172	1980.5354629643
0	5269	436979.954193485934	1751.178920595
0	5278	437939.505183231119	1846.1945748422
0	5289	438764.168869704042	1918.0987207219
0	5296	439110.868766717647	1709.6808266826
0	5305	439937.869021575931	1692.9543882608
0	5318	441044.263544306192	2022.2892740741
0	5327	441698.070697160471	2219.7783911135
0	5332	442402.201799489591	2246.5270890389
0	5341	443091.894517745856	2047.6309734397
0	5350	443521.556706866283	1823.4860097058
0	5363	444714.575811568681	2120.5836706795
0	5372	445513.76353693198	2112.2765866108
0	5377	445867.44973403405	1900.0252922997
0	5386	446590.313450340215	1875.7376387715
0	5395	447275.86085549559	1762.0973185636
0	5404	448124.568286584723	1792.147371266
0	5413	448997.643167758393	1910.310428543
0	5422	449900.14614905234	2123.2066102792
0	5431	450544.089177623424	1917.3066806048
0	5444	451536.136575043234	2103.3065604977
0	5453	452206.42932574268	1941.5285314433
0	5460	452873.568619787726	1735.1893157233
0	5467	453486.616900283876	1950.4803252406
0	5478	454371.59523633312	2165.1659105904
0	5485	454957.201342564108	2006.4083673991
0	5494	455356.13235072236	1706.7634489853
0	5503	456125.693457713383	1585.6658611447
0	5514	457471.659272164139	2445.464716712
0	5523	458263.311693957108	2369.5673769806
0	5534	459154.653582349452	2387.5242054462
0	5543	459871.817382378536	2244.7523432784
0	5550	460279.376047058063	1979.0289135184
0	5559	461319.515749393063	2164.8621670436
0	5570	462273.751192493396	2401.9338101149
0	5577	463017.032999731632	2504.3963389937
0	5584	463390.109793841871	1978.3165114
0	5593	464198.770714039015	1925.0195215456
0	5606	465158.753061527418	2071.8859797344
0	5613	465640.823605656656	1949.2244616151
0	5620	466159.820407116818	1841.0259766504
0	5629	466910.183358192476	1751.4302966651
0	5638	467764.435826987061	1928.3625282347
0	5647	468407.114500785279	1723.4313100576
0	5656	468955.230340082231	1531.7098117433
0	5669	470163.211562996763	2174.1168607492
0	5676	470789.049093006212	2072.2256514709
0	5685	471379.133119247887	1907.7545410953
0	5692	472424.259368469972	2261.0478054732
0	5705	473135.881109302897	2141.1154559813
0	5714	474009.857465699349	2117.8403031081
0	5719	474403.568205842782	1841.5545820724
0	5728	475130.272307340089	1994.3911980372
0	5739	476251.253195246715	2241.3957295474
0	5746	476696.911389380727	1867.3024445772
0	5759	477737.070686789264	2132.3001885787
0	5764	478366.046853689511	1872.3479144275
0	5773	479213.189994636958	2112.9613822326
0	5786	480241.557872341981	2504.4871855527
0	5795	481055.800467543339	2497.3534760065
0	5802	481837.723636580666	2399.3040877394
0	5809	482577.796781156247	2336.2389088143
0	5822	483465.12083834972	2409.3203708064
0	5827	483851.535313809325	1992.9819320329
0	5836	484582.948836078903	1900.3804220818
0	5847	485349.85223547559	1884.7313971259
0	5856	486279.389895033127	2353.9866243023
0	5865	486914.279246376863	2242.6869332325
0	5874	487752.66560032036	2187.9638385493
0	5883	488372.968934197015	1926.2536979746
0	5892	489029.669846780634	1907.7574532479
0	5901	490089.140154887027	2324.3918605149
0	5910	490719.231785042248	2184.0653333813
0	5921	491846.251264214552	2522.6474847179
0	5930	492740.899878367818	2598.1963859405
0	5939	493185.91051152911	2162.2059850954
0	5946	493633.497539721466	1787.2462755069
0	5955	494344.556400692127	1603.6565223243
0	5964	494961.593868490346	1775.6833569612
0	5971	495775.955270882733	1967.933743028
0	5980	496374.407169269436	2028.8148486055
0	5991	497076.788066653573	1968.820610689
0	5998	497566.280402848536	1598.8675082568
0	6007	498635.602235561276	2051.5805584844
0	6018	499446.949931513558	2206.3501236029
0	6027	500535.080138454254	2427.5642195251
0	6036	501219.760448858182	2260.7559407596
0	6045	501810.550180077593	1956.1596242711
0	6054	502565.654308442067	1811.8785928935
0	6065	503228.070065891411	1993.8365420792
0	6074	504035.330821853172	2155.1770885941
0	6079	504701.596322609153	2084.6887341701
0	6088	505220.026490651112	1991.9564247597
0	6099	506291.312201600563	2255.9813797474
0	6108	507117.837291676592	2270.3892821912
0	6115	507749.677556427237	2022.8493317496
0	6124	508353.998479200568	2036.9302403647
0	6135	509287.031231308397	2113.325064769
0	6146	510530.885354988319	2496.1328109261
0	6153	511145.257772784722	2325.4344685469
0	6164	512160.252856789199	2463.3089154493
0	6171	512863.644512370271	2332.759157382
0	6178	513314.508206862999	1908.8117413223
0	6187	513987.059456063478	1826.8065992743
0	6200	514804.824146116196	1889.9569105357
0	6209	515638.865524437322	2159.1136816889
0	6218	516514.322587195827	2411.9195316453
0	6227	517300.671699084385	2495.8475529682
0	6236	518123.172019282399	2484.3064948451
0	6241	518472.101365355818	1957.77877816
0	6254	519589.851028053133	2289.1793289687
0	6263	520455.396360252096	2332.2243409697
0	6270	521230.110693024515	2266.5485330857
0	6279	521711.198788136287	2121.3477600832
0	6286	522178.485212987332	1723.0888527352
0	6295	522893.786461232274	1591.9273235835
0	6304	523422.631600918293	1666.9255710673
0	6317	524929.98620742005	2413.2544978056
0	6324	525712.161576328843	2412.8593855072
0	6331	526431.06034342204	2337.8879659809
0	6342	527160.505718831017	2230.519511411
0	6351	527704.073129827201	1972.1266594715
0	6360	528557.051351387098	1966.9695199002
0	6367	529220.394547982186	1824.1940048989
0	6376	529625.463586393789	1639.1617383342
0	6387	530823.618603218391	2033.3600136917
0	6394	531610.133630968675	2133.0923915841
0	6405	532285.922376019925	1934.5193486195
0	6414	533336.849890742496	2265.1654853951
0	6423	533956.062538549349	2068.9334455412
0	6430	534561.009861202956	2081.5218393691
0	6443	535845.880008582071	2497.9207030032
0	6450	536355.496360547886	2140.8137620892
0	6457	536888.135272404225	1781.612280244
0	6466	537979.25327760172	2133.3732690196
0	6477	538683.590077702002	2155.9536620043
0	6488	539481.403524242388	2058.5353475064
0	6495	540154.293190129148	2032.3520869017
0	6502	540765.751843666705	2031.4043280669
0	6511	541499.357581883716	2017.9540576413
0	6520	542494.878045190173	2170.5544468481
0	6529	543106.154822884174	1894.8146633338
0	6534	543621.944762952673	1769.9596726801
0	6549	544572.130753006833	1827.7994077653
0	6556	545102.512570191222	1463.8231131714
0	6565	545830.654787365394	1640.4877811205
0	6576	546514.50594984931	1640.1943784673
0	6585	546941.824038466486	1636.3495395519
0	6596	547717.951926961588	1625.7380421739
0	6603	548233.652449445846	1640.0358766783
0	6614	549087.580275395932	2116.359644942
0	6621	549804.501918330836	2086.5499913692
0	6628	550385.182072967338	1793.6737643089
0	6641	551328.625960601541	2241.0456852056
0	6650	552197.110533295247	2294.9422060512
0	6655	552500.983480643529	1824.0990458988
0	6666	553485.457209963399	2156.8312493619
0	6673	554052.539398334968	1855.4288650397
0	6684	554890.362439351203	2142.4413599074
0	6693	555738.178713899153	2202.6184511371
0	6702	556636.063497467014	2300.0215839129
0	6709	557169.165056292014	2001.5859936364
0	6722	558115.951007232116	2302.1728507709
0	6731	558872.447673277976	2213.6627137195
0	6736	559316.701112827333	2038.1563985255
0	6745	560033.09255847712	1917.141551245
0	6756	560832.018616609322	1959.5709433313
0	6759	561333.026361605199	1737.2330116108
0	6776	562367.684198124382	1891.4546578657
0	6781	562934.179509664002	1568.8884245697
0	6790	563483.641080418649	1695.998348482
0	6799	564303.6228824873	1935.9386843629
0	6808	564810.736521938865	1856.5425613895
0	6819	566011.695413198371	2312.1178021654
0	6826	566468.173146341045	1978.4728848841
0	6835	567418.927334295635	2150.808762107
0	6846	568438.903622282718	2378.312838776
0	6857	569092.393164150466	2287.61021588
0	6864	569714.930097106893	2068.7252498232
0	6871	570045.597674371724	1531.6502356902
0	6880	570505.942119844307	1413.5489556938
0	6893	571625.217586476404	1866.0074570216
0	6898	572007.970638480086	1756.6764622461
0	6907	572802.58069038396	1847.2735129762
0	6920	573807.608084008146	2182.3904975317
0	6925	574164.696224173579	1833.6256706156
0	6938	575032.66521329065	2095.0490553863
0	6947	575809.336920501712	2001.7288364936
0	6954	576277.949819527614	1889.2703619786
0	6961	576665.02040592027	1632.3551926296
0	6970	577192.706621484878	1383.3697009832
0	6979	578234.524551685947	1699.9337479938
0	6990	579003.825419722172	2138.5714428965
0	6997	579379.771498683887	1722.4052585196
0	7008	580677.605148498015	2202.4419689085
0	7015	581051.85330715035	1794.7869641706
0	7024	581567.350600333931	1549.0065703634
0	7037	582700.776089401963	1986.8964785244
0	7044	583453.149759164127	2078.9311775006
0	7053	583922.972580604302	1899.880801281
0	7064	585142.794523201929	2442.0184338
0	7071	585715.303907124372	2160.2350797504
0	7082	586489.765724726068	2239.6361931693
0	7089	587123.015008634003	1980.2204854321
0	7100	587733.063310291665	1865.7036786899
0	7109	588594.896489381837	2105.1307646558
0	7116	589234.657628322067	2054.6003858093
0	7123	590052.629512315663	2319.566202024
0	7134	590830.540112173231	2235.6436227914
0	7141	591400.172684015752	1965.1000147685
0	7154	592410.105641651946	2143.5264186468
0	7161	592732.454030960846	1837.7521115821
0	7168	593041.865784488666	1469.1091180779
0	7181	594331.316233333247	1921.2105916813
0	7190	594926.891334867152	2020.900130365
0	7195	595359.681805456104	1898.2145336922
0	7204	596329.402808379429	1998.0865750462
0	7215	597148.654187237891	2221.7628523707
0	7222	597634.415225498425	1883.4666675422
0	7231	598529.317596741068	1885.9663444106
0	7240	599081.539019895765	1714.5443636924
0	7249	599525.724311498972	1361.4376613405
0	7258	600497.111966740388	1867.2616316937
0	7271	601849.697926081764	2358.0365309492
0	7278	602579.086150741252	2344.5179115515
0	7285	602957.144486345398	1919.2342485767
0	7296	604025.641909707385	2175.9439836256
0	7303	604733.433434413793	1990.0681292173
1	3149	260461.893107788655	348
1	3158	260967.202239297348	349
1	3167	261807.661580806616	350
1	3176	262454.733158089239	351
1	3181	262803.630749322493	352
1	3192	263789.973735949043	353
1	3199	264383.610898163188	354
1	3210	265204.104003729316	355
1	3217	265910.089219082165	356
1	3230	266816.136314906198	357
1	3237	267676.606237376127	358
1	3248	268600.236984947714	359
1	3257	269406.014522910136	360
1	3262	269726.229760749283	361
1	3273	270619.266599323618	362
1	3282	271306.311418768037	363
1	3289	271974.478488368931	364
1	3298	272764.225971791911	365
1	3309	274005.936606181803	366
1	3320	274521.371804270911	367
1	3329	275249.044517101738	368
1	3334	275593.504277011398	369
1	3343	276444.168530870247	370
1	3354	277355.748771736417	371
1	3361	277946.973545383681	372
1	3370	278445.458111353237	373
1	3383	279744.2395438906	374
1	3390	280407.072754343991	375
1	3399	281268.68288652042	376
1	3406	281735.677278600652	377
1	3417	282913.298641517778	378
1	3426	283863.032701844369	379
1	3437	284488.903944846262	380
1	3446	285241.46605124699	381
1	3453	286009.698752732967	382
1	3464	286918.027421738971	383
1	3473	287711.010231217388	384
1	3478	288046.044356189687	385
1	3487	288703.172163153086	386
1	3500	289885.33425531352	387
1	3505	290313.290365878512	388
1	3516	291486.351947067325	389
1	3523	291844.282992230748	390
1	3532	292580.082540772876	391
1	3543	293476.443999353817	392
1	3550	293967.472100257894	393
1	3559	294851.939092995619	394
1	3568	295832.871197769439	395
1	3577	296673.519707657417	396
1	3588	297790.002387855223	397
1	3595	298308.034053817412	398
1	3604	298780.513547267786	399
1	3613	299218.986054696164	400
1	3622	300158.364284690491	401
1	3631	300726.623263070382	402
1	3642	301379.249315382935	403
1	3651	302030.029205186315	404
1	3662	302890.599426208086	405
1	3669	303315.71919154378	406
1	3676	303870.659724902384	407
1	3685	304484.866481367521	408
1	3698	305729.073296254524	409
1	3707	306530.526570696407	410
1	3716	307355.213690735423	411
1	3721	307821.033833641582	412
1	3732	308775.415024627023	413
1	3741	309373.865598812723	414
1	3750	310155.3306124639	415
1	3759	311023.330523818755	416
1	3766	311800.416336301738	417
1	3775	312494.802512694174	418
1	3784	313280.68755702118	419
1	3793	313906.492665689463	420
1	3806	315343.494930770272	421
1	3811	315659.601429663622	422
1	3822	316373.336449591467	423
1	3831	317249.872487783456	424
1	3842	318240.647152019689	425
1	3849	318731.496088206792	426
1	3858	319317.781541682804	427
1	3865	320068.041826179276	428
1	3878	321058.479682076747	429
1	3883	321399.107279721672	430
1	3892	322221.50916717949	431
1	3903	323033.401132654423	432
1	3914	324267.180713452423	433
1	3923	324705.100732203597	434
1	3928	325023.909139679769	435
1	3937	326284.481114102552	436
1	3946	326873.687960905978	437
1	3959	327660.423169797311	438
1	3966	328250.286193750823	439
1	3977	329078.741454239959	440
1	3982	329620.422896370316	441
1	3995	330514.934229617963	442
1	4004	331373.336556600431	443
1	4009	331697.302548587347	444
1	4018	332398.228837642843	445
1	4027	333323.106514150301	446
1	4038	334321.187936374942	447
1	4047	334981.2017539982	448
1	4054	335784.19754407371	449
1	4067	336528.540031425678	450
1	4076	337321.284928685077	451
1	4081	337696.466954844095	452
1	4090	338298.750392440729	453
1	4103	339463.758209394314	454
1	4110	340293.528702668869	455
1	4117	340755.189820518741	456
1	4128	341526.237074425467	457
1	4135	342215.127542149299	458
1	4148	343094.063582550758	459
1	4157	343954.6047637705	460
1	4166	344581.661397032464	461
1	4175	345476.209367578874	462
1	4184	346077.043479122246	463
1	4193	346962.759833503539	464
1	4202	347846.143857948507	465
1	4207	348240.758510772164	466
1	4216	348683.893989119704	467
1	4225	349644.527306780244	468
1	4234	350630.34355770799	469
1	4243	351178.875217633347	470
1	4252	351808.16798829476	471
1	4265	352937.036574538821	472
1	4272	353369.30865417237	473
1	4281	354192.797283595452	474
1	4292	355246.049573086226	475
1	4301	356102.80049387368	476
1	4306	356640.407642489323	477
1	4315	357209.219722822333	478
1	4326	357954.408141877527	479
1	4333	358528.514789650242	480
1	4342	359665.068427752728	481
1	4351	360441.626938479046	482
1	4364	361456.152810249502	483
1	4371	362181.537613039861	484
1	4380	362763.649657135854	485
1	4391	363550.642432970951	486
1	4398	364060.877943830589	487
1	4407	364575.36551272499	488
1	4414	365206.46154340359	489
1	4427	366364.556899387414	490
1	4432	366918.358781375016	491
1	4441	367285.144542390505	492
1	4446	367895.697882771517	493
1	4455	368704.641848662892	494
1	4472	370315.761841367955	495
1	4481	371089.331037970285	496
1	4490	371910.224543837856	497
1	4499	372735.84244055676	498
1	4508	373368.305276753406	499
1	4513	373826.884134253512	500
1	4522	374584.486636100362	501
1	4531	375598.403823282596	502
1	4540	376254.689526138853	503
1	4549	376987.626739265423	504
1	4560	378116.469630785313	505
1	4569	378820.313720405128	506
1	4576	379227.354481536922	507
1	4587	380148.718058131662	508
1	4596	381026.300479564843	509
1	4603	381765.11649652387	510
1	4616	382627.315118350116	511
1	4621	382949.963408801732	512
1	4632	383787.814864469719	513
1	4643	384595.88440437804	514
1	4652	385470.709284860669	515
1	4661	386068.843742553173	516
1	4666	386392.45729758407	517
1	4675	387083.569476334406	518
1	4684	387876.824962114944	519
1	4697	388813.142096763506	520
1	4706	389704.10219086337	521
1	4715	390568.721089186176	522
1	4724	391385.485668294161	523
1	4729	391857.033688249096	524
1	4742	392963.614673540026	525
1	4749	393679.956263070956	526
1	4758	394421.271123318032	527
1	4765	394743.096900125996	528
1	4776	395523.803116567463	529
1	4785	396166.466198908195	530
1	4792	396815.658376319364	531
1	4803	397952.42514736022	532
1	4810	398277.666298532888	533
1	4821	399284.670103574201	534
1	4828	400010.174985229998	535
1	4837	400638.603561557858	536
1	4846	401516.239509684994	537
1	4855	402228.579758573352	538
1	4864	403062.748663919075	539
1	4877	404002.328873891412	540
1	4886	404768.028564797743	541
1	4893	405623.672231007396	542
1	4900	406030.669034086197	543
1	4913	406983.196421340137	544
1	4918	407658.672786969721	545
1	4929	408195.658331969782	546
1	4940	409179.624381149217	547
1	4947	409742.767847981333	548
1	4954	410090.490532061114	549
1	4963	411221.837125578925	550
1	4974	412148.341940296843	551
1	4983	412656.686322530761	552
1	4990	413195.451685041219	553
1	5003	414506.768490700081	554
1	5008	415115.258097834915	555
1	5021	416266.427287319705	556
1	5030	417038.682218687639	557
1	5035	417448.579840455234	558
1	5044	418098.549932381169	559
1	5057	419365.273878956244	560
1	5062	419834.326614718915	561
1	5075	420780.475471029089	562
1	5080	421197.462118137659	563
1	5093	422410.692950617553	564
1	5102	423273.12743975784	565
1	5107	423709.125607414202	566
1	5118	424456.555367214636	567
1	5125	424884.315583482415	568
1	5136	425840.051160519974	569
1	5145	426557.291287137227	570
1	5154	427331.422328995572	571
1	5161	427793.642463348837	572
1	5170	428776.601886190506	573
1	5183	429971.703786822068	574
1	5190	430623.071976425158	575
1	5201	431634.888005163553	576
1	5210	432453.508210508185	577
1	5217	432859.418478375333	578
1	5228	433989.751963689956	579
1	5233	434303.50352986719	580
1	5244	434759.483749978277	581
1	5251	435646.295294305342	582
1	5260	436332.159122452172	583
1	5269	436979.954193485934	584
1	5278	437939.505183231119	585
1	5289	438764.168869704042	586
1	5296	439110.868766717647	587
1	5305	439937.869021575931	588
1	5318	441044.263544306192	589
1	5327	441698.070697160471	590
1	5332	442402.201799489591	591
1	5341	443091.894517745856	592
1	5350	443521.556706866283	593
1	5363	444714.575811568681	594
1	5372	445513.76353693198	595
1	5377	445867.44973403405	596
1	5386	446590.313450340215	597
1	5395	447275.86085549559	598
1	5404	448124.568286584723	599
1	5413	448997.643167758393	600
1	5422	449900.14614905234	601
1	5431	450544.089177623424	602
1	5444	451536.136575043234	603
1	5453	452206.42932574268	604
1	5460	452873.568619787726	605
1	5467	453486.616900283876	606
1	5478	454371.59523633312	607
1	5485	454957.201342564108	608
1	5494	455356.13235072236	609
1	5503	456125.693457713383	610
1	5514	457471.659272164139	611
1	5523	458263.311693957108	612
1	5534	459154.653582349452	613
1	5543	459871.817382378536	614
1	5550	460279.376047058063	615
1	5559	461319.515749393063	616
1	5570	462273.751192493396	617
1	5577	463017.032999731632	618
1	5584	463390.109793841871	619
1	5593	464198.770714039015	620
1	5606	465158.753061527418	621
1	5613	465640.823605656656	622
1	5620	466159.820407116818	623
1	5629	466910.183358192476	624
1	5638	467764.435826987061	625
1	5647	468407.114500785279	626
1	5656	468955.230340082231	627
1	5669	470163.211562996763	628
1	5676	470789.049093006212	629
1	5685	471379.133119247887	630
1	5692	472424.259368469972	631
1	5705	473135.881109302897	632
1	5714	474009.857465699349	633
1	5719	474403.568205842782	634
1	5728	475130.272307340089	635
1	5739	476251.253195246715	636
1	5746	476696.911389380727	637
1	5759	477737.070686789264	638
1	5764	478366.046853689511	639
1	5773	479213.189994636958	640
1	5786	480241.557872341981	641
1	5795	481055.800467543339	642
1	5802	481837.723636580666	643
1	5809	482577.796781156247	644
1	5822	483465.12083834972	645
1	5827	483851.535313809325	646
1	5836	484582.948836078903	647
1	5847	485349.85223547559	648
1	5856	486279.389895033127	649
1	5865	486914.279246376863	650
1	5874	487752.66560032036	651
1	5883	488372.968934197015	652
1	5892	489029.669846780634	653
1	5901	490089.140154887027	654
1	5910	490719.231785042248	655
1	5921	491846.251264214552	656
1	5930	492740.899878367818	657
1	5939	493185.91051152911	658
1	5946	493633.497539721466	659
1	5955	494344.556400692127	660
1	5964	494961.593868490346	661
1	5971	495775.955270882733	662
1	5980	496374.407169269436	663
1	5991	497076.788066653573	664
1	5998	497566.280402848536	665
1	6007	498635.602235561276	666
1	6018	499446.949931513558	667
1	6027	500535.080138454254	668
1	6036	501219.760448858182	669
1	6045	501810.550180077593	670
1	6054	502565.654308442067	671
1	6065	503228.070065891411	672
1	6074	504035.330821853172	673
1	6079	504701.596322609153	674
1	6088	505220.026490651112	675
1	6099	506291.312201600563	676
1	6108	507117.837291676592	677
1	6115	507749.677556427237	678
1	6124	508353.998479200568	679
1	6135	509287.031231308397	680
1	6146	510530.885354988319	681
1	6153	511145.257772784722	682
1	6164	512160.252856789199	683
1	6171	512863.644512370271	684
1	6178	513314.508206862999	685
1	6187	513987.059456063478	686
1	6200	514804.824146116196	687
1	6209	515638.865524437322	688
1	6218	516514.322587195827	689
1	6227	517300.671699084385	690
1	6236	518123.172019282399	691
1	6241	518472.101365355818	692
1	6254	519589.851028053133	693
1	6263	520455.396360252096	694
1	6270	521230.110693024515	695
1	6279	521711.198788136287	696
1	6286	522178.485212987332	697
1	6295	522893.786461232274	698
1	6304	523422.631600918293	699
1	6317	524929.98620742005	700
1	6324	525712.161576328843	701
1	6331	526431.06034342204	702
1	6342	527160.505718831017	703
1	6351	527704.073129827201	704
1	6360	528557.051351387098	705
1	6367	529220.394547982186	706
1	6376	529625.463586393789	707
1	6387	530823.618603218391	708
1	6394	531610.133630968675	709
1	6405	532285.922376019925	710
1	6414	533336.849890742496	711
1	6423	533956.062538549349	712
1	6430	534561.009861202956	713
1	6443	535845.880008582071	714
1	6450	536355.496360547886	715
1	6457	536888.135272404225	716
1	6466	537979.25327760172	717
1	6477	538683.590077702002	718
1	6488	539481.403524242388	719
1	6495	540154.293190129148	720
1	6502	540765.751843666705	721
1	6511	541499.357581883716	722
1	6520	542494.878045190173	723
1	6529	543106.154822884174	724
1	6534	543621.944762952673	725
1	6549	544572.130753006833	726
1	6556	545102.512570191222	727
1	6565	545830.654787365394	728
1	6576	546514.50594984931	729
1	6585	546941.824038466486	730
1	6596	547717.951926961588	731
1	6603	548233.652449445846	732
1	6614	549087.580275395932	733
1	6621	549804.501918330836	734
1	6628	550385.182072967338	735
1	6641	551328.625960601541	736
1	6650	552197.110533295247	737
1	6655	552500.983480643529	738
1	6666	553485.457209963399	739
1	6673	554052.539398334968	740
1	6684	554890.362439351203	741
1	6693	555738.178713899153	742
1	6702	556636.063497467014	743
1	6709	557169.165056292014	744
1	6722	558115.951007232116	745
1	6731	558872.447673277976	746
1	6736	559316.701112827333	747
1	6745	560033.09255847712	748
1	6756	560832.018616609322	749
1	6759	561333.026361605199	750
1	6776	562367.684198124382	751
1	6781	562934.179509664002	752
1	6790	563483.641080418649	753
1	6799	564303.6228824873	754
1	6808	564810.736521938865	755
1	6819	566011.695413198371	756
1	6826	566468.173146341045	757
1	6835	567418.927334295635	758
1	6846	568438.903622282718	759
1	6857	569092.393164150466	760
1	6864	569714.930097106893	761
1	6871	570045.597674371724	762
1	6880	570505.942119844307	763
1	6893	571625.217586476404	764
1	6898	572007.970638480086	765
1	6907	572802.58069038396	766
1	6920	573807.608084008146	767
1	6925	574164.696224173579	768
1	6938	575032.66521329065	769
1	6947	575809.336920501712	770
1	6954	576277.949819527614	771
1	6961	576665.02040592027	772
1	6970	577192.706621484878	773
1	6979	578234.524551685947	774
1	6990	579003.825419722172	775
1	6997	579379.771498683887	776
1	7008	580677.605148498015	777
1	7015	581051.85330715035	778
1	7024	581567.350600333931	779
1	7037	582700.776089401963	780
1	7044	583453.149759164127	781
1	7053	583922.972580604302	782
1	7064	585142.794523201929	783
1	7071	585715.303907124372	784
1	7082	586489.765724726068	785
1	7089	587123.015008634003	786
1	7100	587733.063310291665	787
1	7109	588594.896489381837	788
1	7116	589234.657628322067	789
1	7123	590052.629512315663	790
1	7134	590830.540112173231	791
1	7141	591400.172684015752	792
1	7154	592410.105641651946	793
1	7161	592732.454030960846	794
1	7168	593041.865784488666	795
1	7181	594331.316233333247	796
1	7190	594926.891334867152	797
1	7195	595359.681805456104	798
1	7204	596329.402808379429	799
1	7215	597148.654187237891	800
1	7222	597634.415225498425	801
1	7231	598529.317596741068	802
1	7240	599081.539019895765	803
1	7249	599525.724311498972	804
1	7258	600497.111966740388	805
1	7271	601849.697926081764	806
1	7278	602579.086150741252	807
1	7285	602957.144486345398	808
1	7296	604025.641909707385	809
1	7303	604733.433434413793	810

