version 2
run Pipelined_3Teachers-43-20190105-10:57:27-4480
attr configname Pipelined_3Teachers
attr datetime 20190105-10:57:27
attr experiment Pipelined_3Teachers
attr inifile ../simulations/omnetpp.ini
attr iterationvars "$0=\"uniform\""
attr iterationvarsf uniform-
attr measurement "$0=\"uniform\""
attr network PipelinedExamSession
attr processid 4480
attr repetition 43
attr replication #43
attr resultdir results
attr runnumber 43
attr seedset 43
param **.teachersNumber 3
param **.answerTimeDistribution "\"uniform\""
param **.minUniform 300
param **.maxUniform 900
param **.scaleLognormal 6.2854
param **.shapeLognormal 0.4724

vector 0 PipelinedExamSession examinationTime:vector ETV
attr source examFinished
vector 1 PipelinedExamSession studentID:vector ETV
attr source student
0	3138	260114.412510814162	2202.7504844125
0	3149	260995.060167415084	2200.53902613
0	3158	261679.062560386972	2187.1049053967
0	3165	262081.65129460396	1952.0601674449
0	3176	262825.18636663446	1830.1261992194
0	3183	263356.588965794088	1677.5264054071
0	3192	264217.546623805554	1838.0117619876
0	3199	264824.364825943501	1999.178459309
0	3212	265656.650588661449	2191.7185275815
0	3221	266498.61734434964	2206.3235392794
0	3228	267029.521081689762	2158.4048853256
0	3239	267944.399919407459	2287.749330746
0	3244	268250.063814036565	1751.4464696869
0	3253	268955.520131159591	1873.8376700319
0	3264	269518.248742818849	1573.8488234114
0	3273	270421.878779400157	1689.1668770928
0	3280	270873.354503419267	1751.8042893615
0	3289	271287.675836635771	1396.171708731
0	3300	272193.351631751302	1738.2955212146
0	3311	273360.898998286592	2338.719482068
0	3320	274007.083679409715	2296.6270517092
0	3325	274458.289349544811	1849.9760219827
0	3336	275414.919280679914	2054.0202823933
0	3343	275824.680680735054	1817.5970013253
0	3354	277146.786052314581	2248.8753813319
0	3361	277658.711272710951	1862.7208208665
0	3374	278641.446005925553	2138.939691335
0	3379	279009.883903758617	1789.0200088732
0	3388	279959.928969014453	1912.4060887378
0	3401	280888.914986327307	2247.4689804018
0	3406	281299.752160348015	2014.0286152717
0	3415	282102.760447002964	2052.1528438199
0	3426	282839.659007918106	1950.7440215908
0	3437	283735.761085152643	2041.2334845867
0	3444	284458.759092679264	2086.6923518479
0	3455	285369.585827970895	2527.4593512062
0	3460	285696.899939468148	1961.1388543155
0	3473	286762.440283130872	2267.6795532927
0	3480	287397.147339396196	2027.5615114253
0	3489	288087.528584199044	2189.4760262221
0	3498	288943.28423598783	2180.843952857
0	3505	289332.976870005968	1703.5033551045
0	3514	290174.033198459091	1845.7048606127
0	3525	291464.120918791759	2333.4007641301
0	3534	292164.419574011135	2270.8724551834
0	3545	293121.528671029974	2329.9201004673
0	3554	293833.635895606149	2362.9682301544
0	3559	294331.3644167036	2057.0154792164
0	3572	295332.305019674842	2210.7763486449
0	3581	296078.966049850006	2245.3301542439
0	3588	296439.757977705468	1940.9803588875
0	3595	297012.848506774772	1680.5434870999
0	3606	297931.355800246839	1852.3897503968
0	3615	298724.76457930172	2065.5456250068
0	3622	299121.105065709	1644.9603305664
0	3631	300159.593188762685	2024.650971964
0	3640	300611.88666606324	1799.232068751
0	3653	301761.822525411865	2158.3682406228
0	3662	302503.661196911728	2239.4562345464
0	3667	302935.430848505368	2054.0544196498
0	3676	303724.774815654403	1962.9522902425
0	3687	304550.437632948181	2046.7764360365
0	3696	305544.377411529442	2204.9750911072
0	3703	306044.33048022913	1882.154019177
0	3712	306602.024416252992	1736.4670977462
0	3725	307642.720967531225	2064.2740665469
0	3730	308119.229515688515	1660.3484296706
0	3741	308791.501318663379	1643.171236245
0	3748	309096.400937391465	1453.6799698602
0	3757	310041.847374010851	1616.3697435055
0	3770	311005.008129542714	1956.9423824083
0	3775	311327.976226760095	1644.6530326735
0	3786	311921.647937363034	1541.7395335156
0	3797	312895.234510162866	1890.2263806202
0	3804	313323.266078252366	1890.4958202504
0	3815	314335.284408414757	2279.5225908514
0	3820	314843.62234720031	1948.3878370374
0	3829	315295.295580010882	1673.1238574255
0	3840	316456.593454163542	2121.3090457488
0	3851	317509.226163849256	2363.718940923
0	3858	318377.583400905154	2435.1918452885
0	3865	318921.262933686397	2303.256262606
0	3874	319830.911878449864	2321.6857146006
0	3883	320466.154308803401	2084.4275794923
0	3892	321201.383717078737	1957.4623451103
0	3903	322134.278088156156	2127.0744773559
0	3914	322872.112382529325	2277.0568910055
0	3919	323364.972016448177	2038.53498674
0	3930	323966.012820554919	1794.4173761643
0	3937	324612.939655222021	1740.8272726927
0	3946	325144.950222037754	1537.8457437269
0	3955	326196.813299227529	2029.6312681865
0	3966	327032.078638533153	1984.8757361993
0	3975	327707.830996764847	1816.9313554186
0	3982	328172.787068691128	1675.7416541688
0	3991	328874.896927736723	1741.0089899786
0	4000	329625.977140199416	1668.4088909067
0	4009	330426.590746734315	1895.3090726864
0	4018	331301.65034355598	1991.5073742159
0	4029	332619.65123349803	2536.8562620599
0	4040	333530.953315319517	2565.064011002
0	4049	334389.628176111752	2613.4303594474
0	4058	335148.355637909869	2475.2099876292
0	4065	335895.402768999363	2364.4494536798
0	4072	336573.679448990175	2184.0512728784
0	4085	337634.829274378741	2486.4736364689
0	4094	338532.606168324152	2494.0136126708
0	4099	339292.871590191523	2401.0154179763
0	4110	339912.117386190245	2277.2881118115
0	4117	340488.491929974431	1955.8857616503
0	4126	341471.558118145937	2096.673087962
0	4139	342594.981411611685	2450.8089300245
0	4146	343345.711473142752	2309.4901251141
0	4153	343976.49823171089	2102.6387628168
0	4164	344853.119476977759	2258.1380653661
0	4175	345588.01349778662	2093.5642824043
0	4184	346330.593047663593	2014.4891326781
0	4189	346714.079996757233	1834.9625583272
0	4198	347749.38685591335	2161.3733581267
0	4211	348611.926193162822	2281.3331454992
0	4218	349361.878422880568	2135.2212156169
0	4227	350125.981322536268	2058.0119725317
0	4234	350534.12429778839	1922.1981046256
0	4245	351135.932404082292	1709.9827489816
0	4252	351627.923664171272	1441.4218761027
0	4265	353171.300589479529	2494.4658838212
0	4274	354040.654399758228	2496.8071336392
0	4283	354863.766473298916	2473.5666276421
0	4290	355183.057362539717	2011.7567730602
0	4299	355910.679345019185	1870.024945261
0	4306	356336.992704123282	1473.2262308244
0	4319	357154.300980968424	1901.3853642158
0	4326	357709.160347469174	1690.7073775772
0	4337	358537.281462689885	2167.5482644234
0	4342	358864.442539494508	1710.1415585261
0	4353	359676.49421738463	1779.412381025
0	4360	360162.66043307262	1625.3789703827
0	4369	360490.619664452994	1287.1577981394
0	4378	361261.462198896358	1548.1087429449
0	4387	361905.116672208557	1676.6164889093
0	4398	362949.699988262753	2072.2297118045
0	4407	363809.012018702949	2288.187745912
0	4416	364699.97844351458	2415.4919920955
0	4427	365341.098981024722	2334.683995368
0	4434	365866.222605155806	2030.0821429119
0	4441	366281.112126074756	1571.3233659044
0	4450	367377.222486538837	2036.1235055141
0	4459	368232.09989368918	2003.4758007154
0	4468	369028.100777277748	1983.3707357291
0	4481	370024.151913821722	2305.7036175393
0	4490	370886.929478729169	2426.581330318
0	4497	371531.913795182507	2223.0087982491
0	4504	372184.306553145896	2160.1546393242
0	4515	372873.404214950303	1986.4747362211
0	4522	373377.229643566559	1798.8882862497
0	4533	374467.593987565513	2092.6018845756
0	4540	374783.190609002511	1509.0115299448
0	4549	375449.679627874892	1433.6273720954
0	4562	376881.687343306865	2183.0732479692
0	4569	377682.86007000136	2391.4602482691
0	4578	378556.950266612719	2497.6951480843
0	4587	379091.283556027363	2209.5962127205
0	4594	379795.28312045152	2081.6493432038
0	4603	380702.994608832548	2111.058497848
0	4614	381703.835030039797	2438.7068913784
0	4621	382018.527266616026	1911.2320129294
0	4632	382771.228988561804	1895.5391133204
0	4641	383523.355277907128	1774.3910084479
0	4648	383835.696158604721	1591.6466805618
0	4661	385146.400747681062	2225.7655974012
0	4670	385821.371031599145	2294.4172214717
0	4677	386362.512377696138	2037.6816922333
0	4684	386836.539540253606	1690.1387925725
0	4693	387247.397775203015	1426.0267436039
0	4706	388681.04759319688	2308.0735499505
0	4711	389006.354714278158	1830.190442875
0	4724	390363.096853718188	2503.6761066411
0	4729	390851.44476369026	2170.3971704934
0	4738	391360.474164504584	1887.119830912
0	4747	392247.795335110304	1884.6984813921
0	4756	393149.740866897654	2042.8727331106
0	4769	393986.058731423718	2026.4694730751
0	4776	394475.0631886069	1854.8624631017
0	4787	395655.869129765806	2240.7944055274
0	4792	396086.197734810439	2100.1390033867
0	4803	397029.257686156807	2194.7085175663
0	4812	397703.033784963218	2047.1646551974
0	4821	398610.098580038203	2066.6616399307
0	4830	399162.289222329883	2068.6660104431
0	4837	399925.95911468382	1987.0053180959
0	4846	401008.859732234879	2344.4924580865
0	4857	401840.413661487428	2350.7347620092
0	4868	402702.520562242744	2438.4760720655
0	4873	403025.114094140036	1926.7923783045
0	4882	403711.004984937636	1825.3004388884
0	4891	404134.367730002878	1431.8471677601
0	4900	405182.820888888118	1883.4167148918
0	4911	406238.68935909125	2478.378417436
0	4920	407004.692900413675	2376.3787172735
0	4929	407365.322152292384	1972.9308582377
0	4936	407812.181122647627	1523.8066711463
0	4945	408339.511879021331	1330.1194095053
0	4954	409377.372950920864	1965.9699134063
0	4967	410426.30486707206	2381.1862070113
0	4972	410855.024238210201	2072.4475761876
0	4985	412138.870552182227	2544.4777219556
0	4992	412625.987005513191	2199.6821384411
0	4999	413038.696195883706	1797.7443194948
0	5010	414323.07657119821	2184.206019016
0	5017	414803.125692671195	2101.5554472338
0	5030	415702.106772735745	2127.3929785006
0	5035	416267.140246694938	1816.5303626563
0	5046	416885.326313087747	1727.8437333182
0	5053	417314.155040681393	1612.0482679456
0	5062	418298.552035773204	1894.7258974425
0	5073	419154.307416407422	2166.9078438543
0	5084	419935.090686008365	2303.6598253995
0	5091	420492.755401181088	1973.2207576744
0	5102	421210.522836539925	1994.4436887279
0	5107	421844.40588564615	1909.3151996378
0	5118	422505.670763785051	1945.9220825695
0	5125	423206.404353026331	1995.8815164864
0	5136	424418.735828110979	2423.3993149828
0	5147	425154.975536931337	2284.798128996
0	5152	425458.353233523698	1710.6533442624
0	5165	426750.806024763765	2118.7106141355
0	5174	427263.271012762593	2108.2954758313
0	5181	427767.957586655425	1848.6289462075
0	5190	428611.336424946817	1860.5304001831
0	5199	429176.811347063663	1913.5403343011
0	5206	429767.044748319345	1965.3507042211
0	5219	430974.630046030539	2346.7267521657
0	5228	431808.090783236581	2465.769085614
0	5237	432226.753259170833	2138.1793132983
0	5244	432816.416049655559	1841.786003625
0	5253	433812.065352872047	2003.9745696355
0	5264	434611.426505120504	2384.6732459497
0	5271	435378.76095240939	2271.6767619364
0	5282	436353.474743943695	2484.5783660654
0	5289	436753.137476742301	2141.7109716218
0	5298	437550.809801230241	2066.3179120515
0	5309	438719.493055762757	2366.0183118191
0	5314	439049.165233969722	1990.1619555429
0	5323	439649.735413352062	1773.3782096766
0	5336	441212.756401766125	2493.2633460034
0	5345	442013.303973153267	2432.2462440468
0	5354	442471.93534788679	2153.3735370263
0	5361	443216.869671084021	2004.1132693179
0	5368	443980.404266947915	1967.1002937946
0	5377	444478.87156424116	2006.9362163544
0	5390	445784.010524209623	2498.5366567969
0	5395	446237.232020124827	2161.004732782
0	5404	447076.6381055117	2172.1062997822
0	5415	448198.572574043681	2414.5620498341
0	5422	448665.938170719926	1987.2675720602
0	5435	449588.365282863413	2035.9305344056
0	5444	450371.238563815166	2001.7530004028
0	5449	450699.440632341464	1861.5669520106
0	5462	451835.432513477315	2247.0672306139
0	5469	452252.30411770757	1881.0655538924
0	5480	453093.561110878397	1903.2339971513
0	5489	453607.513064006377	1772.0805505291
0	5498	454411.002767924253	2073.9022181835
0	5503	454832.684871973504	1739.1237610951
0	5514	455694.844679581035	2087.3316155747
0	5523	456275.480820564587	1864.4780526403
0	5530	456866.068870201742	1675.0590184238
0	5543	457767.576509993559	1896.2148833089
0	5548	458327.037357632106	1837.0989974588
0	5557	458938.54235974144	1970.0127057731
0	5566	459936.231423961035	2168.6549139675
0	5579	460873.122088098934	2391.7302353773
0	5584	461424.840129073745	2045.2671345323
0	5595	462156.563980411774	2096.9829479232
0	5602	462706.59702988345	1833.4749417845
0	5615	463935.15509208668	2325.0946726184
0	5622	464561.398547748141	2142.1991340816
0	5629	464953.776211012192	1742.708929209
0	5638	465705.504849739409	1770.3497576527
0	5647	466279.997127503193	1471.7365946621
0	5658	467183.740632282607	1807.222195901
0	5665	468212.444330379404	2059.234776115
0	5676	469046.716339280867	2300.5784978159
0	5687	469848.709801537954	2290.4735284857
0	5694	470517.423852905669	2104.9367431551
0	5705	471470.512576634102	2245.7149188034
0	5714	472174.47230145339	2325.7624999154
0	5721	472600.606760708653	2003.9998164866
0	5730	473423.078361852133	1952.565785218
0	5737	473862.569017382377	1688.096715929
0	5748	474647.694904077836	1773.4265168197
0	5755	475406.070418562778	1827.5760435965
0	5768	476470.761882048139	2346.7977752443
0	5773	477153.015521541277	2164.0324646607
0	5784	478118.18910492588	2459.8933280446
0	5795	478966.367535945067	2495.6056538969
0	5804	479797.386359609702	2497.7196622174
0	5813	480563.253853702956	2421.8967639841
0	5822	481236.751302704253	2270.3837667592
0	5827	481824.800998717584	2027.4146391079
0	5838	482530.561039829665	1967.3071861267
0	5845	483209.924018662461	1973.1727159582
0	5854	484078.147314582059	2120.2886195853
0	5865	485227.965633804017	2422.7531796321
0	5874	485775.272998865732	2166.0066075157
0	5881	486233.134297002145	1761.019521486
0	5890	486719.320750236549	1463.7672273908
0	5899	487326.538930786812	1425.4825259093
0	5910	488519.072682922745	2156.020159414
0	5917	488843.144544633144	1867.8226683754
0	5928	489771.014037681783	1988.7822139543
0	5939	491007.725579571018	2455.9918398969
0	5948	491803.894655406514	2446.8094711192
0	5953	492253.663887782061	2091.8507302646
0	5966	493532.119727600405	2524.3941480294
0	5971	494001.156406570265	2197.2617511638
0	5980	494719.995943363795	2074.9749585986
0	5993	495794.030834594781	2261.9111069944
0	5998	496324.506308510939	2108.5700233933
0	6009	496884.216275112743	1938.8136201538
0	6020	497716.250985721165	1922.2201511264
0	6029	498526.507739396805	2052.0994221792
0	6038	499251.026782114098	2345.8456505556
0	6047	500147.661883709992	2431.4108979888
0	6056	500993.191152624826	2466.683413228
0	6063	501787.880763877223	2536.8539817631
0	6070	502241.592885414179	2093.9310017042
0	6083	503005.121225863736	2011.9300732389
0	6090	503614.47748001669	1823.6309963744
0	6099	504188.062735553872	1771.1527870037
0	6106	504886.25531201255	1881.1340861488
0	6117	505445.893495576497	1585.5397368316
0	6124	506242.503892304417	1714.5703903399
0	6137	507293.7074773014	2270.6833827775
0	6146	508130.161946313497	2514.8006030358
0	6153	508569.522379199084	2140.6228146516
0	6160	509132.277002977249	1838.5695256758
0	6171	510135.721654538107	2005.5597082246
0	6180	510878.819903824519	2129.7600606456
0	6189	511724.617682257708	2125.6170355249
0	6198	512130.435914173763	1892.3263475765
0	6205	512749.817123590078	1612.4725925736
0	6216	513897.508905781474	2130.0805714913
0	6227	514769.413918582764	2102.8518535662
0	6234	515420.458772080061	2203.9377291687
0	6241	515952.250931644854	2046.8904549256
0	6250	516431.091605220031	1661.6776866373
0	6259	517511.929748207372	1907.5597037561
0	6268	518521.148624969688	2155.3346788511
0	6279	519212.954195682001	2151.8352296669
0	6290	520136.232289485675	2203.2295833807
0	6299	521019.840608350974	2230.5312216282
0	6308	521817.931906180498	2291.2598703057
0	6317	522714.0216856264	2577.7893961407
0	6326	523466.700026672376	2446.8594183214
0	6331	523820.001139584971	2002.0692334045
0	6340	524310.462041711477	1596.4403560851
0	6353	525747.70125425425	2281.0012275819
0	6362	526547.083220444663	2431.2262241263
0	6369	527052.742849756076	2095.5186441075
0	6378	527880.251962831287	2132.550708577
0	6385	528495.599495759277	1948.5162753146
0	6394	529162.890645442574	1805.7158058509
0	6403	529976.993601769252	1835.8950280119
0	6414	530656.350956205322	1883.008621959
0	6421	530977.868768200322	1423.0575070716
0	6426	531730.725571559785	1646.8189073727
0	6441	533191.019256273327	2255.7907457929
0	6452	534004.274516226766	2255.6687413249
0	6457	534473.464146209923	1880.8836105745
0	6468	535034.241778124166	1692.7049243823
0	6475	535639.312437549276	1635.0379213225
0	6486	536551.590565312696	2053.3468631096
0	6497	537381.732045114083	2047.6910443045
0	6506	538080.814156914173	2013.6351349298
0	6511	538551.388294016986	1966.058788402
0	6520	538996.022121934264	1614.2900768202
0	6529	539809.032672224609	1728.2185153104
0	6542	540825.441733980594	2178.7748605013
0	6551	541674.00572751653	2162.3745962977
0	6558	542391.630681557624	2353.3099352382
0	6569	543097.231779294132	2271.7900453135
0	6576	543851.931599853604	2177.9258723371
0	6583	544339.465671032711	1918.438165728
0	6592	545209.38168629077	2112.1499069966
0	6601	545545.669253496498	1568.9044155646
0	6610	546781.547331204682	2095.4356351867
0	6623	547784.409337537407	2329.072381882
0	6630	548215.95662129116	1917.9324507248
0	6639	549418.989755166738	2449.381469842
0	6646	549866.040170565291	2081.6308330279
0	6655	550365.839321818246	1723.5470811836
0	6666	551251.725925365505	1818.8281639013
0	6675	552101.228056428996	2005.2702122368
0	6684	553033.519899565769	2279.0948198643
0	6691	553494.22098216605	2159.8572347313
0	6704	554615.619745105548	2392.3594695982
0	6711	555453.258111700459	2337.0335551444
0	6718	556036.684623034714	2188.5231097229
0	6729	556757.531348615928	2141.9116035104
0	6736	557195.259282644881	1695.568307396
0	6745	557885.631294222592	1734.5387626905
0	6756	558804.27073691976	1915.0290765334
0	6763	559801.863729301884	2419.5876607206
0	6776	560653.085389640227	2399.3423379958
0	6785	561511.325890850321	2420.2684416901
0	6794	562203.443230362654	2244.4699569605
0	6799	562767.492225207433	2114.4068355672
0	6810	563568.999759899497	2057.6738690492
0	6817	564067.97972596255	1864.5364955999
0	6830	565110.860434128017	2163.3168631699
0	6837	565739.932110859127	2096.2403481826
0	6844	566183.758823107974	1708.7038858328
0	6853	566975.79217641619	1864.9317422882
0	6866	567955.95081564975	2195.2927754726
0	6871	568315.586909372406	1777.7272848878
0	6882	568905.282143130945	1711.4025447518
0	6889	569499.857460055547	1543.9066444058
0	6900	570396.684601949575	1893.1901536882
0	6909	571259.535028366419	1967.5367886666
0	6918	572022.926236130345	2200.1177926082
0	6927	572552.890299120965	2019.8639099021
0	6934	573346.615245658951	1958.7462800089
0	6943	573776.447226991924	1749.5792912319
0	6954	574408.179534925195	1705.5694306735
0	6963	575254.710031533661	1779.6722813509
0	6970	575850.322106899741	1930.1205115858
0	6979	576484.320591157351	1901.5455447603
0	6990	577458.820505440284	1977.6058018673
0	6997	577862.588919326712	1672.0201746561
0	7006	578963.140851119582	2053.6031494383
0	7015	579433.481906494175	1644.696379127
0	7024	580232.469726260801	1750.2687675878
0	7033	580654.62698279885	1479.8105562106
0	7042	581511.048909137076	1735.9237929806
0	7055	582742.111769272065	2436.6118334234
0	7062	583128.302997211045	1944.0442497376
0	7069	583441.350462148017	1539.3353192601
0	7082	584911.011727899364	2168.8999586273
0	7089	585576.502092042989	2438.1677916739
0	7100	586420.270037418283	2385.1522036828
0	7109	586984.226855915091	2073.2151280157
0	7118	587784.083710564352	2163.570815837
0	7123	588206.82653412228	1786.556496704
0	7132	588619.281508773617	1635.0546528585
0	7141	589401.713783992505	1617.6300734282
0	7150	590210.903489543176	1733.8814433664
0	7159	591203.043081611446	1932.8550274484
0	7170	592409.790541185118	2364.411830809
0	7177	592868.956753145955	2094.5951577276
0	7186	593852.989101084001	2255.4263365455
0	7195	594438.96440304821	1958.6772206705
0	7206	595320.947473822213	2012.8494487144
0	7217	596491.149817407183	2329.3671928346
0	7224	597138.542735204152	2286.4972127136
0	7231	597834.100531367637	2100.3280197736
0	7240	598506.969515187717	2015.8196977805
0	7249	599098.230090737395	1848.3783514705
0	7262	600161.266135890089	2038.1700685713
0	7269	600608.170950645633	1818.8862590119
0	7278	601468.568334728532	2148.8910342101
0	7287	602227.860172139533	2066.5940362494
0	7298	603016.744150919892	2338.2387065794
0	7303	603740.040933061443	2181.6022509243
0	7314	604561.177615681716	2285.1170517504
1	3138	260114.412510814162	347
1	3149	260995.060167415084	348
1	3158	261679.062560386972	349
1	3165	262081.65129460396	350
1	3176	262825.18636663446	351
1	3183	263356.588965794088	352
1	3192	264217.546623805554	353
1	3199	264824.364825943501	354
1	3212	265656.650588661449	355
1	3221	266498.61734434964	356
1	3228	267029.521081689762	357
1	3239	267944.399919407459	358
1	3244	268250.063814036565	359
1	3253	268955.520131159591	360
1	3264	269518.248742818849	361
1	3273	270421.878779400157	362
1	3280	270873.354503419267	363
1	3289	271287.675836635771	364
1	3300	272193.351631751302	365
1	3311	273360.898998286592	366
1	3320	274007.083679409715	367
1	3325	274458.289349544811	368
1	3336	275414.919280679914	369
1	3343	275824.680680735054	370
1	3354	277146.786052314581	371
1	3361	277658.711272710951	372
1	3374	278641.446005925553	373
1	3379	279009.883903758617	374
1	3388	279959.928969014453	375
1	3401	280888.914986327307	376
1	3406	281299.752160348015	377
1	3415	282102.760447002964	378
1	3426	282839.659007918106	379
1	3437	283735.761085152643	380
1	3444	284458.759092679264	381
1	3455	285369.585827970895	382
1	3460	285696.899939468148	383
1	3473	286762.440283130872	384
1	3480	287397.147339396196	385
1	3489	288087.528584199044	386
1	3498	288943.28423598783	387
1	3505	289332.976870005968	388
1	3514	290174.033198459091	389
1	3525	291464.120918791759	390
1	3534	292164.419574011135	391
1	3545	293121.528671029974	392
1	3554	293833.635895606149	393
1	3559	294331.3644167036	394
1	3572	295332.305019674842	395
1	3581	296078.966049850006	396
1	3588	296439.757977705468	397
1	3595	297012.848506774772	398
1	3606	297931.355800246839	399
1	3615	298724.76457930172	400
1	3622	299121.105065709	401
1	3631	300159.593188762685	402
1	3640	300611.88666606324	403
1	3653	301761.822525411865	404
1	3662	302503.661196911728	405
1	3667	302935.430848505368	406
1	3676	303724.774815654403	407
1	3687	304550.437632948181	408
1	3696	305544.377411529442	409
1	3703	306044.33048022913	410
1	3712	306602.024416252992	411
1	3725	307642.720967531225	412
1	3730	308119.229515688515	413
1	3741	308791.501318663379	414
1	3748	309096.400937391465	415
1	3757	310041.847374010851	416
1	3770	311005.008129542714	417
1	3775	311327.976226760095	418
1	3786	311921.647937363034	419
1	3797	312895.234510162866	420
1	3804	313323.266078252366	421
1	3815	314335.284408414757	422
1	3820	314843.62234720031	423
1	3829	315295.295580010882	424
1	3840	316456.593454163542	425
1	3851	317509.226163849256	426
1	3858	318377.583400905154	427
1	3865	318921.262933686397	428
1	3874	319830.911878449864	429
1	3883	320466.154308803401	430
1	3892	321201.383717078737	431
1	3903	322134.278088156156	432
1	3914	322872.112382529325	433
1	3919	323364.972016448177	434
1	3930	323966.012820554919	435
1	3937	324612.939655222021	436
1	3946	325144.950222037754	437
1	3955	326196.813299227529	438
1	3966	327032.078638533153	439
1	3975	327707.830996764847	440
1	3982	328172.787068691128	441
1	3991	328874.896927736723	442
1	4000	329625.977140199416	443
1	4009	330426.590746734315	444
1	4018	331301.65034355598	445
1	4029	332619.65123349803	446
1	4040	333530.953315319517	447
1	4049	334389.628176111752	448
1	4058	335148.355637909869	449
1	4065	335895.402768999363	450
1	4072	336573.679448990175	451
1	4085	337634.829274378741	452
1	4094	338532.606168324152	453
1	4099	339292.871590191523	454
1	4110	339912.117386190245	455
1	4117	340488.491929974431	456
1	4126	341471.558118145937	457
1	4139	342594.981411611685	458
1	4146	343345.711473142752	459
1	4153	343976.49823171089	460
1	4164	344853.119476977759	461
1	4175	345588.01349778662	462
1	4184	346330.593047663593	463
1	4189	346714.079996757233	464
1	4198	347749.38685591335	465
1	4211	348611.926193162822	466
1	4218	349361.878422880568	467
1	4227	350125.981322536268	468
1	4234	350534.12429778839	469
1	4245	351135.932404082292	470
1	4252	351627.923664171272	471
1	4265	353171.300589479529	472
1	4274	354040.654399758228	473
1	4283	354863.766473298916	474
1	4290	355183.057362539717	475
1	4299	355910.679345019185	476
1	4306	356336.992704123282	477
1	4319	357154.300980968424	478
1	4326	357709.160347469174	479
1	4337	358537.281462689885	480
1	4342	358864.442539494508	481
1	4353	359676.49421738463	482
1	4360	360162.66043307262	483
1	4369	360490.619664452994	484
1	4378	361261.462198896358	485
1	4387	361905.116672208557	486
1	4398	362949.699988262753	487
1	4407	363809.012018702949	488
1	4416	364699.97844351458	489
1	4427	365341.098981024722	490
1	4434	365866.222605155806	491
1	4441	366281.112126074756	492
1	4450	367377.222486538837	493
1	4459	368232.09989368918	494
1	4468	369028.100777277748	495
1	4481	370024.151913821722	496
1	4490	370886.929478729169	497
1	4497	371531.913795182507	498
1	4504	372184.306553145896	499
1	4515	372873.404214950303	500
1	4522	373377.229643566559	501
1	4533	374467.593987565513	502
1	4540	374783.190609002511	503
1	4549	375449.679627874892	504
1	4562	376881.687343306865	505
1	4569	377682.86007000136	506
1	4578	378556.950266612719	507
1	4587	379091.283556027363	508
1	4594	379795.28312045152	509
1	4603	380702.994608832548	510
1	4614	381703.835030039797	511
1	4621	382018.527266616026	512
1	4632	382771.228988561804	513
1	4641	383523.355277907128	514
1	4648	383835.696158604721	515
1	4661	385146.400747681062	516
1	4670	385821.371031599145	517
1	4677	386362.512377696138	518
1	4684	386836.539540253606	519
1	4693	387247.397775203015	520
1	4706	388681.04759319688	521
1	4711	389006.354714278158	522
1	4724	390363.096853718188	523
1	4729	390851.44476369026	524
1	4738	391360.474164504584	525
1	4747	392247.795335110304	526
1	4756	393149.740866897654	527
1	4769	393986.058731423718	528
1	4776	394475.0631886069	529
1	4787	395655.869129765806	530
1	4792	396086.197734810439	531
1	4803	397029.257686156807	532
1	4812	397703.033784963218	533
1	4821	398610.098580038203	534
1	4830	399162.289222329883	535
1	4837	399925.95911468382	536
1	4846	401008.859732234879	537
1	4857	401840.413661487428	538
1	4868	402702.520562242744	539
1	4873	403025.114094140036	540
1	4882	403711.004984937636	541
1	4891	404134.367730002878	542
1	4900	405182.820888888118	543
1	4911	406238.68935909125	544
1	4920	407004.692900413675	545
1	4929	407365.322152292384	546
1	4936	407812.181122647627	547
1	4945	408339.511879021331	548
1	4954	409377.372950920864	549
1	4967	410426.30486707206	550
1	4972	410855.024238210201	551
1	4985	412138.870552182227	552
1	4992	412625.987005513191	553
1	4999	413038.696195883706	554
1	5010	414323.07657119821	555
1	5017	414803.125692671195	556
1	5030	415702.106772735745	557
1	5035	416267.140246694938	558
1	5046	416885.326313087747	559
1	5053	417314.155040681393	560
1	5062	418298.552035773204	561
1	5073	419154.307416407422	562
1	5084	419935.090686008365	563
1	5091	420492.755401181088	564
1	5102	421210.522836539925	565
1	5107	421844.40588564615	566
1	5118	422505.670763785051	567
1	5125	423206.404353026331	568
1	5136	424418.735828110979	569
1	5147	425154.975536931337	570
1	5152	425458.353233523698	571
1	5165	426750.806024763765	572
1	5174	427263.271012762593	573
1	5181	427767.957586655425	574
1	5190	428611.336424946817	575
1	5199	429176.811347063663	576
1	5206	429767.044748319345	577
1	5219	430974.630046030539	578
1	5228	431808.090783236581	579
1	5237	432226.753259170833	580
1	5244	432816.416049655559	581
1	5253	433812.065352872047	582
1	5264	434611.426505120504	583
1	5271	435378.76095240939	584
1	5282	436353.474743943695	585
1	5289	436753.137476742301	586
1	5298	437550.809801230241	587
1	5309	438719.493055762757	588
1	5314	439049.165233969722	589
1	5323	439649.735413352062	590
1	5336	441212.756401766125	591
1	5345	442013.303973153267	592
1	5354	442471.93534788679	593
1	5361	443216.869671084021	594
1	5368	443980.404266947915	595
1	5377	444478.87156424116	596
1	5390	445784.010524209623	597
1	5395	446237.232020124827	598
1	5404	447076.6381055117	599
1	5415	448198.572574043681	600
1	5422	448665.938170719926	601
1	5435	449588.365282863413	602
1	5444	450371.238563815166	603
1	5449	450699.440632341464	604
1	5462	451835.432513477315	605
1	5469	452252.30411770757	606
1	5480	453093.561110878397	607
1	5489	453607.513064006377	608
1	5498	454411.002767924253	609
1	5503	454832.684871973504	610
1	5514	455694.844679581035	611
1	5523	456275.480820564587	612
1	5530	456866.068870201742	613
1	5543	457767.576509993559	614
1	5548	458327.037357632106	615
1	5557	458938.54235974144	616
1	5566	459936.231423961035	617
1	5579	460873.122088098934	618
1	5584	461424.840129073745	619
1	5595	462156.563980411774	620
1	5602	462706.59702988345	621
1	5615	463935.15509208668	622
1	5622	464561.398547748141	623
1	5629	464953.776211012192	624
1	5638	465705.504849739409	625
1	5647	466279.997127503193	626
1	5658	467183.740632282607	627
1	5665	468212.444330379404	628
1	5676	469046.716339280867	629
1	5687	469848.709801537954	630
1	5694	470517.423852905669	631
1	5705	471470.512576634102	632
1	5714	472174.47230145339	633
1	5721	472600.606760708653	634
1	5730	473423.078361852133	635
1	5737	473862.569017382377	636
1	5748	474647.694904077836	637
1	5755	475406.070418562778	638
1	5768	476470.761882048139	639
1	5773	477153.015521541277	640
1	5784	478118.18910492588	641
1	5795	478966.367535945067	642
1	5804	479797.386359609702	643
1	5813	480563.253853702956	644
1	5822	481236.751302704253	645
1	5827	481824.800998717584	646
1	5838	482530.561039829665	647
1	5845	483209.924018662461	648
1	5854	484078.147314582059	649
1	5865	485227.965633804017	650
1	5874	485775.272998865732	651
1	5881	486233.134297002145	652
1	5890	486719.320750236549	653
1	5899	487326.538930786812	654
1	5910	488519.072682922745	655
1	5917	488843.144544633144	656
1	5928	489771.014037681783	657
1	5939	491007.725579571018	658
1	5948	491803.894655406514	659
1	5953	492253.663887782061	660
1	5966	493532.119727600405	661
1	5971	494001.156406570265	662
1	5980	494719.995943363795	663
1	5993	495794.030834594781	664
1	5998	496324.506308510939	665
1	6009	496884.216275112743	666
1	6020	497716.250985721165	667
1	6029	498526.507739396805	668
1	6038	499251.026782114098	669
1	6047	500147.661883709992	670
1	6056	500993.191152624826	671
1	6063	501787.880763877223	672
1	6070	502241.592885414179	673
1	6083	503005.121225863736	674
1	6090	503614.47748001669	675
1	6099	504188.062735553872	676
1	6106	504886.25531201255	677
1	6117	505445.893495576497	678
1	6124	506242.503892304417	679
1	6137	507293.7074773014	680
1	6146	508130.161946313497	681
1	6153	508569.522379199084	682
1	6160	509132.277002977249	683
1	6171	510135.721654538107	684
1	6180	510878.819903824519	685
1	6189	511724.617682257708	686
1	6198	512130.435914173763	687
1	6205	512749.817123590078	688
1	6216	513897.508905781474	689
1	6227	514769.413918582764	690
1	6234	515420.458772080061	691
1	6241	515952.250931644854	692
1	6250	516431.091605220031	693
1	6259	517511.929748207372	694
1	6268	518521.148624969688	695
1	6279	519212.954195682001	696
1	6290	520136.232289485675	697
1	6299	521019.840608350974	698
1	6308	521817.931906180498	699
1	6317	522714.0216856264	700
1	6326	523466.700026672376	701
1	6331	523820.001139584971	702
1	6340	524310.462041711477	703
1	6353	525747.70125425425	704
1	6362	526547.083220444663	705
1	6369	527052.742849756076	706
1	6378	527880.251962831287	707
1	6385	528495.599495759277	708
1	6394	529162.890645442574	709
1	6403	529976.993601769252	710
1	6414	530656.350956205322	711
1	6421	530977.868768200322	712
1	6426	531730.725571559785	713
1	6441	533191.019256273327	714
1	6452	534004.274516226766	715
1	6457	534473.464146209923	716
1	6468	535034.241778124166	717
1	6475	535639.312437549276	718
1	6486	536551.590565312696	719
1	6497	537381.732045114083	720
1	6506	538080.814156914173	721
1	6511	538551.388294016986	722
1	6520	538996.022121934264	723
1	6529	539809.032672224609	724
1	6542	540825.441733980594	725
1	6551	541674.00572751653	726
1	6558	542391.630681557624	727
1	6569	543097.231779294132	728
1	6576	543851.931599853604	729
1	6583	544339.465671032711	730
1	6592	545209.38168629077	731
1	6601	545545.669253496498	732
1	6610	546781.547331204682	733
1	6623	547784.409337537407	734
1	6630	548215.95662129116	735
1	6639	549418.989755166738	736
1	6646	549866.040170565291	737
1	6655	550365.839321818246	738
1	6666	551251.725925365505	739
1	6675	552101.228056428996	740
1	6684	553033.519899565769	741
1	6691	553494.22098216605	742
1	6704	554615.619745105548	743
1	6711	555453.258111700459	744
1	6718	556036.684623034714	745
1	6729	556757.531348615928	746
1	6736	557195.259282644881	747
1	6745	557885.631294222592	748
1	6756	558804.27073691976	749
1	6763	559801.863729301884	750
1	6776	560653.085389640227	751
1	6785	561511.325890850321	752
1	6794	562203.443230362654	753
1	6799	562767.492225207433	754
1	6810	563568.999759899497	755
1	6817	564067.97972596255	756
1	6830	565110.860434128017	757
1	6837	565739.932110859127	758
1	6844	566183.758823107974	759
1	6853	566975.79217641619	760
1	6866	567955.95081564975	761
1	6871	568315.586909372406	762
1	6882	568905.282143130945	763
1	6889	569499.857460055547	764
1	6900	570396.684601949575	765
1	6909	571259.535028366419	766
1	6918	572022.926236130345	767
1	6927	572552.890299120965	768
1	6934	573346.615245658951	769
1	6943	573776.447226991924	770
1	6954	574408.179534925195	771
1	6963	575254.710031533661	772
1	6970	575850.322106899741	773
1	6979	576484.320591157351	774
1	6990	577458.820505440284	775
1	6997	577862.588919326712	776
1	7006	578963.140851119582	777
1	7015	579433.481906494175	778
1	7024	580232.469726260801	779
1	7033	580654.62698279885	780
1	7042	581511.048909137076	781
1	7055	582742.111769272065	782
1	7062	583128.302997211045	783
1	7069	583441.350462148017	784
1	7082	584911.011727899364	785
1	7089	585576.502092042989	786
1	7100	586420.270037418283	787
1	7109	586984.226855915091	788
1	7118	587784.083710564352	789
1	7123	588206.82653412228	790
1	7132	588619.281508773617	791
1	7141	589401.713783992505	792
1	7150	590210.903489543176	793
1	7159	591203.043081611446	794
1	7170	592409.790541185118	795
1	7177	592868.956753145955	796
1	7186	593852.989101084001	797
1	7195	594438.96440304821	798
1	7206	595320.947473822213	799
1	7217	596491.149817407183	800
1	7224	597138.542735204152	801
1	7231	597834.100531367637	802
1	7240	598506.969515187717	803
1	7249	599098.230090737395	804
1	7262	600161.266135890089	805
1	7269	600608.170950645633	806
1	7278	601468.568334728532	807
1	7287	602227.860172139533	808
1	7298	603016.744150919892	809
1	7303	603740.040933061443	810
1	7314	604561.177615681716	811

