version 2
run Pipelined_3Teachers-53-20190105-10:57:29-7148
attr configname Pipelined_3Teachers
attr datetime 20190105-10:57:29
attr experiment Pipelined_3Teachers
attr inifile ../simulations/omnetpp.ini
attr iterationvars "$0=\"uniform\""
attr iterationvarsf uniform-
attr measurement "$0=\"uniform\""
attr network PipelinedExamSession
attr processid 7148
attr repetition 53
attr replication #53
attr resultdir results
attr runnumber 53
attr seedset 53
param **.teachersNumber 3
param **.answerTimeDistribution "\"uniform\""
param **.minUniform 300
param **.maxUniform 900
param **.scaleLognormal 6.2854
param **.shapeLognormal 0.4724

vector 0 PipelinedExamSession examinationTime:vector ETV
attr source examFinished
vector 1 PipelinedExamSession studentID:vector ETV
attr source student
0	3194	260777.035497827478	2530.415476067
0	3199	261169.786906102695	2048.9033468999
0	3212	262106.614010967337	2133.8034634944
0	3219	262756.957281567179	1979.9217837397
0	3230	263392.053608223818	1920.5590829719
0	3237	264012.503784941532	1905.8897739742
0	3248	264897.921191202499	2014.497223869
0	3257	265446.090911328815	2054.037303105
0	3264	266002.877379627921	1954.1283157188
0	3275	266869.035361893497	1971.114170691
0	3280	267231.530912406765	1785.440001078
0	3289	268018.36612802001	1917.7754478995
0	3298	268732.590182544686	1863.5548206512
0	3311	269726.325528742768	2033.4709388204
0	3316	270087.765701953344	1793.3715451509
0	3325	270857.915453799091	1837.5005671754
0	3334	271466.072741244011	1739.7472125012
0	3345	272469.182600174122	2029.6511542518
0	3356	273536.661042133369	2336.6389547009
0	3365	274275.962965702661	2340.6959331594
0	3372	275098.59959855678	2360.9519028571
0	3379	275476.299044257053	1939.6380021237
0	3390	276560.296203615167	2284.3332379125
0	3401	277356.053211959102	2214.4505561795
0	3408	277941.234680917137	1909.7827864811
0	3415	278284.172828122997	1602.9101820197
0	3428	279165.693034697347	1809.6398227382
0	3437	279841.097167599969	1883.1945271231
0	3446	280416.718898993008	2009.322224278
0	3453	281093.702699476876	1928.0096647795
0	3464	281852.130976365902	2011.0338087659
0	3469	282584.055456938245	2167.3365579452
0	3478	283139.005487831332	1903.0358605552
0	3487	283886.58642349767	2034.4554471318
0	3496	284575.705195684008	1873.4648482874
0	3507	285518.068296276056	1986.5722915158
0	3514	285822.032379917824	1650.7182283793
0	3523	286571.670152200409	1743.2716104202
0	3534	287248.908028425672	1600.4693419207
0	3543	288053.01597202199	1807.5140741654
0	3550	288593.833517795451	1781.4925502054
0	3559	289249.352041538827	1759.2819086742
0	3568	289793.343167938315	1600.3677507397
0	3577	290205.246726656356	1259.2163319234
0	3590	291624.007610930153	2115.7360380515
0	3599	292173.339085606881	2022.4644578062
0	3608	292778.947517462098	1952.8702247422
0	3615	293433.655315032252	1809.6477041021
0	3626	294054.236596170836	1880.897510564
0	3635	294844.169498467841	2065.2219810057
0	3642	295395.851572696143	1911.5933393128
0	3651	296060.626857262128	2006.3902610913
0	3658	296775.714901043125	1931.5454025753
0	3667	297517.890323326015	1843.9447542652
0	3678	298376.531375432411	2171.468408173
0	3687	299019.338246947178	2010.2609929629
0	3698	300145.33590213398	2519.3971046247
0	3707	300777.316269418248	2268.3505907189
0	3716	301609.473525406816	2342.3617524561
0	3721	302062.703105388232	1917.3672032543
0	3734	302917.098309332528	2139.7820399143
0	3739	303236.140737589472	1626.6672121827
0	3750	304580.779723590263	2216.8494551908
0	3757	305010.771121038147	2093.6728117056
0	3766	305858.009852562123	2043.2161789387
0	3777	306775.73581519539	2193.322168244
0	3784	307313.690826203698	1969.0017890185
0	3797	308616.570550482744	2521.4918218553
0	3804	309243.650191230723	2296.1875809822
0	3811	309561.339789116779	1781.83952244
0	3822	310600.541423633719	1983.970873151
0	3829	311634.81698976832	2199.1521622986
0	3838	312104.126963904151	1996.9045049977
0	3849	312897.109287930676	1982.9672648571
0	3856	313317.097450420284	1517.1007195953
0	3867	314207.753687957325	1897.0214714762
0	3874	315014.144567074278	1956.1196737457
0	3883	315622.580484068046	1956.8491928279
0	3896	316759.371424745793	2308.2394757308
0	3901	317177.293522842253	1837.9221833311
0	3910	317524.482523743088	1350.3283212427
0	3919	318300.457639200638	1541.0862144548
0	3930	318994.223966170127	1574.2407571524
0	3939	319855.69911366331	1959.0338045731
0	3950	321035.815131152073	2452.9969133902
0	3957	321469.712461531187	2137.7134307753
0	3964	321969.388027070114	1825.9852166288
0	3973	322531.778383115331	1495.9632519633
0	3982	323112.743029883156	1491.4017423056
0	3993	324530.417061131472	2358.6596399546
0	4000	325244.9503712822	2314.1289428808
0	4009	325756.856959266612	2009.4010409899
0	4022	326664.522163337121	2058.0071703997
0	4027	327250.151606742317	1801.3196995016
0	4038	328254.764027288208	2206.3198502641
0	4047	329103.743281820813	2439.2211184837
0	4054	329572.807591315383	2041.5962790605
0	4065	330538.168459106262	2174.1088089533
0	4076	331539.353620586941	2415.7035690732
0	4083	332120.795407751599	2258.0054056831
0	4094	332630.296409921745	1879.7979108989
0	4101	333323.584446497286	1784.2308259103
0	4108	333758.727232413391	1617.491985485
0	4119	334759.488959005128	2129.1925490834
0	4130	335697.070300765361	2345.8236167673
0	4139	336500.771174440186	2369.1017580684
0	4144	337114.586404943864	2303.5727203824
0	4153	337644.301271578323	1947.230970813
0	4166	338820.329076005172	2319.557901565
0	4175	339679.712202865657	2291.8102169875
0	4180	340073.821456823525	1939.1532853246
0	4189	340941.925792582359	2121.5967165772
0	4198	341517.846947629031	1838.1347447634
0	4209	342597.038386669036	2063.4948134422
0	4216	343188.317976007264	1940.1183804497
0	4225	343691.497170785468	1671.3809142821
0	4234	344407.534808618975	1769.5273947436
0	4245	345362.518706079599	1930.7880149223
0	4254	346267.952742101651	2138.4464251343
0	4261	346631.993909832117	1787.7800947521
0	4270	347332.028121873763	1748.1540324166
0	4283	348620.466793561381	2307.3035891633
0	4288	349206.626792997149	2183.7932626717
0	4299	350235.749932425124	2379.5594774187
0	4306	350687.922342913253	2067.4555493519
0	4315	351334.711885359166	1915.5144824646
0	4324	351966.350492276279	1717.875073012
0	4333	352657.556260004667	1644.2873200402
0	4346	353616.28687586638	1951.1228594463
0	4351	354100.515578873482	1680.0858228933
0	4360	354596.700682165128	1541.6475329082
0	4371	355609.24122012223	1992.9543442558
0	4380	356199.786561867248	1828.6238295492
0	4387	356738.532690983291	1670.9799937438
0	4400	357704.444835986969	2016.1386188585
0	4405	358049.543475173441	1748.432967905
0	4414	358704.557771142599	1877.4712541141
0	4425	359612.218202417744	1907.7733664308
0	4432	360056.800565030453	1779.402550729
0	4441	361121.348896203589	2136.5963418502
0	4450	361752.189668314558	1874.3599258829
0	4463	363096.882124850552	2434.9840600044
0	4468	363611.313652340348	2245.4996257089
0	4477	364363.321697618838	2103.6537703592
0	4486	364916.669629560809	1819.7875047103
0	4495	365419.771967735167	1525.0528221019
0	4504	366155.113075068246	1646.953986492
0	4513	367117.740842280935	2028.3988736104
0	4522	367953.327951673444	2039.9144810624
0	4535	368782.551597291629	1993.0257794447
0	4544	369580.808914219986	1908.8658666238
0	4549	370075.662095658507	2011.9896744378
0	4558	370780.698947841328	1998.1473505497
0	4563	371306.276662694316	1725.4677484743
0	4578	372641.621253546353	2210.1226702798
0	4589	373609.367773029979	2287.6828576438
0	4594	374312.525903619852	2219.5266061462
0	4607	375222.353630047318	2230.1243782975
0	4612	375644.591003609848	2035.2232305799
0	4621	376405.156853003454	1921.1232765578
0	4632	377091.745917778489	1869.3922877312
0	4639	377636.784787243259	1829.1039660573
0	4650	378457.908787904334	1946.1003667675
0	4659	379240.327143296626	1909.5325495116
0	4670	380055.265621980679	2050.913025951
0	4679	380826.75130111168	2281.121472409
0	4684	381380.862578004625	1944.3782657851
0	4695	382096.850454574478	2041.5848325938
0	4702	382414.636375475702	1587.885074364
0	4713	383915.477585094077	2300.7150035352
0	4722	384639.37464142221	2362.4584013131
0	4729	384999.163015885306	1942.731025815
0	4740	386010.378615092514	2076.6806251835
0	4747	386536.022934922976	1888.8245609589
0	4758	387694.209981663181	2157.688728394
0	4765	388133.498982014163	2117.096415069
0	4774	389072.338614519714	2165.8239061944
0	4787	390170.304678892745	2393.810724467
0	4796	390804.263363359524	2134.3814869411
0	4801	391566.367381950868	2131.062243646
0	4812	392494.080529874219	2323.7758509815
0	4821	393055.211208807333	2250.9478454478
0	4828	393723.887603357463	2021.9185546506
0	4841	394905.154117243394	2303.8570554927
0	4848	395693.198972800776	2345.5811506603
0	4855	396404.479198297515	2326.8345370889
0	4864	396902.457259409159	1997.3031421658
0	4875	397751.751386001736	1965.8398339525
0	4882	398628.326308261633	2029.4631417375
0	4891	399355.979572003737	1949.7976084705
0	4902	400389.515032433003	2363.0311535206
0	4909	400816.600586101442	1913.1456279661
0	4922	401694.736268464506	1907.3743879795
0	4927	402228.466752637208	1817.2688255087
0	4940	403067.541506420852	1760.0548432209
0	4949	403965.2867665049	2270.5504980404
0	4954	404553.908315906332	2170.8997686859
0	4963	405173.336355714158	2105.7948492933
0	4972	406122.439949400753	2157.1531828959
0	4985	407163.535900600286	2430.1093046553
0	4990	407484.021435957433	1859.2751010787
0	4999	408024.241577787356	1632.3586332612
0	5008	409294.570925273033	2131.0350246727
0	5019	410021.007007313925	2144.714015862
0	5028	410606.294105015727	1846.8793411274
0	5035	411053.881681524249	1716.7061583605
0	5046	412083.419068018007	1935.6349546462
0	5055	412613.860600255462	1930.9336059261
0	5062	413679.766025953028	2215.7493653242
0	5075	414287.207621382583	2100.8374292403
0	5080	414865.727878036011	1868.8612445723
0	5089	415250.621010130305	1491.3139667362
0	5094	415729.389424575527	1442.1818031929
0	5107	416887.705613113974	1957.9590770882
0	5120	417760.33724304292	1984.3484017532
0	5129	418461.088657518883	1825.2544697374
0	5138	419283.022991940413	2044.0191313159
0	5143	419746.4334895369	1986.096246494
0	5152	420340.147492568973	1879.0588350501
0	5161	421091.920732799951	1808.8977408595
0	5170	422069.359394861419	2087.8103655763
0	5181	422675.57070110928	1845.9357887506
0	5188	423469.979452388395	1804.6030006371
0	5197	423779.262073896859	1619.4895871915
0	5210	425080.23974471729	2212.8573786467
0	5219	425952.749277558213	2337.3543291818
0	5226	426596.359703969246	2296.7325879727
0	5233	427023.540845839342	1943.3011011221
0	5244	427857.021241681685	1904.2719641235
0	5253	428465.229914523696	1814.743691124
0	5264	429383.712537819555	2001.9626611378
0	5273	430146.924658538809	2203.4601773601
0	5280	431013.085166132113	2429.2933147866
0	5291	431829.055846715381	2445.3433088958
0	5300	432528.437380911817	2381.512722373
0	5307	433163.074861792882	2144.2367068492
0	5314	433913.805809011717	2084.7499622963
0	5323	434400.298519525711	1871.8611386139
0	5336	435470.279825851355	2142.3269263934
0	5345	436246.852717967738	2185.522201471
0	5350	436802.097762096707	1947.6579620037
0	5363	437612.425331538578	2142.1455056872
0	5372	438478.196540102398	2231.3438221347
0	5377	438998.442425625434	2077.8638508171
0	5390	440018.418281804806	2405.9929502662
0	5395	440494.855066482014	2016.6585263796
0	5406	441551.536060078106	2341.2434765138
0	5413	441972.116048075295	1953.6977662705
0	5422	442792.658218508623	1946.6907233465
0	5435	443875.455451291091	2311.4044858608
0	5442	444608.219314646012	2152.1078084596
0	5449	445361.06622596275	2084.9314008839
0	5460	445986.279958253763	2110.8245069627
0	5469	446536.859045270867	1803.5164807923
0	5476	447056.921627512238	1545.2796540689
0	5485	447621.572002256326	1610.3011057712
0	5494	448538.801251910664	1967.7074594423
0	5505	449219.674640754275	1930.9578384273
0	5512	449945.918546011709	2065.3396224137
0	5521	450733.613037597425	2086.7491912097
0	5532	451770.352667570152	2404.643659573
0	5539	452713.623302383386	2458.2020928618
0	5550	453436.888675019183	2369.9824419804
0	5557	453835.309084458315	1878.0455849133
0	5562	454307.123353332319	1519.0765353385
0	5575	455697.996647609436	2166.1119297612
0	5586	456779.294418962711	2443.3473972604
0	5597	457570.424299081826	2481.2053138856
0	5606	458422.520368220323	2460.1386829745
0	5615	459080.967137916052	2271.89922994
0	5620	459572.193243540862	2001.768944459
0	5631	460510.51435000267	2087.9939817823
0	5638	461152.131029684135	2071.1638917681
0	5651	462145.666568772906	2275.873929821
0	5660	462970.025357091838	2278.8664261345
0	5665	463279.682345269287	1747.9526539799
0	5674	464174.839793471659	2029.1732246988
0	5683	464924.382930574978	1954.3575734831
0	5696	465924.57786295567	2222.6151256822
0	5703	466689.160219486843	2285.0990273058
0	5710	467198.858942231204	1959.5762805082
0	5723	468020.882754446979	2096.3048914913
0	5730	468518.868475779931	1812.3447130434
0	5739	469247.516640555154	1936.0320225824
0	5746	469810.226756846573	1789.3440023996
0	5755	470890.762065164785	2002.4723134004
0	5766	471650.916835852007	2145.9411978722
0	5775	472173.97409370173	2030.6368097663
0	5786	472918.460490508045	1986.0074121505
0	5791	473289.693063218187	1531.7845274694
0	5800	474049.175384547601	1857.4818938971
0	5809	474538.755044387693	1620.2945538796
0	5822	475713.041208777616	2045.2779062558
0	5827	476126.348649803588	1873.0237651616
0	5836	476736.916173482353	1859.6840922721
0	5847	477927.428531041408	2214.3873222638
0	5858	478510.384226823265	1963.5883626994
0	5863	479077.938023675273	1699.4078842923
0	5876	480082.635135948697	2114.0635184012
0	5881	480428.763055522034	1918.3788286988
0	5890	481177.485734084661	1812.2920621186
0	5899	481727.456920640582	1644.8217846919
0	5908	482396.343304216902	1528.3174060285
0	5921	483522.718486748675	2215.6824277248
0	5930	483957.541963644365	1982.0897483267
0	5937	484611.420335713813	1785.8624593355
0	5948	485406.923477863932	1884.2049911153
0	5953	485708.416891191194	1750.8749275468
0	5962	486594.275947054887	1788.2009875495
0	5971	487228.802193654741	1821.8787157908
0	5982	488317.579537304158	2052.6721850038
0	5993	489178.961658105294	2300.8691463154
0	6002	490078.179124882485	2469.6358022746
0	6009	490642.478055227588	2201.6578266397
0	6016	491167.348174704279	1988.386516599
0	6027	492030.040325503837	1951.8612006214
0	6034	492600.295914849307	1821.5824121609
0	6047	493813.835859904107	2266.7420520913
0	6056	494689.919609483373	2404.2420100886
0	6065	495297.628605365795	2235.1110104006
0	6070	495645.183932874394	1831.3480729703
0	6079	496374.270177260083	1684.3505677767
0	6088	497032.857262529474	1735.2286571637
0	6099	497639.000744652044	1573.748115683
0	6108	498257.798959454563	1593.9536847174
0	6119	499019.663471588906	1914.0188310295
0	6124	499436.821114551317	1791.2718042266
0	6133	500242.020385572728	1892.3840474803
0	6144	501344.812509790104	2325.1490382012
0	6151	502081.260703923222	2375.8539982606
0	6162	502981.318197911646	2474.504155945
0	6171	503646.93757086065	2243.9098703675
0	6178	504202.013520849909	1947.7100625169
0	6189	505442.47432644483	2436.3780166022
0	6196	505797.407187055837	1902.1836802829
0	6207	506815.613625571172	2216.8080909178
0	6214	507404.383818805258	1952.2475849837
0	6223	508169.75465216678	1942.84785809
0	6234	509110.272575542372	2211.7566662841
0	6245	509859.450144041371	2200.7138582412
0	6250	510189.938545553055	1739.940343285
0	6259	510978.986674128142	1771.7813059688
0	6272	512051.762565923896	2192.3124218825
0	6281	512891.184864565771	2272.3715183325
0	6286	513357.705645868596	2124.100193521
0	6299	514658.707891451236	2606.9453255273
0	6304	515147.202525800135	2256.0176612344
0	6313	516023.479058453855	2258.5362254642
0	6326	517096.314671728801	2437.6067802776
0	6333	517586.446741316509	2123.9798644558
0	6336	517940.660506580066	1706.6704879515
0	6349	519140.647461684462	2044.3327899557
0	6362	520284.714466659393	2327.3194368929
0	6371	520886.858167033683	2084.6484904177
0	6376	521320.877402834635	1834.9379899912
0	6387	522261.871952656697	1977.1574859973
0	6394	523034.370807325508	2147.5126402918
0	6407	524026.384273124899	2332.5692546088
0	6414	524592.00914260004	2113.2337859832
0	6425	525479.827203601639	2130.9505645651
0	6430	525958.332018507685	1931.9477453828
0	6439	526738.480931008275	2143.4075430036
0	6448	527267.397229978856	1787.5700263772
0	6459	528099.848824041005	1982.2946058121
0	6466	528710.136001138057	1749.4420400821
0	6475	529526.539892144543	1886.7632739712
0	6484	530365.857495786664	1903.9661664516
0	6497	531275.321154808667	2014.8733222391
0	6504	531742.063249927056	1695.3443022911
0	6515	532675.878348061856	2183.8356296998
0	6522	533355.365088349249	2080.0439335406
0	6529	533815.260563604574	1774.2390132509
0	6542	535196.14821849395	2520.2698704321
0	6549	535837.084764149081	2417.2536348458
0	6560	536953.783861454618	2636.9257729501
0	6565	537255.553527502385	2059.4053090084
0	6574	537975.621466850904	1914.9679392111
0	6583	538729.608079930809	1775.8242184762
0	6594	539841.500276885969	2158.3290627692
0	6603	540875.325272139203	2465.8597213682
0	6610	541355.502580013168	2058.2101288252
0	6619	541942.770000547212	1815.6987429131
0	6632	543295.913264108864	2354.4562071562
0	6637	543878.927191207228	2275.7766296156
0	6646	544267.314692214173	1831.0654318426
0	6657	545628.434451576365	2332.5211874675
0	6666	546381.170928664548	2188.507739827
0	6673	547065.105741843624	2045.6528549083
0	6684	547873.181016370697	2036.6769473534
0	6695	548896.463961945889	2246.5774982236
0	6702	549532.102991268081	2130.1530757919
0	6713	550099.555528583047	1828.1766723376
0	6722	550849.180717393798	1952.7167554479
0	6729	551211.526541970712	1484.8778539337
0	6736	551776.318928366569	1676.7633997835
0	6747	552684.464541496752	1835.283824103
0	6758	553281.12348248255	2048.0077663902
0	6767	553990.214650612367	2045.6420025788
0	6774	554813.320423336742	2121.8415793497
0	6785	555597.896383004306	2316.7729005218
0	6794	556371.936816908462	2381.7221662961
0	6801	556916.142374323724	2100.2817667555
0	6810	557425.76736356136	1827.8709805571
0	6821	558270.653164805888	1898.7163478974
0	6828	558629.535229504152	1628.2397762407
0	6837	559266.504198219671	1570.2595649287
0	6846	560077.751882281198	1807.0987174753
0	6857	561143.65043845032	2444.4706344511
0	6862	561506.781313335566	1941.135884542
0	6875	562519.551908690526	2198.1273403857
0	6884	563281.856769416525	2138.2063309662
0	6889	563610.47930256468	1649.3436226621
0	6898	564367.086054850414	1847.5341461599
0	6907	564980.225076293617	1698.3683068771
0	6916	565848.682624753608	1862.7677138429
0	6927	567009.512784518344	2285.3917749133
0	6934	567445.670958515299	1940.6006466597
0	6943	567996.883823443247	1724.7439714149
0	6954	568906.227399548559	1876.486051362
0	6961	569271.333071915476	1563.1349088158
0	6970	570323.075516475408	2184.1137251817
0	6981	571380.513240443587	2355.9562977869
0	6992	572160.698877414733	2277.8121421114
0	7001	573048.579764692157	2340.7010068651
0	7008	573722.857532138049	2279.4437758159
0	7015	574261.468628933697	2100.769751519
0	7026	575115.898305550263	2067.3185408581
0	7035	575722.598144877747	1966.1400196608
0	7046	576571.031616255686	2040.6914686784
0	7055	577363.80917388019	2247.6491552778
0	7064	578122.079166770026	2383.0942526925
0	7073	578883.91123451297	2312.8796182573
0	7078	579479.204254131809	2115.3950802516
0	7089	580351.799000473738	2229.7198337037
0	7100	581292.288996465549	2408.3777619526
0	7109	582108.3351627924	2426.8360492308
0	7116	582824.573123641357	2401.6043820418
0	7125	583274.360863119409	1982.0718666539
0	7132	583654.65363208209	1546.3184692897
0	7145	584717.529233219147	1839.382625185
0	7150	585117.874524928674	1701.4845941216
0	7159	585659.249767754272	1522.9006516747
0	7170	586821.808550600008	2104.2793173809
0	7181	587543.030426697851	2187.8131763544
0	7190	588221.009059902326	2096.6819174588
0	7197	588838.934926036791	1840.2434902266
0	7204	589657.081835484178	2114.0514087863
0	7215	590427.963065262929	2206.9540053606
0	7226	591496.808163402648	2465.549607994
0	7231	591865.28564044279	1934.3813817948
0	7244	592698.571312939794	2094.7222671937
0	7253	593417.125066788913	1920.3169033863
0	7262	594254.742944520013	2329.519567173
0	7267	594574.484981596516	1875.9136686567
0	7280	595731.363352574454	2314.2382857855
0	7285	596451.135548763023	2196.392604243
0	7294	596951.318083377601	2018.9714441076
0	7303	597802.181289950432	2070.817937376
0	7314	598353.175834659533	1752.4974497035
0	7325	599351.06042088014	1954.3277189601
0	7330	599652.370024938182	1700.6538426038
0	7343	600621.040199277968	1966.4671797305
0	7348	601079.871673509524	1728.8112526294
0	7361	601925.794208329217	1786.450712895
0	7370	602815.356223890604	2194.3160246126
0	7375	603356.850766064645	2006.0501261149
0	7384	603746.111077023717	1820.3168686945
0	7395	604333.188204467343	1517.8319805767
0	7402	604706.50544618261	1248.1679624878
1	3194	260777.035497827478	353
1	3199	261169.786906102695	354
1	3212	262106.614010967337	355
1	3219	262756.957281567179	356
1	3230	263392.053608223818	357
1	3237	264012.503784941532	358
1	3248	264897.921191202499	359
1	3257	265446.090911328815	360
1	3264	266002.877379627921	361
1	3275	266869.035361893497	362
1	3280	267231.530912406765	363
1	3289	268018.36612802001	364
1	3298	268732.590182544686	365
1	3311	269726.325528742768	366
1	3316	270087.765701953344	367
1	3325	270857.915453799091	368
1	3334	271466.072741244011	369
1	3345	272469.182600174122	370
1	3356	273536.661042133369	371
1	3365	274275.962965702661	372
1	3372	275098.59959855678	373
1	3379	275476.299044257053	374
1	3390	276560.296203615167	375
1	3401	277356.053211959102	376
1	3408	277941.234680917137	377
1	3415	278284.172828122997	378
1	3428	279165.693034697347	379
1	3437	279841.097167599969	380
1	3446	280416.718898993008	381
1	3453	281093.702699476876	382
1	3464	281852.130976365902	383
1	3469	282584.055456938245	384
1	3478	283139.005487831332	385
1	3487	283886.58642349767	386
1	3496	284575.705195684008	387
1	3507	285518.068296276056	388
1	3514	285822.032379917824	389
1	3523	286571.670152200409	390
1	3534	287248.908028425672	391
1	3543	288053.01597202199	392
1	3550	288593.833517795451	393
1	3559	289249.352041538827	394
1	3568	289793.343167938315	395
1	3577	290205.246726656356	396
1	3590	291624.007610930153	397
1	3599	292173.339085606881	398
1	3608	292778.947517462098	399
1	3615	293433.655315032252	400
1	3626	294054.236596170836	401
1	3635	294844.169498467841	402
1	3642	295395.851572696143	403
1	3651	296060.626857262128	404
1	3658	296775.714901043125	405
1	3667	297517.890323326015	406
1	3678	298376.531375432411	407
1	3687	299019.338246947178	408
1	3698	300145.33590213398	409
1	3707	300777.316269418248	410
1	3716	301609.473525406816	411
1	3721	302062.703105388232	412
1	3734	302917.098309332528	413
1	3739	303236.140737589472	414
1	3750	304580.779723590263	415
1	3757	305010.771121038147	416
1	3766	305858.009852562123	417
1	3777	306775.73581519539	418
1	3784	307313.690826203698	419
1	3797	308616.570550482744	420
1	3804	309243.650191230723	421
1	3811	309561.339789116779	422
1	3822	310600.541423633719	423
1	3829	311634.81698976832	424
1	3838	312104.126963904151	425
1	3849	312897.109287930676	426
1	3856	313317.097450420284	427
1	3867	314207.753687957325	428
1	3874	315014.144567074278	429
1	3883	315622.580484068046	430
1	3896	316759.371424745793	431
1	3901	317177.293522842253	432
1	3910	317524.482523743088	433
1	3919	318300.457639200638	434
1	3930	318994.223966170127	435
1	3939	319855.69911366331	436
1	3950	321035.815131152073	437
1	3957	321469.712461531187	438
1	3964	321969.388027070114	439
1	3973	322531.778383115331	440
1	3982	323112.743029883156	441
1	3993	324530.417061131472	442
1	4000	325244.9503712822	443
1	4009	325756.856959266612	444
1	4022	326664.522163337121	445
1	4027	327250.151606742317	446
1	4038	328254.764027288208	447
1	4047	329103.743281820813	448
1	4054	329572.807591315383	449
1	4065	330538.168459106262	450
1	4076	331539.353620586941	451
1	4083	332120.795407751599	452
1	4094	332630.296409921745	453
1	4101	333323.584446497286	454
1	4108	333758.727232413391	455
1	4119	334759.488959005128	456
1	4130	335697.070300765361	457
1	4139	336500.771174440186	458
1	4144	337114.586404943864	459
1	4153	337644.301271578323	460
1	4166	338820.329076005172	461
1	4175	339679.712202865657	462
1	4180	340073.821456823525	463
1	4189	340941.925792582359	464
1	4198	341517.846947629031	465
1	4209	342597.038386669036	466
1	4216	343188.317976007264	467
1	4225	343691.497170785468	468
1	4234	344407.534808618975	469
1	4245	345362.518706079599	470
1	4254	346267.952742101651	471
1	4261	346631.993909832117	472
1	4270	347332.028121873763	473
1	4283	348620.466793561381	474
1	4288	349206.626792997149	475
1	4299	350235.749932425124	476
1	4306	350687.922342913253	477
1	4315	351334.711885359166	478
1	4324	351966.350492276279	479
1	4333	352657.556260004667	480
1	4346	353616.28687586638	481
1	4351	354100.515578873482	482
1	4360	354596.700682165128	483
1	4371	355609.24122012223	484
1	4380	356199.786561867248	485
1	4387	356738.532690983291	486
1	4400	357704.444835986969	487
1	4405	358049.543475173441	488
1	4414	358704.557771142599	489
1	4425	359612.218202417744	490
1	4432	360056.800565030453	491
1	4441	361121.348896203589	492
1	4450	361752.189668314558	493
1	4463	363096.882124850552	494
1	4468	363611.313652340348	495
1	4477	364363.321697618838	496
1	4486	364916.669629560809	497
1	4495	365419.771967735167	498
1	4504	366155.113075068246	499
1	4513	367117.740842280935	500
1	4522	367953.327951673444	501
1	4535	368782.551597291629	502
1	4544	369580.808914219986	503
1	4549	370075.662095658507	504
1	4558	370780.698947841328	505
1	4563	371306.276662694316	506
1	4578	372641.621253546353	507
1	4589	373609.367773029979	508
1	4594	374312.525903619852	509
1	4607	375222.353630047318	510
1	4612	375644.591003609848	511
1	4621	376405.156853003454	512
1	4632	377091.745917778489	513
1	4639	377636.784787243259	514
1	4650	378457.908787904334	515
1	4659	379240.327143296626	516
1	4670	380055.265621980679	517
1	4679	380826.75130111168	518
1	4684	381380.862578004625	519
1	4695	382096.850454574478	520
1	4702	382414.636375475702	521
1	4713	383915.477585094077	522
1	4722	384639.37464142221	523
1	4729	384999.163015885306	524
1	4740	386010.378615092514	525
1	4747	386536.022934922976	526
1	4758	387694.209981663181	527
1	4765	388133.498982014163	528
1	4774	389072.338614519714	529
1	4787	390170.304678892745	530
1	4796	390804.263363359524	531
1	4801	391566.367381950868	532
1	4812	392494.080529874219	533
1	4821	393055.211208807333	534
1	4828	393723.887603357463	535
1	4841	394905.154117243394	536
1	4848	395693.198972800776	537
1	4855	396404.479198297515	538
1	4864	396902.457259409159	539
1	4875	397751.751386001736	540
1	4882	398628.326308261633	541
1	4891	399355.979572003737	542
1	4902	400389.515032433003	543
1	4909	400816.600586101442	544
1	4922	401694.736268464506	545
1	4927	402228.466752637208	546
1	4940	403067.541506420852	547
1	4949	403965.2867665049	548
1	4954	404553.908315906332	549
1	4963	405173.336355714158	550
1	4972	406122.439949400753	551
1	4985	407163.535900600286	552
1	4990	407484.021435957433	553
1	4999	408024.241577787356	554
1	5008	409294.570925273033	555
1	5019	410021.007007313925	556
1	5028	410606.294105015727	557
1	5035	411053.881681524249	558
1	5046	412083.419068018007	559
1	5055	412613.860600255462	560
1	5062	413679.766025953028	561
1	5075	414287.207621382583	562
1	5080	414865.727878036011	563
1	5089	415250.621010130305	564
1	5094	415729.389424575527	565
1	5107	416887.705613113974	566
1	5120	417760.33724304292	567
1	5129	418461.088657518883	568
1	5138	419283.022991940413	569
1	5143	419746.4334895369	570
1	5152	420340.147492568973	571
1	5161	421091.920732799951	572
1	5170	422069.359394861419	573
1	5181	422675.57070110928	574
1	5188	423469.979452388395	575
1	5197	423779.262073896859	576
1	5210	425080.23974471729	577
1	5219	425952.749277558213	578
1	5226	426596.359703969246	579
1	5233	427023.540845839342	580
1	5244	427857.021241681685	581
1	5253	428465.229914523696	582
1	5264	429383.712537819555	583
1	5273	430146.924658538809	584
1	5280	431013.085166132113	585
1	5291	431829.055846715381	586
1	5300	432528.437380911817	587
1	5307	433163.074861792882	588
1	5314	433913.805809011717	589
1	5323	434400.298519525711	590
1	5336	435470.279825851355	591
1	5345	436246.852717967738	592
1	5350	436802.097762096707	593
1	5363	437612.425331538578	594
1	5372	438478.196540102398	595
1	5377	438998.442425625434	596
1	5390	440018.418281804806	597
1	5395	440494.855066482014	598
1	5406	441551.536060078106	599
1	5413	441972.116048075295	600
1	5422	442792.658218508623	601
1	5435	443875.455451291091	602
1	5442	444608.219314646012	603
1	5449	445361.06622596275	604
1	5460	445986.279958253763	605
1	5469	446536.859045270867	606
1	5476	447056.921627512238	607
1	5485	447621.572002256326	608
1	5494	448538.801251910664	609
1	5505	449219.674640754275	610
1	5512	449945.918546011709	611
1	5521	450733.613037597425	612
1	5532	451770.352667570152	613
1	5539	452713.623302383386	614
1	5550	453436.888675019183	615
1	5557	453835.309084458315	616
1	5562	454307.123353332319	617
1	5575	455697.996647609436	618
1	5586	456779.294418962711	619
1	5597	457570.424299081826	620
1	5606	458422.520368220323	621
1	5615	459080.967137916052	622
1	5620	459572.193243540862	623
1	5631	460510.51435000267	624
1	5638	461152.131029684135	625
1	5651	462145.666568772906	626
1	5660	462970.025357091838	627
1	5665	463279.682345269287	628
1	5674	464174.839793471659	629
1	5683	464924.382930574978	630
1	5696	465924.57786295567	631
1	5703	466689.160219486843	632
1	5710	467198.858942231204	633
1	5723	468020.882754446979	634
1	5730	468518.868475779931	635
1	5739	469247.516640555154	636
1	5746	469810.226756846573	637
1	5755	470890.762065164785	638
1	5766	471650.916835852007	639
1	5775	472173.97409370173	640
1	5786	472918.460490508045	641
1	5791	473289.693063218187	642
1	5800	474049.175384547601	643
1	5809	474538.755044387693	644
1	5822	475713.041208777616	645
1	5827	476126.348649803588	646
1	5836	476736.916173482353	647
1	5847	477927.428531041408	648
1	5858	478510.384226823265	649
1	5863	479077.938023675273	650
1	5876	480082.635135948697	651
1	5881	480428.763055522034	652
1	5890	481177.485734084661	653
1	5899	481727.456920640582	654
1	5908	482396.343304216902	655
1	5921	483522.718486748675	656
1	5930	483957.541963644365	657
1	5937	484611.420335713813	658
1	5948	485406.923477863932	659
1	5953	485708.416891191194	660
1	5962	486594.275947054887	661
1	5971	487228.802193654741	662
1	5982	488317.579537304158	663
1	5993	489178.961658105294	664
1	6002	490078.179124882485	665
1	6009	490642.478055227588	666
1	6016	491167.348174704279	667
1	6027	492030.040325503837	668
1	6034	492600.295914849307	669
1	6047	493813.835859904107	670
1	6056	494689.919609483373	671
1	6065	495297.628605365795	672
1	6070	495645.183932874394	673
1	6079	496374.270177260083	674
1	6088	497032.857262529474	675
1	6099	497639.000744652044	676
1	6108	498257.798959454563	677
1	6119	499019.663471588906	678
1	6124	499436.821114551317	679
1	6133	500242.020385572728	680
1	6144	501344.812509790104	681
1	6151	502081.260703923222	682
1	6162	502981.318197911646	683
1	6171	503646.93757086065	684
1	6178	504202.013520849909	685
1	6189	505442.47432644483	686
1	6196	505797.407187055837	687
1	6207	506815.613625571172	688
1	6214	507404.383818805258	689
1	6223	508169.75465216678	690
1	6234	509110.272575542372	691
1	6245	509859.450144041371	692
1	6250	510189.938545553055	693
1	6259	510978.986674128142	694
1	6272	512051.762565923896	695
1	6281	512891.184864565771	696
1	6286	513357.705645868596	697
1	6299	514658.707891451236	698
1	6304	515147.202525800135	699
1	6313	516023.479058453855	700
1	6326	517096.314671728801	701
1	6333	517586.446741316509	702
1	6336	517940.660506580066	703
1	6349	519140.647461684462	704
1	6362	520284.714466659393	705
1	6371	520886.858167033683	706
1	6376	521320.877402834635	707
1	6387	522261.871952656697	708
1	6394	523034.370807325508	709
1	6407	524026.384273124899	710
1	6414	524592.00914260004	711
1	6425	525479.827203601639	712
1	6430	525958.332018507685	713
1	6439	526738.480931008275	714
1	6448	527267.397229978856	715
1	6459	528099.848824041005	716
1	6466	528710.136001138057	717
1	6475	529526.539892144543	718
1	6484	530365.857495786664	719
1	6497	531275.321154808667	720
1	6504	531742.063249927056	721
1	6515	532675.878348061856	722
1	6522	533355.365088349249	723
1	6529	533815.260563604574	724
1	6542	535196.14821849395	725
1	6549	535837.084764149081	726
1	6560	536953.783861454618	727
1	6565	537255.553527502385	728
1	6574	537975.621466850904	729
1	6583	538729.608079930809	730
1	6594	539841.500276885969	731
1	6603	540875.325272139203	732
1	6610	541355.502580013168	733
1	6619	541942.770000547212	734
1	6632	543295.913264108864	735
1	6637	543878.927191207228	736
1	6646	544267.314692214173	737
1	6657	545628.434451576365	738
1	6666	546381.170928664548	739
1	6673	547065.105741843624	740
1	6684	547873.181016370697	741
1	6695	548896.463961945889	742
1	6702	549532.102991268081	743
1	6713	550099.555528583047	744
1	6722	550849.180717393798	745
1	6729	551211.526541970712	746
1	6736	551776.318928366569	747
1	6747	552684.464541496752	748
1	6758	553281.12348248255	749
1	6767	553990.214650612367	750
1	6774	554813.320423336742	751
1	6785	555597.896383004306	752
1	6794	556371.936816908462	753
1	6801	556916.142374323724	754
1	6810	557425.76736356136	755
1	6821	558270.653164805888	756
1	6828	558629.535229504152	757
1	6837	559266.504198219671	758
1	6846	560077.751882281198	759
1	6857	561143.65043845032	760
1	6862	561506.781313335566	761
1	6875	562519.551908690526	762
1	6884	563281.856769416525	763
1	6889	563610.47930256468	764
1	6898	564367.086054850414	765
1	6907	564980.225076293617	766
1	6916	565848.682624753608	767
1	6927	567009.512784518344	768
1	6934	567445.670958515299	769
1	6943	567996.883823443247	770
1	6954	568906.227399548559	771
1	6961	569271.333071915476	772
1	6970	570323.075516475408	773
1	6981	571380.513240443587	774
1	6992	572160.698877414733	775
1	7001	573048.579764692157	776
1	7008	573722.857532138049	777
1	7015	574261.468628933697	778
1	7026	575115.898305550263	779
1	7035	575722.598144877747	780
1	7046	576571.031616255686	781
1	7055	577363.80917388019	782
1	7064	578122.079166770026	783
1	7073	578883.91123451297	784
1	7078	579479.204254131809	785
1	7089	580351.799000473738	786
1	7100	581292.288996465549	787
1	7109	582108.3351627924	788
1	7116	582824.573123641357	789
1	7125	583274.360863119409	790
1	7132	583654.65363208209	791
1	7145	584717.529233219147	792
1	7150	585117.874524928674	793
1	7159	585659.249767754272	794
1	7170	586821.808550600008	795
1	7181	587543.030426697851	796
1	7190	588221.009059902326	797
1	7197	588838.934926036791	798
1	7204	589657.081835484178	799
1	7215	590427.963065262929	800
1	7226	591496.808163402648	801
1	7231	591865.28564044279	802
1	7244	592698.571312939794	803
1	7253	593417.125066788913	804
1	7262	594254.742944520013	805
1	7267	594574.484981596516	806
1	7280	595731.363352574454	807
1	7285	596451.135548763023	808
1	7294	596951.318083377601	809
1	7303	597802.181289950432	810
1	7314	598353.175834659533	811
1	7325	599351.06042088014	812
1	7330	599652.370024938182	813
1	7343	600621.040199277968	814
1	7348	601079.871673509524	815
1	7361	601925.794208329217	816
1	7370	602815.356223890604	817
1	7375	603356.850766064645	818
1	7384	603746.111077023717	819
1	7395	604333.188204467343	820
1	7402	604706.50544618261	821

