version 2
run Pipelined_3Teachers-29-20190105-10:57:24-21696
attr configname Pipelined_3Teachers
attr datetime 20190105-10:57:24
attr experiment Pipelined_3Teachers
attr inifile ../simulations/omnetpp.ini
attr iterationvars "$0=\"uniform\""
attr iterationvarsf uniform-
attr measurement "$0=\"uniform\""
attr network PipelinedExamSession
attr processid 21696
attr repetition 29
attr replication #29
attr resultdir results
attr runnumber 29
attr seedset 29
param **.teachersNumber 3
param **.answerTimeDistribution "\"uniform\""
param **.minUniform 300
param **.maxUniform 900
param **.scaleLognormal 6.2854
param **.shapeLognormal 0.4724

vector 0 PipelinedExamSession examinationTime:vector ETV
attr source examFinished
vector 1 PipelinedExamSession studentID:vector ETV
attr source student
0	3131	260475.604188535386	1864.495442016
0	3136	260782.756714057201	1625.9463972878
0	3147	262059.606049116725	2090.0324231945
0	3156	262637.836699560309	2162.2325110249
0	3165	263534.820050094301	2161.597664142
0	3174	264008.850265480602	1804.7086418141
0	3183	264664.144401624823	1948.6851864494
0	3192	265299.259828683013	1757.6021981891
0	3199	265862.823791010329	1682.2715678718
0	3210	266757.723646704132	2081.0721776448
0	3217	267240.128004178429	1708.3102505654
0	3228	268386.283628968546	2347.7532490622
0	3235	268894.238348677779	2080.3519438952
0	3246	269682.43699218149	2048.3786607161
0	3257	270635.836019413572	2207.120633265
0	3264	271258.633586531531	2058.4121530876
0	3271	272100.418979628038	2354.3003868777
0	3280	272550.941418483879	1915.1053990703
0	3289	273657.737073814522	2166.5298596956
0	3298	274115.516027016591	1936.6667238995
0	3307	274882.712104031842	1907.4006007053
0	3316	275649.997446220394	1873.2185207773
0	3325	276050.172297935959	1601.6000682022
0	3336	277392.318064207238	2227.3134629242
0	3343	277854.008636064854	1968.55475544
0	3354	278692.756586568457	2030.3751928266
0	3365	279384.463961748433	1925.561040407
0	3374	279936.766219139126	1777.2037445102
0	3379	280324.903796101016	1577.1161888726
0	3392	281201.097610127208	1816.6336483788
0	3401	282030.44371102008	2093.677491881
0	3410	282832.437775796307	2404.0433116257
0	3417	283278.211786737693	2077.1141766105
0	3424	283823.296542512281	1792.8528314922
0	3435	284669.408603897346	1836.970828101
0	3446	285636.975739337532	2162.0230286848
0	3455	286090.357119077845	1900.793643482
0	3460	286503.969593206449	1716.3738350384
0	3471	287546.160152787371	1909.1844134498
0	3480	288297.986630257247	2207.6295111794
0	3489	288884.332111850409	2000.4195931368
0	3492	289216.309923771797	1484.0561350342
0	3505	290233.550285361736	1694.2922767717
0	3514	290860.627465322643	1643.9090601169
0	3523	291746.859284257545	1890.0880964007
0	3534	292645.620367303519	2116.4711689576
0	3545	293911.801254004269	2510.4348298162
0	3550	294233.796629821911	1987.1953995433
0	3559	295169.096947275131	2066.3367706351
0	3570	296084.953967062785	2173.1527130585
0	3577	296608.176481816946	1985.6093515176
0	3588	297712.783589400379	2336.7112852167
0	3599	298452.659164695097	2237.5469469465
0	3604	298758.082513650907	1735.7615468558
0	3613	299666.726911207689	1785.6789389625
0	3624	300900.645916862442	2447.9867521673
0	3633	301534.18876226063	2212.7207878511
0	3640	301933.727409504383	1849.0620580036
0	3649	302611.857470311252	1653.0617603101
0	3660	303632.221000827877	1952.8362034354
0	3667	304122.575071267812	1879.8107542098
0	3680	305424.374719010694	2507.7130959369
0	3687	305839.118499308853	2043.2031091768
0	3698	306803.642684826655	2194.6481086314
0	3705	307363.494851253954	1939.1201322433
0	3716	308587.41920222531	2592.8819496185
0	3721	309182.10131563249	2378.4586308058
0	3734	310286.555872578201	2593.8176549971
0	3741	310855.496692098704	2268.0774898734
0	3750	311645.986054418635	2176.3813144527
0	3761	312376.221782527892	2089.6659099497
0	3766	312854.224338429077	1754.0695538744
0	3777	313542.618684656946	1682.5676713139
0	3788	314552.126229275047	2175.9044467472
0	3797	315093.169642752066	1858.8541989215
0	3804	315578.304889658496	1886.5243652835
0	3813	316225.575548317313	1673.4493190423
0	3820	316690.182730508998	1597.0130877569
0	3833	317515.80941104333	1848.5187943093
0	3840	318056.989875761821	1808.3494988736
0	3847	318365.424223104521	1453.7467718124
0	3858	319422.203892935096	1906.3944818918
0	3865	319735.966003825917	1631.7857244518
0	3878	320702.482605446159	1865.6313708052
0	3885	321401.354003325134	1824.5326611679
0	3892	321987.951726000785	2085.1027429104
0	3903	322958.949102088838	2256.4664966427
0	3910	323654.817777872115	2067.7925601136
0	3923	324483.073846204237	2074.3924157694
0	3930	325280.136474128843	2193.9830136951
0	3937	325711.130877630816	1849.534316361
0	3948	326700.333562865884	2217.2597166616
0	3955	327385.893774731115	2053.5088397562
0	3966	328130.823352793262	1900.1271243207
0	3977	328972.869148850471	2201.8188721966
0	3986	329807.276956737072	2339.5185592119
0	3995	330491.276671551199	2287.5664691906
0	4000	330832.048152945967	1859.1790040955
0	4009	331606.746655935452	1799.4696991984
0	4022	332519.000105978952	2027.7234344278
0	4031	333200.986128486724	1941.9651189353
0	4038	333958.903195895286	1861.4230938256
0	4047	334434.414826473253	1915.4147204943
0	4056	335324.271613871711	2123.285485385
0	4067	336138.865660317274	2071.5260429308
0	4072	336572.618829924645	1989.6353237797
0	4085	337797.697632573577	2323.6439885572
0	4092	338387.379815848576	2248.5141555313
0	4099	338985.480972938271	2015.3516069055
0	4112	339675.926844449747	1878.2292118762
0	4117	340065.316144516725	1488.958810363
0	4128	340815.987828047979	1656.0599067248
0	4139	341948.751694243435	2272.8248497937
0	4144	342569.958979915861	2337.4484980479
0	4157	343395.521287713234	2336.1326902639
0	4162	343798.714221362059	1849.9625271186
0	4175	344897.914695041288	2147.9759269394
0	4180	345258.379085920785	1862.8577982076
0	4189	345844.81071266349	1647.2374571487
0	4198	346630.749765783583	1732.8350707423
0	4211	347938.8373747934	2479.462417122
0	4220	348566.107342578505	2402.5077802129
0	4227	349208.602696750347	2168.0638857186
0	4234	349847.652223706279	1908.8148489129
0	4243	350650.20327684473	2084.0959342662
0	4252	351452.483511110803	2051.4958226122
0	4261	352222.856142371928	1923.9235242829
0	4272	353246.584836160799	2119.9296394363
0	4281	354038.920562015881	2187.7484561875
0	4290	354902.030070684885	2358.7778732646
0	4299	355400.743771903252	1985.9673754312
0	4310	356254.434455651826	2066.8838731013
0	4317	356925.61710211452	1985.7135332655
0	4326	357847.966974601186	2412.6821401063
0	4335	358672.645835531912	2418.2113798801
0	4346	359480.328763229809	2332.4864925351
0	4351	359891.356471879444	1866.4969812613
0	4362	360589.732452482022	1902.2688229568
0	4371	361276.851105736605	1796.5223425068
0	4378	361759.946878161318	1660.3195583448
0	4387	362709.744487283788	2040.8417752013
0	4400	363733.143124077506	2195.4238723498
0	4409	364126.700189290605	2017.4571450334
0	4414	364428.81227242764	1463.1523584947
0	4425	365441.694861743636	1708.5517376661
0	4434	365897.435233974866	1770.7350446843
0	4441	366413.085385691411	1541.9819028117
0	4452	367362.460187450088	1891.2530261558
0	4459	367844.750880589745	1768.8234922942
0	4470	369156.89432909716	2360.6491884682
0	4477	369734.040387393945	2127.5448784232
0	4490	370841.767964372449	2367.1210366767
0	4497	371334.88349583935	2112.6452461816
0	4504	371717.856386164241	1663.9441268519
0	4515	372912.295880913773	2070.5279165413
0	4524	373771.816457854622	2186.2495067529
0	4535	374530.420701485166	2150.8062595502
0	4542	375151.78071130071	1942.6343721338
0	4549	375632.462577894369	1821.6619261075
0	4558	376483.026603050569	1952.6059015654
0	4569	377142.114626895674	1853.0405805912
0	4576	377659.291719272771	1612.7494035289
0	4589	378984.885046212041	2369.4130186457
0	4594	379286.785540217572	1937.1663037688
0	4603	380321.162911551112	2235.4551424272
0	4612	381016.055446257853	2031.1704000458
0	4623	381908.257769979575	2078.8098604884
0	4632	382404.256574017966	1794.8381136172
0	4641	383417.306123441124	2198.7903369125
0	4650	383966.977259377056	2006.2554772943
0	4661	384992.87411556583	2352.8402364347
0	4670	385537.533832574302	2004.6869941056
0	4675	385959.630781039634	1646.4293436147
0	4684	386842.955014854709	1850.0808992889
0	4697	387476.697740145066	1939.1639075708
0	4704	388060.208292352074	1630.3165613674
0	4713	388612.857204163485	1692.5444960129
0	4724	389546.298568882086	2069.600828737
0	4729	389965.527620818504	1868.3960221242
0	4742	390965.025300253221	2130.3428343963
0	4747	391434.309956990221	1888.0113881081
0	4760	392465.13653481383	2306.6189987585
0	4765	392941.011488344559	1975.9861880913
0	4774	393615.900680283123	1819.1859630402
0	4787	394596.79931513969	2131.6627803259
0	4796	395325.301548605824	2008.4349598736
0	4803	396032.042310107539	2032.3201626074
0	4814	397017.474777298087	2420.6754621584
0	4819	397327.312571089754	2002.0110224839
0	4832	398438.63117834557	2251.4417052269
0	4839	398941.833089198956	1924.3583119009
0	4848	399776.274427212813	2025.0175894238
0	4859	400676.253780070731	2237.6226017252
0	4864	401219.404873251954	2242.9821407888
0	4873	401937.035910319575	2110.2220917586
0	4884	402707.536646118426	2031.2828660477
0	4891	403441.672294400671	1998.4417843167
0	4900	404009.482207708099	1703.1774238218
0	4909	404360.209375061133	1264.5730557851
0	4918	405242.552092205772	1606.3209922984
0	4929	406177.120292186776	1993.8128402922
0	4938	407053.587233042383	2205.2014295943
0	4949	408003.289204649666	2369.455713965
0	4956	408871.565718669483	2614.6259742323
0	4967	409759.954667883033	2621.8518937938
0	4974	410251.214444870168	2247.9252402205
0	4981	410557.240326656067	1664.6219773684
0	4990	411579.832590417976	1819.8779225349
0	5003	412835.673281131352	2468.5851179995
0	5012	413707.994414912577	2606.1226600315
0	5017	414285.974148474674	2347.2397559322
0	5030	415071.758477110456	2236.0851959791
0	5035	415445.022225799079	1737.0278108865
0	5044	416136.993339238729	1671.8035575002
0	5053	416762.587791821028	1690.8293147106
0	5064	417991.069214372005	2369.5039263926
0	5071	418379.685543710407	2037.5505049713
0	5084	419172.395402239676	1958.9321688283
0	5093	419941.221800074022	1947.5443075877
0	5098	420521.213861228939	1944.9170306325
0	5111	421601.263561053243	2428.8681588136
0	5116	421957.685085525778	2016.4632854518
0	5125	422570.75139898811	1845.1036957093
0	5138	423251.382765825879	1650.1192047726
0	5145	423886.940993880894	1561.6336137056
0	5152	424443.048610584851	1637.1252447367
0	5165	425197.912238398609	1946.5294725727
0	5170	425717.417231714395	1614.0862233471
0	5179	426163.577459799168	1434.7412601113
0	5188	427196.029336703983	1998.1170983054
0	5199	428110.042235814077	2067.1107895207
0	5206	428517.710847454188	1616.1334861536
0	5215	429229.862917447505	1519.9485777877
0	5226	430612.552661262496	2338.9371229336
0	5235	431399.847744265615	2260.2787727024
0	5246	432142.285440349995	2125.0728684012
0	5253	432748.417567228942	2012.9757740535
0	5260	433385.862369742288	1981.998834433
0	5269	433872.845304105474	1730.5598637555
0	5280	435131.411244766831	2365.1594099589
0	5287	435625.213361950635	2038.2414435502
0	5300	436863.325021974786	2454.635854857
0	5307	437572.516982350542	2433.4518795367
0	5314	438262.176180118738	2267.5259389915
0	5327	439141.995205683677	2278.6701837089
0	5332	439608.320490689992	1989.3898794428
0	5341	440225.322332046969	1826.7051441595
0	5350	440826.693571312397	1684.6983656287
0	5359	441647.695261845409	1894.2805561703
0	5368	442361.314177047505	2051.3745350763
0	5379	443445.893214549913	2314.131445298
0	5388	444386.12171444115	2356.5442537889
0	5397	445130.29361260128	2357.4116977863
0	5406	446080.474689044103	2556.0695795808
0	5413	446652.732704300478	2234.2641945463
0	5426	447569.221448432699	2350.400162302
0	5435	448162.082472397059	2072.233432252
0	5442	448792.262835754126	1930.2460954059
0	5449	449103.297654725656	1534.076206293
0	5460	450362.399308662906	2200.3168362658
0	5467	450733.722241781696	1800.566958636
0	5480	451705.823947163343	2069.9271140154
0	5489	452588.079469325065	2192.2160448041
0	5496	453348.568349098831	2294.3888797425
0	5503	454048.351531522393	2342.527584359
0	5516	454695.621998095929	2107.5425287709
0	5525	455277.784223388925	1923.3216821216
0	5530	455602.752735558942	1459.7585296724
0	5543	456488.132891664326	1792.5108935684
0	5550	457145.896898349792	1868.1126749609
0	5557	457713.969499524727	1717.0256899204
0	5566	458348.817883199125	1860.6849915348
0	5575	459062.229519244328	1708.3384158555
0	5584	459581.433314597278	1678.5681629553
0	5597	461099.130938574717	2391.5155830793
0	5606	461586.573060974524	2190.5638459604
0	5615	462150.964838918344	1890.305273328
0	5620	462681.364194536627	1582.2332559619
0	5629	463235.183831770019	1648.6107707955
0	5642	464106.797011010394	1955.832172092
0	5651	464815.257223695562	1970.6907346845
0	5660	465539.056875603319	2144.1459501162
0	5667	465965.882781939627	1859.0857709292
0	5676	467075.83889001985	2260.5816663243
0	5685	467976.201657671528	2437.1447820682
0	5696	468802.520428178879	2544.0352926962
0	5701	469231.954348739284	2087.2371464968
0	5710	470230.920951487544	2227.3999392986
0	5723	471109.820474311757	2307.3000461329
0	5730	471772.865178622353	2205.4868169129
0	5737	472581.936686486053	2214.1291159205
0	5750	473613.135222299073	2503.3147479873
0	5759	474197.388888197068	2213.8423555065
0	5764	474695.709482766736	1952.9408777598
0	5775	475764.457674231429	2151.3224519324
0	5786	476607.958695804749	2410.5698076077
0	5791	477131.010176288013	2070.899538137
0	5800	477868.830670975197	1959.0632219799
0	5811	478687.12003910919	2079.1613433044
0	5820	479352.900807280143	1860.0505705923
0	5831	480075.645615253647	1900.0027931761
0	5840	480953.419291460936	2098.2957668602
0	5845	481440.141658717816	1929.9473541789
0	5858	482492.921004910071	2417.2753896564
0	5865	483310.714259231512	2357.2949677706
0	5874	484039.03155340818	2210.458877217
0	5883	484394.124369369869	1901.2033644598
0	5886	484749.244616925766	1403.1481880229
0	5901	486038.699255045553	1975.9197750594
0	5908	486480.5411827751	1726.1127966922
0	5917	487387.733429716949	2033.1999490969
0	5930	488252.144462708434	2073.5520821996
0	5939	488896.356148179671	2108.7200105656
0	5946	489381.848106393641	1726.9809035584
0	5955	490252.567073190635	2000.4226104822
0	5966	491099.663320323504	2203.3071721438
0	5973	491712.212457787297	1939.7108704783
0	5980	492190.230612410284	1841.3705464918
0	5993	493102.795086661406	2003.1317663379
0	6002	493740.075242752262	1885.9499393497
0	6007	494324.671503854968	1868.2784139644
0	6016	494881.479540467315	1778.6844538059
0	6025	495364.679710054823	1624.6044673026
0	6034	495821.522017987498	1359.8537955433
0	6045	496972.50963407574	2074.1360974498
0	6052	497638.585841143557	1929.1649540886
0	6065	498482.456063758636	2112.4604027253
0	6070	499239.516786765361	2215.6117814127
0	6083	500249.091414827907	2343.7404394615
0	6088	500680.916368402594	2198.460304644
0	6099	501892.593641113543	2529.7644678969
0	6106	502316.060577286461	2066.9691624586
0	6119	503697.200870001742	2626.1669659987
0	6124	504091.117144189828	2156.8733406253
0	6137	504850.878398353288	2025.0295744278
0	6142	505484.160596737692	1786.9597267359
0	6153	506524.227200914228	2190.9998295363
0	6160	507330.107274418751	2479.2288760655
0	6173	507822.724057361537	2087.3545301612
0	6182	508652.183222025686	2045.4485377762
0	6187	508997.251013713011	1601.2876143213
0	6198	509644.624085398444	1821.9000280369
0	6205	510127.326059807145	1475.1428377815
0	6216	510720.484860101769	1434.4500426203
0	6223	511465.125149628201	1749.0946919192
0	6234	512526.768351160043	2286.5049184766
0	6245	513405.447696335667	2417.4649303313
0	6254	513989.57424075348	2102.2535013501
0	6261	514416.675645578706	1777.4648044724
0	6268	514903.588000126236	1498.1403037906
0	6277	515893.639808474162	1904.0655677207
0	6286	516701.143403258228	1962.1082849801
0	6299	517535.062708379754	1937.5387372915
0	6304	517949.099192814955	1706.4680526964
0	6315	518725.222097989225	1813.8584865723
0	6322	519540.121853398212	2005.0591450185
0	6331	520056.155798211747	1892.1385777183
0	6340	521015.943601308444	2007.7030776534
0	6351	521818.145561590845	2047.9927958921
0	6360	522484.504321636686	1983.5323258303
0	6367	522835.993490042219	1758.6904688738
0	6376	523735.839937487671	1793.1119233835
0	6389	524752.373406384195	2158.3308435045
0	6398	525412.585119623746	1947.1574011724
0	6403	525800.889692176189	1781.8243428133
0	6412	526539.238308090772	1786.8649017066
0	6423	527335.692142602112	1923.1070229784
0	6430	527852.257017837893	1782.7975405846
0	6439	528538.799618650282	1643.4579128399
0	6448	529531.256454717423	1976.3801154681
0	6459	530560.172685748021	2338.6507941876
0	6468	531097.483429452459	2019.2147560883
0	6475	531875.711739622112	1918.7595392112
0	6484	532426.316383481082	1741.7661260348
0	6493	533447.410387499314	2163.2665537298
0	6504	534557.063079625424	2389.2319975421
0	6511	535152.219266770464	2131.1284425203
0	6522	535801.730733364876	2019.4034384564
0	6529	536116.171889472808	1547.0990252215
0	6538	537191.350277094226	1916.8808325659
0	6547	537984.094125358443	2048.4780811239
0	6558	538580.315056582968	1752.0647061523
0	6569	539273.108204640504	1792.8706572857
0	6574	539632.27217327809	1419.0698233433
0	6585	540515.990300243776	1933.038765192
0	6596	541346.422577183749	2073.3143725432
0	6601	542098.66040507337	2323.4735531732
0	6610	542524.743915069904	1967.7570939995
0	6619	543381.292526191155	2034.8699490074
0	6628	544562.996606016586	2368.6942967121
0	6639	545429.804485430996	2379.1890767869
0	6650	546359.060943871792	2446.8672221527
0	6657	547052.88015841512	2265.6407831702
0	6666	547604.327879101093	2126.7728674226
0	6677	548873.126284126248	2514.0653402545
0	6684	549667.951756808963	2445.9425454028
0	6691	550258.821997046526	2148.7296652514
0	6704	551421.20865960611	2548.0823754799
0	6713	552075.834404351245	2332.870385237
0	6720	552809.468645649086	2189.249768341
0	6727	553124.320308677907	1703.1116490718
0	6738	553960.562636749875	1884.7282323986
0	6745	554484.391270810794	1518.4278090019
0	6754	555173.456277418937	1759.8272554111
0	6765	555961.574739078116	1806.0791469645
0	6774	556457.73427393293	1705.0115654245
0	6781	557239.526293007713	1730.8139923029
0	6792	558385.531613230761	2388.0570891313
0	6801	558993.5116755311	2102.4903799407
0	6808	559463.254480948728	1740.3571849689
0	6817	560294.552515726593	1892.5993415527
0	6826	560817.211056081635	1754.4486486353
0	6839	562102.066552033704	2248.553401418
0	6848	562808.42854022054	2160.015243385
0	6853	563267.189618060421	1989.153969381
0	6866	564080.379626713749	1978.31307468
0	6875	564756.853286828902	1948.4247466084
0	6884	565643.276965152529	2113.5243195109
0	6889	566015.956362476629	1935.5767357629
0	6898	566545.074942056146	1788.2216552272
0	6909	567827.225547703039	2183.9485825505
0	6916	568703.855198901203	2412.7548772842
0	6925	569400.428582215738	2291.0196499899
0	6938	570417.027732543704	2413.3042378351
0	6945	571139.429154200536	2318.0140325334
0	6956	571735.769391479027	2108.3145885263
0	6961	572159.24908504827	1742.2213525046
0	6970	572755.346116237398	1602.1650012117
0	6979	573433.961112052258	1698.1917205732
0	6988	573999.652821058463	1573.9297722001
0	6999	575377.459067059736	2092.5650885794
0	7006	575748.112014541458	1797.4179822486
0	7019	576644.280840084013	1845.3386426903
0	7024	577277.996023977232	1801.9187930971
0	7037	578010.319118807148	1955.5176209193
0	7042	578358.328511891942	1714.0476718079
0	7051	579199.501167470645	1828.2511734869
0	7064	580176.949439942893	2166.6303211357
0	7071	580564.543209923488	1693.4894678649
0	7080	581277.121209539529	1733.6239574477
0	7091	582088.217354519349	1911.2679145765
0	7096	582501.282377215159	1839.9171128869
0	7105	583274.323750846145	1819.4294263143
0	7114	584290.815652208459	2202.5982976891
0	7123	584891.796808177662	1919.3073734175
0	7134	586076.481162384209	2319.9733965565
0	7141	586408.438046649155	2002.2736548912
0	7150	586942.086057085601	1636.6957184393
0	7161	588148.131282348243	2061.2603344023
0	7168	588488.605499127937	1685.2633425035
0	7177	588977.229937585128	1540.4503743164
0	7188	589731.913578277512	1506.1596907675
0	7199	590466.476511675923	1727.8313635848
0	7208	591076.427298691182	1858.3506003488
0	7215	591533.160798903613	1654.2406656314
0	7222	592114.933201717271	1648.4566900413
0	7235	592969.148142077087	1892.7208433859
0	7240	593542.281902767776	1874.3027041666
0	7249	594046.037107100768	1846.2598382961
0	7260	595183.293019188626	2214.1448771115
0	7267	595630.546419974475	1793.3657060377
0	7276	596517.303285095899	2039.7745537106
0	7287	597106.200514175057	1823.8417776302
0	7298	598060.945172281995	2055.3938020952
0	7307	598730.178272584512	2190.16594165
0	7316	599603.402208723187	2306.9177223835
0	7325	600236.070474470093	2175.1253021881
0	7334	601093.861284339859	2363.6830117553
0	7341	601957.938644802256	2354.5364360791
0	7350	602696.808896446659	2460.7384219766
0	7359	603457.908670557721	2364.0473862179
0	7370	604128.690973017423	2169.3343006074
0	7375	604454.598666541337	1636.3661350217
1	3131	260475.604188535386	346
1	3136	260782.756714057201	347
1	3147	262059.606049116725	348
1	3156	262637.836699560309	349
1	3165	263534.820050094301	350
1	3174	264008.850265480602	351
1	3183	264664.144401624823	352
1	3192	265299.259828683013	353
1	3199	265862.823791010329	354
1	3210	266757.723646704132	355
1	3217	267240.128004178429	356
1	3228	268386.283628968546	357
1	3235	268894.238348677779	358
1	3246	269682.43699218149	359
1	3257	270635.836019413572	360
1	3264	271258.633586531531	361
1	3271	272100.418979628038	362
1	3280	272550.941418483879	363
1	3289	273657.737073814522	364
1	3298	274115.516027016591	365
1	3307	274882.712104031842	366
1	3316	275649.997446220394	367
1	3325	276050.172297935959	368
1	3336	277392.318064207238	369
1	3343	277854.008636064854	370
1	3354	278692.756586568457	371
1	3365	279384.463961748433	372
1	3374	279936.766219139126	373
1	3379	280324.903796101016	374
1	3392	281201.097610127208	375
1	3401	282030.44371102008	376
1	3410	282832.437775796307	377
1	3417	283278.211786737693	378
1	3424	283823.296542512281	379
1	3435	284669.408603897346	380
1	3446	285636.975739337532	381
1	3455	286090.357119077845	382
1	3460	286503.969593206449	383
1	3471	287546.160152787371	384
1	3480	288297.986630257247	385
1	3489	288884.332111850409	386
1	3492	289216.309923771797	387
1	3505	290233.550285361736	388
1	3514	290860.627465322643	389
1	3523	291746.859284257545	390
1	3534	292645.620367303519	391
1	3545	293911.801254004269	392
1	3550	294233.796629821911	393
1	3559	295169.096947275131	394
1	3570	296084.953967062785	395
1	3577	296608.176481816946	396
1	3588	297712.783589400379	397
1	3599	298452.659164695097	398
1	3604	298758.082513650907	399
1	3613	299666.726911207689	400
1	3624	300900.645916862442	401
1	3633	301534.18876226063	402
1	3640	301933.727409504383	403
1	3649	302611.857470311252	404
1	3660	303632.221000827877	405
1	3667	304122.575071267812	406
1	3680	305424.374719010694	407
1	3687	305839.118499308853	408
1	3698	306803.642684826655	409
1	3705	307363.494851253954	410
1	3716	308587.41920222531	411
1	3721	309182.10131563249	412
1	3734	310286.555872578201	413
1	3741	310855.496692098704	414
1	3750	311645.986054418635	415
1	3761	312376.221782527892	416
1	3766	312854.224338429077	417
1	3777	313542.618684656946	418
1	3788	314552.126229275047	419
1	3797	315093.169642752066	420
1	3804	315578.304889658496	421
1	3813	316225.575548317313	422
1	3820	316690.182730508998	423
1	3833	317515.80941104333	424
1	3840	318056.989875761821	425
1	3847	318365.424223104521	426
1	3858	319422.203892935096	427
1	3865	319735.966003825917	428
1	3878	320702.482605446159	429
1	3885	321401.354003325134	430
1	3892	321987.951726000785	431
1	3903	322958.949102088838	432
1	3910	323654.817777872115	433
1	3923	324483.073846204237	434
1	3930	325280.136474128843	435
1	3937	325711.130877630816	436
1	3948	326700.333562865884	437
1	3955	327385.893774731115	438
1	3966	328130.823352793262	439
1	3977	328972.869148850471	440
1	3986	329807.276956737072	441
1	3995	330491.276671551199	442
1	4000	330832.048152945967	443
1	4009	331606.746655935452	444
1	4022	332519.000105978952	445
1	4031	333200.986128486724	446
1	4038	333958.903195895286	447
1	4047	334434.414826473253	448
1	4056	335324.271613871711	449
1	4067	336138.865660317274	450
1	4072	336572.618829924645	451
1	4085	337797.697632573577	452
1	4092	338387.379815848576	453
1	4099	338985.480972938271	454
1	4112	339675.926844449747	455
1	4117	340065.316144516725	456
1	4128	340815.987828047979	457
1	4139	341948.751694243435	458
1	4144	342569.958979915861	459
1	4157	343395.521287713234	460
1	4162	343798.714221362059	461
1	4175	344897.914695041288	462
1	4180	345258.379085920785	463
1	4189	345844.81071266349	464
1	4198	346630.749765783583	465
1	4211	347938.8373747934	466
1	4220	348566.107342578505	467
1	4227	349208.602696750347	468
1	4234	349847.652223706279	469
1	4243	350650.20327684473	470
1	4252	351452.483511110803	471
1	4261	352222.856142371928	472
1	4272	353246.584836160799	473
1	4281	354038.920562015881	474
1	4290	354902.030070684885	475
1	4299	355400.743771903252	476
1	4310	356254.434455651826	477
1	4317	356925.61710211452	478
1	4326	357847.966974601186	479
1	4335	358672.645835531912	480
1	4346	359480.328763229809	481
1	4351	359891.356471879444	482
1	4362	360589.732452482022	483
1	4371	361276.851105736605	484
1	4378	361759.946878161318	485
1	4387	362709.744487283788	486
1	4400	363733.143124077506	487
1	4409	364126.700189290605	488
1	4414	364428.81227242764	489
1	4425	365441.694861743636	490
1	4434	365897.435233974866	491
1	4441	366413.085385691411	492
1	4452	367362.460187450088	493
1	4459	367844.750880589745	494
1	4470	369156.89432909716	495
1	4477	369734.040387393945	496
1	4490	370841.767964372449	497
1	4497	371334.88349583935	498
1	4504	371717.856386164241	499
1	4515	372912.295880913773	500
1	4524	373771.816457854622	501
1	4535	374530.420701485166	502
1	4542	375151.78071130071	503
1	4549	375632.462577894369	504
1	4558	376483.026603050569	505
1	4569	377142.114626895674	506
1	4576	377659.291719272771	507
1	4589	378984.885046212041	508
1	4594	379286.785540217572	509
1	4603	380321.162911551112	510
1	4612	381016.055446257853	511
1	4623	381908.257769979575	512
1	4632	382404.256574017966	513
1	4641	383417.306123441124	514
1	4650	383966.977259377056	515
1	4661	384992.87411556583	516
1	4670	385537.533832574302	517
1	4675	385959.630781039634	518
1	4684	386842.955014854709	519
1	4697	387476.697740145066	520
1	4704	388060.208292352074	521
1	4713	388612.857204163485	522
1	4724	389546.298568882086	523
1	4729	389965.527620818504	524
1	4742	390965.025300253221	525
1	4747	391434.309956990221	526
1	4760	392465.13653481383	527
1	4765	392941.011488344559	528
1	4774	393615.900680283123	529
1	4787	394596.79931513969	530
1	4796	395325.301548605824	531
1	4803	396032.042310107539	532
1	4814	397017.474777298087	533
1	4819	397327.312571089754	534
1	4832	398438.63117834557	535
1	4839	398941.833089198956	536
1	4848	399776.274427212813	537
1	4859	400676.253780070731	538
1	4864	401219.404873251954	539
1	4873	401937.035910319575	540
1	4884	402707.536646118426	541
1	4891	403441.672294400671	542
1	4900	404009.482207708099	543
1	4909	404360.209375061133	544
1	4918	405242.552092205772	545
1	4929	406177.120292186776	546
1	4938	407053.587233042383	547
1	4949	408003.289204649666	548
1	4956	408871.565718669483	549
1	4967	409759.954667883033	550
1	4974	410251.214444870168	551
1	4981	410557.240326656067	552
1	4990	411579.832590417976	553
1	5003	412835.673281131352	554
1	5012	413707.994414912577	555
1	5017	414285.974148474674	556
1	5030	415071.758477110456	557
1	5035	415445.022225799079	558
1	5044	416136.993339238729	559
1	5053	416762.587791821028	560
1	5064	417991.069214372005	561
1	5071	418379.685543710407	562
1	5084	419172.395402239676	563
1	5093	419941.221800074022	564
1	5098	420521.213861228939	565
1	5111	421601.263561053243	566
1	5116	421957.685085525778	567
1	5125	422570.75139898811	568
1	5138	423251.382765825879	569
1	5145	423886.940993880894	570
1	5152	424443.048610584851	571
1	5165	425197.912238398609	572
1	5170	425717.417231714395	573
1	5179	426163.577459799168	574
1	5188	427196.029336703983	575
1	5199	428110.042235814077	576
1	5206	428517.710847454188	577
1	5215	429229.862917447505	578
1	5226	430612.552661262496	579
1	5235	431399.847744265615	580
1	5246	432142.285440349995	581
1	5253	432748.417567228942	582
1	5260	433385.862369742288	583
1	5269	433872.845304105474	584
1	5280	435131.411244766831	585
1	5287	435625.213361950635	586
1	5300	436863.325021974786	587
1	5307	437572.516982350542	588
1	5314	438262.176180118738	589
1	5327	439141.995205683677	590
1	5332	439608.320490689992	591
1	5341	440225.322332046969	592
1	5350	440826.693571312397	593
1	5359	441647.695261845409	594
1	5368	442361.314177047505	595
1	5379	443445.893214549913	596
1	5388	444386.12171444115	597
1	5397	445130.29361260128	598
1	5406	446080.474689044103	599
1	5413	446652.732704300478	600
1	5426	447569.221448432699	601
1	5435	448162.082472397059	602
1	5442	448792.262835754126	603
1	5449	449103.297654725656	604
1	5460	450362.399308662906	605
1	5467	450733.722241781696	606
1	5480	451705.823947163343	607
1	5489	452588.079469325065	608
1	5496	453348.568349098831	609
1	5503	454048.351531522393	610
1	5516	454695.621998095929	611
1	5525	455277.784223388925	612
1	5530	455602.752735558942	613
1	5543	456488.132891664326	614
1	5550	457145.896898349792	615
1	5557	457713.969499524727	616
1	5566	458348.817883199125	617
1	5575	459062.229519244328	618
1	5584	459581.433314597278	619
1	5597	461099.130938574717	620
1	5606	461586.573060974524	621
1	5615	462150.964838918344	622
1	5620	462681.364194536627	623
1	5629	463235.183831770019	624
1	5642	464106.797011010394	625
1	5651	464815.257223695562	626
1	5660	465539.056875603319	627
1	5667	465965.882781939627	628
1	5676	467075.83889001985	629
1	5685	467976.201657671528	630
1	5696	468802.520428178879	631
1	5701	469231.954348739284	632
1	5710	470230.920951487544	633
1	5723	471109.820474311757	634
1	5730	471772.865178622353	635
1	5737	472581.936686486053	636
1	5750	473613.135222299073	637
1	5759	474197.388888197068	638
1	5764	474695.709482766736	639
1	5775	475764.457674231429	640
1	5786	476607.958695804749	641
1	5791	477131.010176288013	642
1	5800	477868.830670975197	643
1	5811	478687.12003910919	644
1	5820	479352.900807280143	645
1	5831	480075.645615253647	646
1	5840	480953.419291460936	647
1	5845	481440.141658717816	648
1	5858	482492.921004910071	649
1	5865	483310.714259231512	650
1	5874	484039.03155340818	651
1	5883	484394.124369369869	652
1	5886	484749.244616925766	653
1	5901	486038.699255045553	654
1	5908	486480.5411827751	655
1	5917	487387.733429716949	656
1	5930	488252.144462708434	657
1	5939	488896.356148179671	658
1	5946	489381.848106393641	659
1	5955	490252.567073190635	660
1	5966	491099.663320323504	661
1	5973	491712.212457787297	662
1	5980	492190.230612410284	663
1	5993	493102.795086661406	664
1	6002	493740.075242752262	665
1	6007	494324.671503854968	666
1	6016	494881.479540467315	667
1	6025	495364.679710054823	668
1	6034	495821.522017987498	669
1	6045	496972.50963407574	670
1	6052	497638.585841143557	671
1	6065	498482.456063758636	672
1	6070	499239.516786765361	673
1	6083	500249.091414827907	674
1	6088	500680.916368402594	675
1	6099	501892.593641113543	676
1	6106	502316.060577286461	677
1	6119	503697.200870001742	678
1	6124	504091.117144189828	679
1	6137	504850.878398353288	680
1	6142	505484.160596737692	681
1	6153	506524.227200914228	682
1	6160	507330.107274418751	683
1	6173	507822.724057361537	684
1	6182	508652.183222025686	685
1	6187	508997.251013713011	686
1	6198	509644.624085398444	687
1	6205	510127.326059807145	688
1	6216	510720.484860101769	689
1	6223	511465.125149628201	690
1	6234	512526.768351160043	691
1	6245	513405.447696335667	692
1	6254	513989.57424075348	693
1	6261	514416.675645578706	694
1	6268	514903.588000126236	695
1	6277	515893.639808474162	696
1	6286	516701.143403258228	697
1	6299	517535.062708379754	698
1	6304	517949.099192814955	699
1	6315	518725.222097989225	700
1	6322	519540.121853398212	701
1	6331	520056.155798211747	702
1	6340	521015.943601308444	703
1	6351	521818.145561590845	704
1	6360	522484.504321636686	705
1	6367	522835.993490042219	706
1	6376	523735.839937487671	707
1	6389	524752.373406384195	708
1	6398	525412.585119623746	709
1	6403	525800.889692176189	710
1	6412	526539.238308090772	711
1	6423	527335.692142602112	712
1	6430	527852.257017837893	713
1	6439	528538.799618650282	714
1	6448	529531.256454717423	715
1	6459	530560.172685748021	716
1	6468	531097.483429452459	717
1	6475	531875.711739622112	718
1	6484	532426.316383481082	719
1	6493	533447.410387499314	720
1	6504	534557.063079625424	721
1	6511	535152.219266770464	722
1	6522	535801.730733364876	723
1	6529	536116.171889472808	724
1	6538	537191.350277094226	725
1	6547	537984.094125358443	726
1	6558	538580.315056582968	727
1	6569	539273.108204640504	728
1	6574	539632.27217327809	729
1	6585	540515.990300243776	730
1	6596	541346.422577183749	731
1	6601	542098.66040507337	732
1	6610	542524.743915069904	733
1	6619	543381.292526191155	734
1	6628	544562.996606016586	735
1	6639	545429.804485430996	736
1	6650	546359.060943871792	737
1	6657	547052.88015841512	738
1	6666	547604.327879101093	739
1	6677	548873.126284126248	740
1	6684	549667.951756808963	741
1	6691	550258.821997046526	742
1	6704	551421.20865960611	743
1	6713	552075.834404351245	744
1	6720	552809.468645649086	745
1	6727	553124.320308677907	746
1	6738	553960.562636749875	747
1	6745	554484.391270810794	748
1	6754	555173.456277418937	749
1	6765	555961.574739078116	750
1	6774	556457.73427393293	751
1	6781	557239.526293007713	752
1	6792	558385.531613230761	753
1	6801	558993.5116755311	754
1	6808	559463.254480948728	755
1	6817	560294.552515726593	756
1	6826	560817.211056081635	757
1	6839	562102.066552033704	758
1	6848	562808.42854022054	759
1	6853	563267.189618060421	760
1	6866	564080.379626713749	761
1	6875	564756.853286828902	762
1	6884	565643.276965152529	763
1	6889	566015.956362476629	764
1	6898	566545.074942056146	765
1	6909	567827.225547703039	766
1	6916	568703.855198901203	767
1	6925	569400.428582215738	768
1	6938	570417.027732543704	769
1	6945	571139.429154200536	770
1	6956	571735.769391479027	771
1	6961	572159.24908504827	772
1	6970	572755.346116237398	773
1	6979	573433.961112052258	774
1	6988	573999.652821058463	775
1	6999	575377.459067059736	776
1	7006	575748.112014541458	777
1	7019	576644.280840084013	778
1	7024	577277.996023977232	779
1	7037	578010.319118807148	780
1	7042	578358.328511891942	781
1	7051	579199.501167470645	782
1	7064	580176.949439942893	783
1	7071	580564.543209923488	784
1	7080	581277.121209539529	785
1	7091	582088.217354519349	786
1	7096	582501.282377215159	787
1	7105	583274.323750846145	788
1	7114	584290.815652208459	789
1	7123	584891.796808177662	790
1	7134	586076.481162384209	791
1	7141	586408.438046649155	792
1	7150	586942.086057085601	793
1	7161	588148.131282348243	794
1	7168	588488.605499127937	795
1	7177	588977.229937585128	796
1	7188	589731.913578277512	797
1	7199	590466.476511675923	798
1	7208	591076.427298691182	799
1	7215	591533.160798903613	800
1	7222	592114.933201717271	801
1	7235	592969.148142077087	802
1	7240	593542.281902767776	803
1	7249	594046.037107100768	804
1	7260	595183.293019188626	805
1	7267	595630.546419974475	806
1	7276	596517.303285095899	807
1	7287	597106.200514175057	808
1	7298	598060.945172281995	809
1	7307	598730.178272584512	810
1	7316	599603.402208723187	811
1	7325	600236.070474470093	812
1	7334	601093.861284339859	813
1	7341	601957.938644802256	814
1	7350	602696.808896446659	815
1	7359	603457.908670557721	816
1	7370	604128.690973017423	817
1	7375	604454.598666541337	818

