version 2
run Pipelined_3Teachers-35-20190105-10:57:25-13288
attr configname Pipelined_3Teachers
attr datetime 20190105-10:57:25
attr experiment Pipelined_3Teachers
attr inifile ../simulations/omnetpp.ini
attr iterationvars "$0=\"uniform\""
attr iterationvarsf uniform-
attr measurement "$0=\"uniform\""
attr network PipelinedExamSession
attr processid 13288
attr repetition 35
attr replication #35
attr resultdir results
attr runnumber 35
attr seedset 35
param **.teachersNumber 3
param **.answerTimeDistribution "\"uniform\""
param **.minUniform 300
param **.maxUniform 900
param **.scaleLognormal 6.2854
param **.shapeLognormal 0.4724

vector 0 PipelinedExamSession examinationTime:vector ETV
attr source examFinished
vector 1 PipelinedExamSession studentID:vector ETV
attr source student
0	3176	260994.131292728724	2303.4458266106
0	3183	261532.317428709956	1952.33989642
0	3190	262243.664304027351	2049.6296234429
0	3199	263195.496863359602	2201.3655706309
0	3210	263815.165692335012	2129.0526845958
0	3217	264578.545142244565	2073.5235855449
0	3226	265293.90925755726	1903.7168305367
0	3239	266032.809954788554	2067.401579814
0	3248	266849.093005852792	1983.6967125535
0	3253	267228.06502478199	1780.1726581994
0	3266	268385.175652010385	2352.3656972218
0	3275	269049.330601282437	2200.2375954296
0	3282	269871.500376518835	2248.1377538759
0	3291	270798.733846424166	2413.5581944138
0	3302	271563.019996695239	2513.6893954128
0	3309	272233.785493299384	2310.5232462287
0	3320	272957.939617708344	2150.2369569149
0	3327	273488.480996713061	1925.4610000178
0	3336	274303.500071726758	2064.5266423468
0	3343	275061.299939733018	2103.3603220247
0	3356	276012.450437201206	2331.8674037699
0	3363	276583.788052713518	2222.3240207881
0	3372	277202.40843873473	1966.4689157624
0	3383	278159.479904640485	2147.0294674393
0	3392	278941.197192622368	2311.339206202
0	3397	279363.822527462636	2081.148855295
0	3410	280285.42811460795	2125.9482099675
0	3415	280857.996295904761	1916.7991032824
0	3424	281675.29196483085	2224.2155450396
0	3433	282323.795831948538	2038.3677173406
0	3446	282991.080873040502	1828.7279320881
0	3451	283291.300824657102	1302.9098512139
0	3462	284334.588479250689	1899.5311623439
0	3469	284961.547453561817	1970.4665805213
0	3482	286101.319327857366	2235.1550707128
0	3491	286957.397796772441	2397.8735958226
0	3498	287433.622181927806	2212.1964601334
0	3509	288124.21213220807	2022.8928043507
0	3516	288868.143472820541	1910.7456760481
0	3525	289543.409428792095	1902.9417813756
0	3532	290110.199062060585	1985.9869298525
0	3545	291282.195364125094	2314.8250306025
0	3554	291993.900895910359	2212.978550652
0	3561	292412.431516684613	1870.2378710266
0	3572	293261.160172009862	1978.9648078848
0	3577	293653.348778653911	1659.4478827436
0	3588	294718.812497472412	2202.7413147502
0	3595	295219.154844526223	1957.9946725164
0	3606	296339.117898512653	2209.7338291816
0	3617	297223.669747822008	2269.4422460161
0	3622	297738.9803290833	1907.1910052095
0	3631	298400.892467005199	1968.0932778865
0	3644	299449.109580600655	2225.4398327786
0	3651	300070.748662110439	2057.5439355802
0	3658	300375.136993126965	1596.0915408097
0	3667	301340.021186275429	1890.9116056748
0	3676	302140.873906575165	2035.8322693035
0	3689	303326.765744760654	2449.0566293243
0	3696	303965.606177877656	2275.0978056807
0	3707	304575.465868273771	2042.8041663487
0	3716	305388.126442395172	2061.3606976345
0	3725	306243.981943326092	2194.7648786008
0	3730	306710.95380219633	2135.4879339226
0	3739	307368.813407281435	1980.6869648863
0	3750	308337.047436973101	2093.065493647
0	3759	308968.031706707573	1872.3857683595
0	3770	309822.647471912225	2125.5706868134
0	3777	310341.643814882283	1931.2983983662
0	3786	310975.527522526701	1948.132510297
0	3793	311614.141145534834	1791.4936736226
0	3802	312184.512806497534	1775.8531360421
0	3813	313403.436370426809	2104.2643259279
0	3820	314042.320132255575	2016.6180765722
0	3833	315258.46712216737	2514.6336205769
0	3838	315639.723908063045	2107.2926990222
0	3849	316681.402930151693	2310.4434664361
0	3858	317520.802137907616	2262.3350157402
0	3867	318136.780368257336	2033.4252500441
0	3876	318889.015539083652	1969.3225655705
0	3883	319411.800955608509	1681.4317651559
0	3894	320132.719278987519	1988.3838452864
0	3901	320792.871073912851	1883.7108671665
0	3912	321349.060818180464	1772.4733065348
0	3921	322108.190177287929	1885.3971733712
0	3928	322433.711986150615	1440.3976194095
0	3933	322856.984716281317	1412.930300273
0	3946	323916.979537345491	1801.0708033573
0	3957	324909.327146178133	2011.8724170607
0	3966	325747.309883264846	2171.3104671333
0	3973	326283.650151779896	1874.5906059165
0	3982	326856.323515484132	1912.080653524
0	3993	327891.98654238137	2119.4708291441
0	4000	328453.637536475458	2054.5363381505
0	4013	329441.957164183282	2162.4688315205
0	4020	329943.777739489474	2024.3897841778
0	4027	330346.632202947535	1576.7504192423
0	4036	330922.486523771681	1480.5293595884
0	4047	331790.485930675663	1837.4630777165
0	4056	332472.883325675525	1964.9470390286
0	4067	333585.187562741362	2233.4691482596
0	4076	334449.703231081389	2565.0007923134
0	4085	335028.77111071723	2278.1876439694
0	4092	335715.726348990597	2130.5387862492
0	4099	336358.277904940792	1908.5746738594
0	4108	337343.776075635129	2315.0049649179
0	4119	337880.892565380805	1979.0602235589
0	4126	338362.228507502028	1576.4008419123
0	4137	339578.937517991314	2050.9548899252
0	4146	340128.395008854593	2015.9750370774
0	4155	340768.984560202832	1894.3147061393
0	4164	341654.462172975789	1971.543564694
0	4175	342253.732977155621	1844.0157442354
0	4180	342746.532485447849	1837.8770573996
0	4189	343316.458368441116	1559.3977101613
0	4200	344483.255134709205	2229.5221575536
0	4207	344896.172408899318	1774.9523502309
0	4216	345903.310446627463	1893.9718520734
0	4225	346845.636133337418	2183.1051839981
0	4234	347305.768421385462	1760.3949427139
0	4243	348261.668539093832	1819.8205873836
0	4252	349100.877489103029	1811.3323593512
0	4261	349550.673804944406	1603.4927437082
0	4272	350372.451582457896	1694.8706100695
0	4279	351102.080612070884	1879.8220425379
0	4292	352416.719900351043	2429.5946122147
0	4299	353078.327107289831	2329.5301120263
0	4306	353650.723211886387	2093.4063570108
0	4311	354088.518691482048	1671.798791131
0	4328	355006.596463965278	1795.568607375
0	4337	355880.025756731655	1782.0772699546
0	4344	356429.573467467006	1937.0064608753
0	4353	357437.148210452895	2430.5517464876
0	4362	357950.344668142523	2070.3189114109
0	4369	358366.948935622375	1803.1849601772
0	4382	359101.459558540981	1661.5313250571
0	4387	359528.091346425961	1521.2820399553
0	4400	360624.853357672717	2177.2660834249
0	4409	361500.295943906556	2398.8363853656
0	4418	362173.133889818589	2307.3994598351
0	4427	362944.649298582251	2319.7959409095
0	4434	363374.678162299122	1874.3822183926
0	4445	364508.761905552844	2335.6280157343
0	4454	365335.373810771877	2390.7245121896
0	4459	365877.927443571413	2260.6127398554
0	4468	366513.065101392592	2004.3031958397
0	4477	367195.369290467377	1859.9954796955
0	4488	368305.407645693074	2095.9208759945
0	4495	368852.30577117766	1933.5193965118
0	4508	369969.938577711607	2176.9337480888
0	4513	370313.30844322222	1825.7851252332
0	4526	371436.967553850289	2306.8750115577
0	4533	372231.631368258994	2261.6927905474
0	4540	372709.008555253994	2081.654423615
0	4553	373896.059360308598	2459.0918064583
0	4562	374499.741350999127	2230.5669943336
0	4569	374877.414386020998	1829.4144731015
0	4576	375192.024997109572	1295.965636801
0	4585	376083.493175357605	1583.7518243585
0	4598	377137.411616183842	2097.7614419069
0	4605	377757.18527133579	1973.1394822709
0	4612	378396.846139803554	2054.3703979813
0	4623	379222.021308587889	2084.609692404
0	4630	379809.29091777655	1910.3500400204
0	4639	380708.619719138394	2181.7969406024
0	4650	381553.379667503784	2166.708274791
0	4659	382388.373020896713	2223.6660513561
0	4668	382872.021899046401	2012.6007297076
0	4675	383235.859159939016	1647.0712845214
0	4688	384265.037582069661	1795.922057284
0	4697	384953.032260993521	2069.872654276
0	4702	385372.737999726112	2004.5274937525
0	4715	386029.388780845354	1764.3511987757
0	4722	386681.250739842678	1728.2184788492
0	4733	387542.224862566243	2087.8501275089
0	4742	388336.352110980104	2306.9633301347
0	4747	388702.254871884386	1971.4492474683
0	4756	389595.207924954619	2052.9830623884
0	4769	390522.45560023005	2186.1034892499
0	4778	391339.453305490342	2113.6329788715
0	4785	392107.498287828666	2195.9509905428
0	4794	392677.422343706739	2154.9667434767
0	4805	393688.224174594534	2348.7708691042
0	4812	394283.684349339483	2090.999666322
0	4819	394864.460105728386	1941.2316178903
0	4828	395514.514929195893	1826.2907546014
0	4837	396092.738166265217	1532.7714581508
0	4850	397570.92139162126	2295.4620690085
0	4857	398054.958725720672	2086.2641483545
0	4868	398906.6475151107	2196.944105532
0	4877	399780.424424959375	2209.5030333381
0	4886	400676.233471557526	2410.2450817823
0	4891	401183.292489498882	2276.6449743882
0	4900	401824.55202816057	2044.1276032012
0	4909	402192.173973843483	1515.940502286
0	4918	402769.75917527455	1297.5292833522
0	4929	403880.606743600249	2030.9885110706
0	4936	404629.228286258906	1948.1954776682
0	4949	405670.935878483608	2249.8710212298
0	4956	406345.809565577686	2248.1715497095
0	4965	407117.512976657629	2165.8492256887
0	4976	407877.016332233354	2206.0804537497
0	4983	408403.107419516921	1978.5402920097
0	4990	408776.9410951529	1573.91980947
0	4999	409557.445986242994	1680.4296540096
0	5010	410792.087253090023	2220.5318468157
0	5021	411748.296520533069	2367.6919792313
0	5026	412200.734595581918	2199.8575420585
0	5039	413193.105306476383	2298.5282502137
0	5048	414019.55460780303	2271.25808727
0	5057	414913.747168611763	2445.0175812934
0	5064	415437.402414903073	2244.2971084267
0	5075	416350.717786559863	2331.1631787568
0	5084	417128.438790841056	2214.6916222293
0	5093	417598.281964380322	2039.2313442193
0	5102	418490.24857166226	2139.5307851024
0	5111	419387.425226205988	2258.9864353649
0	5116	419741.164746182067	2142.8827818017
0	5129	420686.99010782878	2196.7415361665
0	5138	421585.763342678576	2198.3381164726
0	5143	421902.881010901212	2051.7927860375
0	5152	422333.079741429566	1646.0896336008
0	5165	423644.622087478667	2058.8587448001
0	5170	424192.259901948303	2107.9283843748
0	5179	424857.017398020282	2086.2666110974
0	5188	425319.419694179698	1674.797606701
0	5197	426475.185355916649	2130.3051284049
0	5206	427176.59690156582	2164.5469077397
0	5215	427595.132323075116	1706.842728937
0	5224	428371.95966183211	1677.6599464472
0	5235	429257.975403964551	1963.4227717761
0	5242	429725.254159932988	1664.8902007844
0	5255	431031.080493936347	2227.2214924917
0	5264	431650.484987581181	2098.1821722351
0	5273	432532.928827917236	2359.7555061802
0	5278	432886.301966663483	1855.2214727271
0	5287	433816.355138830874	2165.8701512497
0	5298	434306.064754631403	1773.1359267142
0	5305	434785.867306636679	1613.5628993623
0	5314	435761.998231709036	1839.5073027816
0	5323	436543.735582334953	1818.3677593712
0	5332	436916.780842328476	1341.4717010222
0	5341	437931.706139724734	1880.4989021737
0	5350	438849.778341874513	1961.4114103373
0	5363	439901.728390529785	2269.4399604108
0	5368	440242.365428991649	1754.9954225309
0	5377	441090.515380399335	1838.3714369964
0	5388	441699.463818641412	1797.7354281116
0	5395	442332.824468845534	1797.3955024034
0	5408	443679.03761873025	2350.7317258045
0	5413	444098.659913940388	2006.7653933074
0	5424	445151.670044520903	2305.9313743841
0	5431	445589.292654488269	1910.255035758
0	5440	446104.649717314202	1752.5314156897
0	5449	446876.197957992586	1719.4923063274
0	5462	447708.109438279676	1797.8364244569
0	5467	448209.957934543523	1728.5461639054
0	5480	449326.255625020745	2142.1665290371
0	5487	450130.242176307398	2422.1327380277
0	5498	450723.931967793065	2156.9837518036
0	5503	451138.75568113293	1812.5000561122
0	5514	451894.076244765925	1720.5985278357
0	5521	452201.908417325499	1477.9764495324
0	5530	453365.189689910071	2060.2247888222
0	5543	454017.656481452319	1850.3137920052
0	5552	454890.428375406224	1826.9001941197
0	5557	455664.863384747911	2177.583272662
0	5568	456413.599547417868	2395.9430659655
0	5577	457125.524942949447	2235.0965675432
0	5586	457947.304820409078	2170.3571840655
0	5597	458573.593970574472	2023.5957850702
0	5604	459201.280252262983	1902.7234554291
0	5611	459545.067541021887	1539.7046080325
0	5616	460018.034127261523	1444.4401566871
0	5633	461751.644186675582	2519.0817900002
0	5640	462316.83040922511	2245.4739157576
0	5647	462751.8090528902	1866.4301660378
0	5656	463382.447114959392	1630.8029282838
0	5665	464194.311565859276	1758.6536953691
0	5678	465340.02289711501	2268.5343224555
0	5685	466154.625614499706	2342.3859564587
0	5692	466520.273422496426	1902.318043448
0	5703	467542.670979676801	2202.6480825618
0	5712	468146.276783477548	1976.1216945481
0	5719	468543.189336033571	1661.9541616179
0	5728	469375.679692905429	1799.7411200311
0	5739	470684.162357077036	2513.8503451366
0	5746	471098.766651190851	2036.380192358
0	5757	471935.225767269764	2015.1810487267
0	5764	472398.039168957655	1607.1696419735
0	5773	473185.962456744199	1682.0958869532
0	5786	474182.434488739853	2100.8799883537
0	5793	474717.678570002352	2059.6746593714
0	5802	475477.428383706172	2016.6596319526
0	5813	476198.426469555159	2015.9919808153
0	5822	476968.51840638559	2082.4237042107
0	5829	477552.975423820351	2002.3037119769
0	5836	478100.005530612577	1901.5790610574
0	5847	479178.425962943618	2209.907556558
0	5854	479788.381733698805	1944.1220866051
0	5863	480110.900177154725	1456.4824396279
0	5872	481388.20057944398	1905.9795044828
0	5883	482132.533219037611	2112.4452543911
0	5894	483156.057930132409	2336.6445412394
0	5899	483683.822114579414	2167.5972157158
0	5908	484169.471533270588	1794.4255680777
0	5917	485172.870331769844	2016.8124016374
0	5928	486105.059839133208	2199.915588554
0	5937	486860.395418386941	2252.4183679372
0	5946	487441.143298242276	2118.9229477197
0	5953	487824.144175183063	1612.8086899873
0	5964	489040.032341564109	1971.5677513741
0	5975	489807.215679623221	2300.5883195903
0	5982	490255.315326852758	1892.692787759
0	5991	491057.121966825833	1829.2278857902
0	6000	491449.510320369189	1642.294640746
0	6011	492320.810815785115	1818.4214717243
0	6020	493109.768671821838	1987.864021305
0	6029	493987.77775294151	2040.9982797224
0	6036	494598.711691098323	2277.9008753132
0	6045	495094.718227721786	1984.9495558999
0	6054	495704.67484798286	1716.8970950413
0	6063	496492.744901077858	1891.4584272075
0	6070	497056.38276301328	1886.6200875957
0	6079	497699.53971910294	1870.287386002
0	6088	498856.208105664735	2244.6750534698
0	6097	499357.287143217436	1943.3240683749
0	6108	500415.752944210581	2174.6774244122
0	6115	501084.949555294625	2071.4691819157
0	6124	502130.197420483492	2234.9242040422
0	6133	502864.264709735326	2082.6735964045
0	6144	503987.183773051985	2357.3708846234
0	6151	504498.768526827954	2026.7611318734
0	6164	505447.089246148281	2204.50532916
0	6169	506043.741991091557	1917.1412731055
0	6180	506582.405300298743	1732.7526018955
0	6191	507426.32983443331	1979.240588285
0	6196	507732.38283852119	1617.45181242
0	6209	509143.852123757862	2428.0461276881
0	6218	510025.697670551055	2599.3678361177
0	6223	510386.213342053854	2124.6239009779
0	6232	511117.984378756994	1974.1322549991
0	6241	511860.838341526725	1835.1406709757
0	6250	512829.55514132049	1960.6819412671
0	6259	513539.068207936399	2000.1550278626
0	6272	514551.673851208799	2275.7593283895
0	6277	514869.65829413388	1709.6100758761
0	6290	515872.891571000256	1870.1434632763
0	6295	516369.544221740254	1817.8703705315
0	6306	517189.528455119617	1861.6295081098
0	6313	517525.346758542619	1652.4551875424
0	6322	518263.467365177385	1577.3052704986
0	6333	519437.105845939405	2144.574954221
0	6342	520176.332662766836	2111.6390536074
0	6351	521044.521151855625	2243.011439871
0	6358	521391.949235927351	1902.7560210787
0	6367	522363.070789631493	2146.8731502537
0	6376	522907.673768140413	1818.8430843875
0	6389	523914.612902049013	2137.474336708
0	6396	524604.69512818385	1931.9584673736
0	6407	525400.967540731691	2208.9035561308
0	6412	525837.413109932132	1922.8002078831
0	6425	526790.786217805036	2171.631613886
0	6432	527375.811495445707	1974.843954714
0	6443	528353.371126810126	2380.2134518046
0	6448	529098.859829083122	2308.0736112781
0	6457	529650.11769197885	2161.0067236237
0	6466	530074.820447154381	1721.4493203443
0	6479	531261.041185492687	2033.4602348506
0	6488	532027.256361627989	1953.3187720925
0	6495	532494.063805416264	1957.4895696715
0	6502	533269.029916590117	2007.9887310974
0	6511	534011.156645603516	1983.9002839755
0	6522	534658.505260711574	1826.732828049
0	6533	535380.305952625387	1797.4027227145
0	6542	536263.794970465862	1994.7027713992
0	6547	536566.005862271451	1905.9393842239
0	6560	537818.841468310022	2438.5355156846
0	6567	538461.074877809772	2197.2799073439
0	6578	539225.844812532925	2193.1549452245
0	6583	539574.859512643927	1756.0180443339
0	6596	540941.596127674022	2416.5295852348
0	6605	541675.361667992586	2449.5168554597
0	6614	542466.052081855053	2407.3101807386
0	6619	543190.370556386227	2248.7744287122
0	6628	543824.901050236115	2149.5393822435
0	6637	544607.052697101647	2141.0006152466
0	6646	545454.656737670342	2106.4547663089
0	6659	546617.044366383964	2450.946809398
0	6666	547290.390064800197	2259.6568899695
0	6675	548021.032405737826	2247.843022272
0	6682	548474.101219698825	1857.0568533149
0	6693	549265.583402384113	1891.2870948203
0	6702	549930.646392703097	1794.716356555
0	6713	550725.780203612561	2080.0214003306
0	6722	551528.586071776266	2092.44473367
0	6727	551903.150325687642	1826.61099541
0	6736	552846.234193118329	2120.4539895058
0	6747	553856.941597955341	2328.3555261791
0	6758	554752.62886066925	2355.6857795455
0	6767	555641.61351788793	2618.5013435315
0	6774	556222.266648709814	2309.4865271822
0	6781	556595.638956874649	1843.0100962054
0	6794	558257.735552452545	2616.1220345646
0	6799	558837.76402277876	2299.1533330176
0	6808	559291.400498198386	1928.0075799208
0	6819	560517.365529108833	2259.6299766563
0	6830	561398.167059570591	2494.774224842
0	6835	561755.710284272249	1971.8447031453
0	6844	562459.891453944187	1835.9220304526
0	6857	562997.23952212375	1599.0724625532
0	6864	563770.541207911487	1718.1552836671
0	6871	564451.98216419671	1919.1696482711
0	6880	564941.799481865059	1944.5599597413
0	6889	565555.115409800823	1736.8107230868
0	6900	566519.125133799429	1967.6781644113
0	6909	566904.10212376159	1665.0244505145
0	6916	567456.217419868376	1589.8137540556
0	6929	568228.225660510402	1658.7398991454
0	6934	568652.428658818867	1557.8971628565
0	6943	569451.193101564463	1612.0614054613
0	6952	570111.273445515003	1883.0477850046
0	6961	570569.801638321992	1797.7747520898
0	6970	571686.234481120522	2048.364604963
0	6979	572168.542801681946	1817.2822914552
0	6988	573159.772403072607	2054.6166416723
0	7001	573967.242183024105	2023.1341992505
0	7006	574339.422421669629	1645.8073024638
0	7019	575334.577827109065	2035.9187666327
0	7026	576052.167980046984	2084.9257970229
0	7033	576830.384274898138	2010.6219685636
0	7044	577485.196627769661	2150.6188006606
0	7053	578184.356101742056	2007.8460994642
0	7060	578584.84497740869	1554.9346279353
0	7069	579342.853663768662	1784.4262938481
0	7078	579945.944448094857	1699.0178633016
0	7089	580845.100531401155	1927.806926379
0	7098	581738.920362107498	2009.1950203758
0	7105	582362.304254807574	1974.1724717896
0	7116	583464.360375283328	2348.8986559678
0	7123	583823.988065309865	1824.4831150398
0	7132	584734.760729502929	1836.9842848275
0	7141	585512.933630822269	2012.7562524285
0	7154	586819.288664124948	2476.5091402922
0	7163	587511.568590486464	2380.1815138198
0	7168	587854.3250062969	1859.9963428918
0	7179	588832.507260795724	2013.2185966708
0	7188	589269.386065285695	1757.8174747992
0	7197	590021.417782316027	1632.9689027276
0	7204	590568.733077636031	1656.9968844764
0	7215	591648.261504806621	2092.0935310889
0	7222	592126.935580791948	1692.5548954401
0	7231	592622.255056444597	1455.7230256498
0	7240	593385.445537185338	1624.2633135058
0	7249	594197.717173537281	1970.8371560555
0	7260	595163.057733932552	2053.5563708749
0	7267	596047.709635226098	2054.7689359635
0	7280	596721.864261198831	2219.3159742281
0	7285	597132.680294523058	1839.7915180307
0	7298	598215.485211415259	2061.2547601573
0	7305	598797.158839507071	2075.2945783082
0	7316	599507.554248534186	1937.7242292278
0	7325	600317.247585486664	2101.7623740714
0	7332	600828.425249084874	2020.7670026924
0	7343	601577.347046183466	2069.7927976493
0	7352	602335.03684792672	2017.7892624401
0	7361	603178.109231125607	2255.9054958634
0	7370	604012.206559209197	2434.8595130257
0	7377	604499.812713218897	2164.7758652922
1	3176	260994.131292728724	351
1	3183	261532.317428709956	352
1	3190	262243.664304027351	353
1	3199	263195.496863359602	354
1	3210	263815.165692335012	355
1	3217	264578.545142244565	356
1	3226	265293.90925755726	357
1	3239	266032.809954788554	358
1	3248	266849.093005852792	359
1	3253	267228.06502478199	360
1	3266	268385.175652010385	361
1	3275	269049.330601282437	362
1	3282	269871.500376518835	363
1	3291	270798.733846424166	364
1	3302	271563.019996695239	365
1	3309	272233.785493299384	366
1	3320	272957.939617708344	367
1	3327	273488.480996713061	368
1	3336	274303.500071726758	369
1	3343	275061.299939733018	370
1	3356	276012.450437201206	371
1	3363	276583.788052713518	372
1	3372	277202.40843873473	373
1	3383	278159.479904640485	374
1	3392	278941.197192622368	375
1	3397	279363.822527462636	376
1	3410	280285.42811460795	377
1	3415	280857.996295904761	378
1	3424	281675.29196483085	379
1	3433	282323.795831948538	380
1	3446	282991.080873040502	381
1	3451	283291.300824657102	382
1	3462	284334.588479250689	383
1	3469	284961.547453561817	384
1	3482	286101.319327857366	385
1	3491	286957.397796772441	386
1	3498	287433.622181927806	387
1	3509	288124.21213220807	388
1	3516	288868.143472820541	389
1	3525	289543.409428792095	390
1	3532	290110.199062060585	391
1	3545	291282.195364125094	392
1	3554	291993.900895910359	393
1	3561	292412.431516684613	394
1	3572	293261.160172009862	395
1	3577	293653.348778653911	396
1	3588	294718.812497472412	397
1	3595	295219.154844526223	398
1	3606	296339.117898512653	399
1	3617	297223.669747822008	400
1	3622	297738.9803290833	401
1	3631	298400.892467005199	402
1	3644	299449.109580600655	403
1	3651	300070.748662110439	404
1	3658	300375.136993126965	405
1	3667	301340.021186275429	406
1	3676	302140.873906575165	407
1	3689	303326.765744760654	408
1	3696	303965.606177877656	409
1	3707	304575.465868273771	410
1	3716	305388.126442395172	411
1	3725	306243.981943326092	412
1	3730	306710.95380219633	413
1	3739	307368.813407281435	414
1	3750	308337.047436973101	415
1	3759	308968.031706707573	416
1	3770	309822.647471912225	417
1	3777	310341.643814882283	418
1	3786	310975.527522526701	419
1	3793	311614.141145534834	420
1	3802	312184.512806497534	421
1	3813	313403.436370426809	422
1	3820	314042.320132255575	423
1	3833	315258.46712216737	424
1	3838	315639.723908063045	425
1	3849	316681.402930151693	426
1	3858	317520.802137907616	427
1	3867	318136.780368257336	428
1	3876	318889.015539083652	429
1	3883	319411.800955608509	430
1	3894	320132.719278987519	431
1	3901	320792.871073912851	432
1	3912	321349.060818180464	433
1	3921	322108.190177287929	434
1	3928	322433.711986150615	435
1	3933	322856.984716281317	436
1	3946	323916.979537345491	437
1	3957	324909.327146178133	438
1	3966	325747.309883264846	439
1	3973	326283.650151779896	440
1	3982	326856.323515484132	441
1	3993	327891.98654238137	442
1	4000	328453.637536475458	443
1	4013	329441.957164183282	444
1	4020	329943.777739489474	445
1	4027	330346.632202947535	446
1	4036	330922.486523771681	447
1	4047	331790.485930675663	448
1	4056	332472.883325675525	449
1	4067	333585.187562741362	450
1	4076	334449.703231081389	451
1	4085	335028.77111071723	452
1	4092	335715.726348990597	453
1	4099	336358.277904940792	454
1	4108	337343.776075635129	455
1	4119	337880.892565380805	456
1	4126	338362.228507502028	457
1	4137	339578.937517991314	458
1	4146	340128.395008854593	459
1	4155	340768.984560202832	460
1	4164	341654.462172975789	461
1	4175	342253.732977155621	462
1	4180	342746.532485447849	463
1	4189	343316.458368441116	464
1	4200	344483.255134709205	465
1	4207	344896.172408899318	466
1	4216	345903.310446627463	467
1	4225	346845.636133337418	468
1	4234	347305.768421385462	469
1	4243	348261.668539093832	470
1	4252	349100.877489103029	471
1	4261	349550.673804944406	472
1	4272	350372.451582457896	473
1	4279	351102.080612070884	474
1	4292	352416.719900351043	475
1	4299	353078.327107289831	476
1	4306	353650.723211886387	477
1	4311	354088.518691482048	478
1	4328	355006.596463965278	479
1	4337	355880.025756731655	480
1	4344	356429.573467467006	481
1	4353	357437.148210452895	482
1	4362	357950.344668142523	483
1	4369	358366.948935622375	484
1	4382	359101.459558540981	485
1	4387	359528.091346425961	486
1	4400	360624.853357672717	487
1	4409	361500.295943906556	488
1	4418	362173.133889818589	489
1	4427	362944.649298582251	490
1	4434	363374.678162299122	491
1	4445	364508.761905552844	492
1	4454	365335.373810771877	493
1	4459	365877.927443571413	494
1	4468	366513.065101392592	495
1	4477	367195.369290467377	496
1	4488	368305.407645693074	497
1	4495	368852.30577117766	498
1	4508	369969.938577711607	499
1	4513	370313.30844322222	500
1	4526	371436.967553850289	501
1	4533	372231.631368258994	502
1	4540	372709.008555253994	503
1	4553	373896.059360308598	504
1	4562	374499.741350999127	505
1	4569	374877.414386020998	506
1	4576	375192.024997109572	507
1	4585	376083.493175357605	508
1	4598	377137.411616183842	509
1	4605	377757.18527133579	510
1	4612	378396.846139803554	511
1	4623	379222.021308587889	512
1	4630	379809.29091777655	513
1	4639	380708.619719138394	514
1	4650	381553.379667503784	515
1	4659	382388.373020896713	516
1	4668	382872.021899046401	517
1	4675	383235.859159939016	518
1	4688	384265.037582069661	519
1	4697	384953.032260993521	520
1	4702	385372.737999726112	521
1	4715	386029.388780845354	522
1	4722	386681.250739842678	523
1	4733	387542.224862566243	524
1	4742	388336.352110980104	525
1	4747	388702.254871884386	526
1	4756	389595.207924954619	527
1	4769	390522.45560023005	528
1	4778	391339.453305490342	529
1	4785	392107.498287828666	530
1	4794	392677.422343706739	531
1	4805	393688.224174594534	532
1	4812	394283.684349339483	533
1	4819	394864.460105728386	534
1	4828	395514.514929195893	535
1	4837	396092.738166265217	536
1	4850	397570.92139162126	537
1	4857	398054.958725720672	538
1	4868	398906.6475151107	539
1	4877	399780.424424959375	540
1	4886	400676.233471557526	541
1	4891	401183.292489498882	542
1	4900	401824.55202816057	543
1	4909	402192.173973843483	544
1	4918	402769.75917527455	545
1	4929	403880.606743600249	546
1	4936	404629.228286258906	547
1	4949	405670.935878483608	548
1	4956	406345.809565577686	549
1	4965	407117.512976657629	550
1	4976	407877.016332233354	551
1	4983	408403.107419516921	552
1	4990	408776.9410951529	553
1	4999	409557.445986242994	554
1	5010	410792.087253090023	555
1	5021	411748.296520533069	556
1	5026	412200.734595581918	557
1	5039	413193.105306476383	558
1	5048	414019.55460780303	559
1	5057	414913.747168611763	560
1	5064	415437.402414903073	561
1	5075	416350.717786559863	562
1	5084	417128.438790841056	563
1	5093	417598.281964380322	564
1	5102	418490.24857166226	565
1	5111	419387.425226205988	566
1	5116	419741.164746182067	567
1	5129	420686.99010782878	568
1	5138	421585.763342678576	569
1	5143	421902.881010901212	570
1	5152	422333.079741429566	571
1	5165	423644.622087478667	572
1	5170	424192.259901948303	573
1	5179	424857.017398020282	574
1	5188	425319.419694179698	575
1	5197	426475.185355916649	576
1	5206	427176.59690156582	577
1	5215	427595.132323075116	578
1	5224	428371.95966183211	579
1	5235	429257.975403964551	580
1	5242	429725.254159932988	581
1	5255	431031.080493936347	582
1	5264	431650.484987581181	583
1	5273	432532.928827917236	584
1	5278	432886.301966663483	585
1	5287	433816.355138830874	586
1	5298	434306.064754631403	587
1	5305	434785.867306636679	588
1	5314	435761.998231709036	589
1	5323	436543.735582334953	590
1	5332	436916.780842328476	591
1	5341	437931.706139724734	592
1	5350	438849.778341874513	593
1	5363	439901.728390529785	594
1	5368	440242.365428991649	595
1	5377	441090.515380399335	596
1	5388	441699.463818641412	597
1	5395	442332.824468845534	598
1	5408	443679.03761873025	599
1	5413	444098.659913940388	600
1	5424	445151.670044520903	601
1	5431	445589.292654488269	602
1	5440	446104.649717314202	603
1	5449	446876.197957992586	604
1	5462	447708.109438279676	605
1	5467	448209.957934543523	606
1	5480	449326.255625020745	607
1	5487	450130.242176307398	608
1	5498	450723.931967793065	609
1	5503	451138.75568113293	610
1	5514	451894.076244765925	611
1	5521	452201.908417325499	612
1	5530	453365.189689910071	613
1	5543	454017.656481452319	614
1	5552	454890.428375406224	615
1	5557	455664.863384747911	616
1	5568	456413.599547417868	617
1	5577	457125.524942949447	618
1	5586	457947.304820409078	619
1	5597	458573.593970574472	620
1	5604	459201.280252262983	621
1	5611	459545.067541021887	622
1	5616	460018.034127261523	623
1	5633	461751.644186675582	624
1	5640	462316.83040922511	625
1	5647	462751.8090528902	626
1	5656	463382.447114959392	627
1	5665	464194.311565859276	628
1	5678	465340.02289711501	629
1	5685	466154.625614499706	630
1	5692	466520.273422496426	631
1	5703	467542.670979676801	632
1	5712	468146.276783477548	633
1	5719	468543.189336033571	634
1	5728	469375.679692905429	635
1	5739	470684.162357077036	636
1	5746	471098.766651190851	637
1	5757	471935.225767269764	638
1	5764	472398.039168957655	639
1	5773	473185.962456744199	640
1	5786	474182.434488739853	641
1	5793	474717.678570002352	642
1	5802	475477.428383706172	643
1	5813	476198.426469555159	644
1	5822	476968.51840638559	645
1	5829	477552.975423820351	646
1	5836	478100.005530612577	647
1	5847	479178.425962943618	648
1	5854	479788.381733698805	649
1	5863	480110.900177154725	650
1	5872	481388.20057944398	651
1	5883	482132.533219037611	652
1	5894	483156.057930132409	653
1	5899	483683.822114579414	654
1	5908	484169.471533270588	655
1	5917	485172.870331769844	656
1	5928	486105.059839133208	657
1	5937	486860.395418386941	658
1	5946	487441.143298242276	659
1	5953	487824.144175183063	660
1	5964	489040.032341564109	661
1	5975	489807.215679623221	662
1	5982	490255.315326852758	663
1	5991	491057.121966825833	664
1	6000	491449.510320369189	665
1	6011	492320.810815785115	666
1	6020	493109.768671821838	667
1	6029	493987.77775294151	668
1	6036	494598.711691098323	669
1	6045	495094.718227721786	670
1	6054	495704.67484798286	671
1	6063	496492.744901077858	672
1	6070	497056.38276301328	673
1	6079	497699.53971910294	674
1	6088	498856.208105664735	675
1	6097	499357.287143217436	676
1	6108	500415.752944210581	677
1	6115	501084.949555294625	678
1	6124	502130.197420483492	679
1	6133	502864.264709735326	680
1	6144	503987.183773051985	681
1	6151	504498.768526827954	682
1	6164	505447.089246148281	683
1	6169	506043.741991091557	684
1	6180	506582.405300298743	685
1	6191	507426.32983443331	686
1	6196	507732.38283852119	687
1	6209	509143.852123757862	688
1	6218	510025.697670551055	689
1	6223	510386.213342053854	690
1	6232	511117.984378756994	691
1	6241	511860.838341526725	692
1	6250	512829.55514132049	693
1	6259	513539.068207936399	694
1	6272	514551.673851208799	695
1	6277	514869.65829413388	696
1	6290	515872.891571000256	697
1	6295	516369.544221740254	698
1	6306	517189.528455119617	699
1	6313	517525.346758542619	700
1	6322	518263.467365177385	701
1	6333	519437.105845939405	702
1	6342	520176.332662766836	703
1	6351	521044.521151855625	704
1	6358	521391.949235927351	705
1	6367	522363.070789631493	706
1	6376	522907.673768140413	707
1	6389	523914.612902049013	708
1	6396	524604.69512818385	709
1	6407	525400.967540731691	710
1	6412	525837.413109932132	711
1	6425	526790.786217805036	712
1	6432	527375.811495445707	713
1	6443	528353.371126810126	714
1	6448	529098.859829083122	715
1	6457	529650.11769197885	716
1	6466	530074.820447154381	717
1	6479	531261.041185492687	718
1	6488	532027.256361627989	719
1	6495	532494.063805416264	720
1	6502	533269.029916590117	721
1	6511	534011.156645603516	722
1	6522	534658.505260711574	723
1	6533	535380.305952625387	724
1	6542	536263.794970465862	725
1	6547	536566.005862271451	726
1	6560	537818.841468310022	727
1	6567	538461.074877809772	728
1	6578	539225.844812532925	729
1	6583	539574.859512643927	730
1	6596	540941.596127674022	731
1	6605	541675.361667992586	732
1	6614	542466.052081855053	733
1	6619	543190.370556386227	734
1	6628	543824.901050236115	735
1	6637	544607.052697101647	736
1	6646	545454.656737670342	737
1	6659	546617.044366383964	738
1	6666	547290.390064800197	739
1	6675	548021.032405737826	740
1	6682	548474.101219698825	741
1	6693	549265.583402384113	742
1	6702	549930.646392703097	743
1	6713	550725.780203612561	744
1	6722	551528.586071776266	745
1	6727	551903.150325687642	746
1	6736	552846.234193118329	747
1	6747	553856.941597955341	748
1	6758	554752.62886066925	749
1	6767	555641.61351788793	750
1	6774	556222.266648709814	751
1	6781	556595.638956874649	752
1	6794	558257.735552452545	753
1	6799	558837.76402277876	754
1	6808	559291.400498198386	755
1	6819	560517.365529108833	756
1	6830	561398.167059570591	757
1	6835	561755.710284272249	758
1	6844	562459.891453944187	759
1	6857	562997.23952212375	760
1	6864	563770.541207911487	761
1	6871	564451.98216419671	762
1	6880	564941.799481865059	763
1	6889	565555.115409800823	764
1	6900	566519.125133799429	765
1	6909	566904.10212376159	766
1	6916	567456.217419868376	767
1	6929	568228.225660510402	768
1	6934	568652.428658818867	769
1	6943	569451.193101564463	770
1	6952	570111.273445515003	771
1	6961	570569.801638321992	772
1	6970	571686.234481120522	773
1	6979	572168.542801681946	774
1	6988	573159.772403072607	775
1	7001	573967.242183024105	776
1	7006	574339.422421669629	777
1	7019	575334.577827109065	778
1	7026	576052.167980046984	779
1	7033	576830.384274898138	780
1	7044	577485.196627769661	781
1	7053	578184.356101742056	782
1	7060	578584.84497740869	783
1	7069	579342.853663768662	784
1	7078	579945.944448094857	785
1	7089	580845.100531401155	786
1	7098	581738.920362107498	787
1	7105	582362.304254807574	788
1	7116	583464.360375283328	789
1	7123	583823.988065309865	790
1	7132	584734.760729502929	791
1	7141	585512.933630822269	792
1	7154	586819.288664124948	793
1	7163	587511.568590486464	794
1	7168	587854.3250062969	795
1	7179	588832.507260795724	796
1	7188	589269.386065285695	797
1	7197	590021.417782316027	798
1	7204	590568.733077636031	799
1	7215	591648.261504806621	800
1	7222	592126.935580791948	801
1	7231	592622.255056444597	802
1	7240	593385.445537185338	803
1	7249	594197.717173537281	804
1	7260	595163.057733932552	805
1	7267	596047.709635226098	806
1	7280	596721.864261198831	807
1	7285	597132.680294523058	808
1	7298	598215.485211415259	809
1	7305	598797.158839507071	810
1	7316	599507.554248534186	811
1	7325	600317.247585486664	812
1	7332	600828.425249084874	813
1	7343	601577.347046183466	814
1	7352	602335.03684792672	815
1	7361	603178.109231125607	816
1	7370	604012.206559209197	817
1	7377	604499.812713218897	818

