version 2
run Pipelined_3Teachers-86-20190105-10:57:37-21796
attr configname Pipelined_3Teachers
attr datetime 20190105-10:57:37
attr experiment Pipelined_3Teachers
attr inifile ../simulations/omnetpp.ini
attr iterationvars "$0=\"uniform\""
attr iterationvarsf uniform-
attr measurement "$0=\"uniform\""
attr network PipelinedExamSession
attr processid 21796
attr repetition 86
attr replication #86
attr resultdir results
attr runnumber 86
attr seedset 86
param **.teachersNumber 3
param **.answerTimeDistribution "\"uniform\""
param **.minUniform 300
param **.maxUniform 900
param **.scaleLognormal 6.2854
param **.shapeLognormal 0.4724

vector 0 PipelinedExamSession examinationTime:vector ETV
attr source examFinished
vector 1 PipelinedExamSession studentID:vector ETV
attr source student
0	3129	260331.365315616158	2067.1758501325
0	3138	261001.90596040341	2155.7323484682
0	3147	261830.162265384597	2126.7749110702
0	3156	262557.387461559874	2072.577420529
0	3167	263277.281646989313	2155.1044506021
0	3174	263964.131139731062	1981.0313546564
0	3185	264964.615919999805	2293.9786737319
0	3194	265710.508095799041	2433.2264488097
0	3201	266445.267652580542	2373.1373274699
0	3212	267195.771084213657	2231.1551642139
0	3221	267716.872205631835	2006.3641098328
0	3228	268400.935120275272	1884.1084396932
0	3235	268785.852810787065	1590.0817265734
0	3244	269462.735694274334	1745.8634886425
0	3255	270207.20571815039	1768.7890873756
0	3262	270735.294292168719	1713.7625860982
0	3273	271800.942803453683	1944.9475030415
0	3284	272496.663181856304	1772.9484134819
0	3289	272849.515123944759	1441.3724406157
0	3298	273693.352075712784	1846.980312746
0	3309	274514.584066020354	2017.920884164
0	3318	275206.68048528026	1826.7022334039
0	3325	275707.176120020479	1734.733125614
0	3336	276682.825837656885	2049.7902621981
0	3345	277150.11548618789	1674.5442586485
0	3354	278122.412839299097	2171.751842089
0	3361	278682.649097638234	1942.5074819941
0	3370	279253.698341315641	1665.5971684959
0	3379	280702.354099229008	2223.783404287
0	3390	281723.303471831634	2517.7272822708
0	3397	282169.847378600418	2077.3156547919
0	3410	283203.974803257763	2235.1697531529
0	3419	283864.887734083488	2006.5160185564
0	3424	284310.939301410719	1703.3849967644
0	3433	285046.865281881794	1842.890478624
0	3442	285988.484731921955	2123.5969978385
0	3453	286818.813269538834	2070.0226200745
0	3464	287627.145144995331	2214.5579088014
0	3471	288202.528168726742	1922.8713826742
0	3480	289116.954533709242	2208.4669288248
0	3487	289603.391098883032	1976.2459538877
0	3496	290236.267892969801	1749.3304835167
0	3505	290759.380536899	1538.6974072549
0	3514	291522.330934507801	1511.1032802612
0	3525	292891.801429213985	2268.003345374
0	3536	293816.076411679416	2620.2577176969
0	3543	294656.130299298122	2599.9310829677
0	3550	295085.538668464898	2134.9767073989
0	3563	296136.949586961447	2320.873175282
0	3570	296570.45779195617	1898.8087066915
0	3581	297415.111310826643	2017.4742886797
0	3586	297792.879405571176	1655.9298186097
0	3597	298892.81824780631	2033.2886755932
0	3604	299438.486484205379	2023.3751733787
0	3613	300078.833895502641	1890.8160015475
0	3624	301282.559397909819	2314.1301515512
0	3631	301772.495545819431	2009.2499148566
0	3642	302603.756987303525	2033.065783605
0	3651	303086.013688333362	1725.0319300219
0	3658	303984.085536003142	2064.2211489379
0	3667	305000.375530030607	2236.8889377918
0	3680	306018.557781307056	2542.0510390308
0	3687	306499.611973855674	2222.1046377439
0	3698	307295.690810261324	2138.9389144722
0	3707	307927.018429152697	1908.4606478456
0	3712	308347.98297509554	1744.4851742126
0	3725	309247.618179721787	1951.9273694605
0	3732	309844.241497060313	1917.2230679076
0	3743	310725.082948710798	1928.0618148856
0	3752	311571.347685344546	2323.7295056228
0	3761	312436.020869063242	2448.4893147368
0	3770	312953.925248421757	2228.842299711
0	3777	313470.387494238122	1899.0398088936
0	3784	314159.74827040921	1723.727401346
0	3793	315123.850146587966	2169.9248981662
0	3804	315988.404860626935	2285.1966048125
0	3813	316606.534662656515	2159.4124170486
0	3820	317141.014423314511	1829.0644153487
0	3829	317704.462431231543	1639.9199915584
0	3838	318473.69244704026	1685.9498442616
0	3851	319631.404008390413	2224.1476331837
0	3860	320516.767574613945	2297.2781119868
0	3867	321112.54576155919	2302.4293736089
0	3874	321445.270067453415	1813.866059063
0	3883	322012.008383637325	1495.2408090234
0	3892	322881.802037358315	1757.2153979447
0	3905	324030.932641401918	2355.5475365371
0	3914	324736.183673283116	2351.0683750268
0	3921	325273.087176214934	2008.4945137147
0	3930	326141.943616233797	2111.0109748319
0	3941	327124.627972394258	2388.4442991111
0	3948	327643.776110792563	2140.4338004999
0	3955	328074.558364413709	1839.0695490874
0	3964	329107.915079081461	1983.2871066872
0	3975	330100.968923326612	2127.7038751636
0	3982	330638.916603382708	1845.6692354288
0	3993	331670.404533483119	2170.9191162139
0	4000	332102.692763228	1974.0302809048
0	4009	332958.618849981606	2007.8967703041
0	4020	334117.114881612391	2309.1712963767
0	4027	334548.813890805499	1944.4428711198
0	4038	335381.523673050137	2095.5348961987
0	4047	336235.557200945945	2075.3942272626
0	4058	337174.701026547732	2314.0693588648
0	4063	337572.013735631513	1956.7400111351
0	4074	338686.480265669557	2381.9603577722
0	4083	339554.633099399539	2379.9320728518
0	4090	340115.210370300371	2178.202412976
0	4103	341052.286197105456	2281.616221508
0	4108	341454.164171638001	1850.2748128027
0	4119	342363.940337905694	2163.6683750432
0	4130	343191.125035285983	2138.8388381805
0	4137	343728.719283454153	1931.4269753639
0	4144	344229.48352438401	1825.264738407
0	4153	345003.311727382276	1812.1866920963
0	4162	345648.391031893004	1806.54268465
0	4171	346400.314345490222	1701.0652912315
0	4182	347079.934860812534	1751.2074430939
0	4191	348206.322580715675	2340.6012886204
0	4198	348720.895426673848	2001.204086747
0	4207	349190.474367979948	1668.3465257753
0	4218	350074.800402671132	1726.6345839947
0	4229	350928.96712124351	1946.11992063
0	4234	351268.853318458456	1716.1978199612
0	4243	352151.227056607637	1900.0008541625
0	4252	352644.892514124546	1715.925392881
0	4263	353642.768131010268	2017.856932478
0	4272	354311.612807912786	1900.9285260458
0	4279	354872.940015513484	2019.4730079733
0	4288	355333.497000345993	1610.9527747147
0	4299	356842.33871251348	2366.7976071127
0	4308	357417.842336325009	2164.6782921162
0	4315	357973.512524692376	2003.4972772468
0	4324	358420.038520032575	1562.4640708789
0	4333	358902.702031284606	1179.6831410844
0	4346	359797.196611762082	1725.7337072399
0	4351	360279.42589600574	1590.7015984878
0	4362	361018.75588917177	1901.8804478925
0	4369	361613.364788750222	1816.1681769881
0	4378	362170.653206342867	1756.6566500813
0	4387	362892.039276659525	1851.4396405779
0	4396	363556.349757313765	1823.0437627528
0	4407	364627.712360350452	2041.2183064967
0	4416	365346.315085329152	2010.1539036725
0	4425	366052.46547181163	2111.9645072613
0	4432	366426.09818796631	1689.2630713061
0	4441	367294.827902689613	1787.4607434031
0	4446	367935.732499044426	1655.6375873275
0	4459	368977.120863134079	1804.5382298995
0	4472	370079.204968130254	2016.4338769857
0	4481	370688.087318977379	2125.8535260335
0	4486	371325.587991764807	1920.3484053724
0	4499	372317.460176255592	2238.2552081253
0	4506	372992.192817293146	2304.1054983158
0	4515	373742.279815021941	2298.2115750667
0	4526	374591.904332488813	2274.4441562332
0	4535	375406.506923027374	2366.7556556873
0	4544	376282.208156911694	2456.018559169
0	4551	376915.179985435717	2323.2756529469
0	4560	377797.100101271682	2390.5931782443
0	4569	378258.107579173558	1975.8994222619
0	4576	378962.345730140843	1871.5327364858
0	4589	379755.804267665409	1935.4119198862
0	4596	380561.56040006321	2195.1391629875
0	4605	381096.950698737093	1930.2441137843
0	4614	381684.16597866457	1928.3617109992
0	4621	382285.759370913767	1704.5193247497
0	4634	383579.186650458762	2454.525287915
0	4639	383911.318021919617	1886.7956151254
0	4648	384874.364003213161	1988.6711967643
0	4657	385285.883420845533	1706.6967703868
0	4666	385744.089956302234	1470.3621205408
0	4677	386731.659798184449	1638.1896930747
0	4688	387643.948687892446	2136.5050145891
0	4693	388004.982029506976	1961.3245503511
0	4704	389321.505693672264	2518.8441860955
0	4711	390087.124203052411	2443.17551516
0	4720	390582.122586155349	2045.2044363599
0	4725	391028.349922969976	1591.4476894308
0	4740	392631.678089685777	2385.5105388444
0	4751	393453.908984363118	2406.7705802154
0	4756	393813.465175358618	1894.7185687255
0	4769	394802.736884309018	2032.4121627957
0	4778	395415.518786245996	1961.6098018829
0	4787	396076.98845732961	2089.2724548932
0	4794	396634.253542637491	1831.5166583285
0	4805	397518.001122633035	2102.482336387
0	4814	398374.83331002299	2297.8448526934
0	4823	399243.416992016177	2268.9057342242
0	4830	399637.398792849894	2119.3976702169
0	4837	400123.113593878265	1748.2802838553
0	4848	401468.241019221062	2224.8240272049
0	4859	402282.389029115478	2287.1818081476
0	4866	402621.376545354764	2013.6999044102
0	4873	403208.888988895382	1720.9149558563
0	4882	404209.798456309403	1927.4094271939
0	4891	404944.714857358525	1834.8426616285
0	4900	405876.221830816979	2032.910856558
0	4911	406834.16839018468	2093.8644996844
0	4922	407877.744136517907	2265.5146638863
0	4931	408505.308403400744	2150.2466415055
0	4940	409364.023103378753	2375.7868216373
0	4949	410017.935373121912	2140.191236604
0	4958	410841.356304846744	2336.047901446
0	4963	411148.836707789491	1784.8136044107
0	4972	411912.76515768845	1894.8297845665
0	4983	412708.447156101506	1867.0908512548
0	4986	413203.188876109239	1720.5341879278
0	4999	414111.492609931196	1752.0108406898
0	5012	415336.595230177085	2098.6938607413
0	5017	415735.122258821542	1787.1408607811
0	5030	416943.083156738471	2459.8062179983
0	5039	417841.80144276474	2505.2062125877
0	5044	418397.54674541768	2297.1082330216
0	5053	419188.580400031101	2245.4972432926
0	5064	420011.812330177094	2170.0108874124
0	5073	420751.223753811832	2142.4672704656
0	5080	421224.09713594247	1758.0134971999
0	5091	422411.387764150318	2366.115524713
0	5098	422779.655899526593	1872.2111118492
0	5107	423560.387043608394	1778.3477063756
0	5118	424596.004777774256	2147.369804699
0	5129	425653.123309649569	2438.1804149598
0	5138	426374.822002742481	2370.334702218
0	5145	427006.425328692463	2238.6781817302
0	5152	427349.915501615074	1696.7921919655
0	5161	428069.85290287998	1695.0309001375
0	5174	429753.131920611528	2546.186309075
0	5183	430537.969171581832	2495.3593365848
0	5188	431306.05348069225	2375.1235040836
0	5199	432085.194075526712	2332.0621549152
0	5206	432448.199832066936	1910.2306604851
0	5219	433488.22700036694	2085.9286252409
0	5226	433842.181897256567	1702.0574548747
0	5233	434496.536129247441	1597.7276420686
0	5242	435271.393400151327	1783.1663997844
0	5251	435983.880115533291	1645.4414898064
0	5260	436908.298384677663	1805.448327167
0	5271	437633.923772815659	1954.2995187454
0	5278	438313.398968009322	1838.0784655921
0	5291	439705.135513935282	2445.2274186071
0	5296	440031.825280375823	1927.3373795673
0	5309	441038.352239085405	2064.6952367853
0	5316	441464.593217661648	1759.4577037264
0	5323	442124.298007646619	1691.0907573067
0	5336	443221.566618187397	2183.214379102
0	5343	443894.055381137922	2216.2043706514
0	5350	444315.596727049023	1878.9776624646
0	5361	445518.778155371591	2297.2115371842
0	5372	446137.381261400923	2121.2606405374
0	5381	446785.963611491069	1966.1655080505
0	5390	447479.431716073349	1793.8998468686
0	5397	447861.570991762027	1724.1897303611
0	5406	448491.363411443353	1705.3997999523
0	5413	449077.876254636839	1598.4445385635
0	5422	449895.374837145254	1893.8329730183
0	5433	450929.189829854339	2129.7720237169
0	5440	451266.458430653482	1599.115276197
0	5453	452728.345557069451	2318.1774725206
0	5462	453618.892255704895	2643.1516878773
0	5469	454210.580777423501	2350.1201910898
0	5476	455121.667711576492	2393.322154507
0	5485	455648.872646782592	2029.9803910777
0	5494	456424.575865734414	1936.4223739598
0	5503	457267.206093063623	2021.0808841512
0	5514	457855.887579498857	1717.7822794765
0	5521	458744.761935062752	2158.1794114318
0	5534	459721.370238997088	2324.0866951179
0	5541	460488.030382432089	2392.6004789304
0	5548	460974.911230243788	2097.2211793531
0	5559	462010.096833156467	2288.7265941594
0	5570	462760.636993171693	2183.7728361133
0	5579	463330.711959768133	2085.4039537255
0	5584	463675.011847866745	1607.6903612819
0	5597	464915.231255907612	2154.5942627359
0	5606	465695.034775743308	2364.3228159752
0	5615	466544.700611103373	2427.2105243057
0	5624	467290.273932740139	2375.0426768325
0	5633	467965.465080924379	2270.4303051811
0	5642	468856.087075453299	2311.3864643499
0	5651	469524.038144666749	2233.7642119266
0	5656	469912.508529145318	1947.0434482209
0	5667	471133.696078229743	2277.6090027764
0	5676	471768.995583336848	2244.9574386701
0	5683	472246.168232895482	1848.2685453258
0	5692	472879.508740408393	1745.3663441353
0	5701	474068.623786373112	2154.8534293659
0	5710	474595.945578860166	1843.631559005
0	5719	475302.323038643272	1721.789400978
0	5732	476655.247013457167	2371.3194700889
0	5741	477547.006653528708	2410.6255479623
0	5748	477963.11904620384	2148.0411166325
0	5755	478320.979283982936	1665.7322705258
0	5764	478873.60267457557	1326.5960210469
0	5777	479640.997202927294	1507.9886836465
0	5784	480442.048439662951	1602.2968000732
0	5793	481118.372794194195	1880.8902793564
0	5804	482035.972357867333	2394.97515494
0	5813	482774.275951786014	2301.0552832391
0	5820	483484.771018987569	2309.8848612048
0	5829	484165.390617772984	2129.4182599057
0	5836	484928.741326974753	2154.4653751887
0	5845	485388.007058249834	1853.3026388381
0	5858	486728.881133487495	2492.5145858433
0	5867	487479.523980896967	2394.9759882409
0	5872	487944.26242355262	2114.719817508
0	5883	488682.759475847753	1953.8783423603
0	5890	489109.116400452378	1629.5924195554
0	5899	489817.74892103863	1728.9802013431
0	5910	490636.297420738312	1673.6164896749
0	5921	491533.16073445608	2087.6154262573
0	5926	491845.782209420624	1853.8792704698
0	5937	493102.218323433819	2393.8607749064
0	5948	493820.87828563531	2287.7175511792
0	5953	494377.782175038057	2082.5707842596
0	5962	495030.179102160084	1907.0874801837
0	5973	496069.082907121675	2248.2046214864
0	5980	496482.426841277676	1814.1213307623
0	5991	497713.043947191956	2161.7141421419
0	5998	498094.587082089903	1683.7150870822
0	6003	498520.272899698513	1600.3908898216
0	6018	499831.939649255993	2104.5324103441
0	6027	500705.818097060593	2134.7753348295
0	6034	501149.181584548252	1729.4462710619
0	6047	502793.265883298637	2524.0345712285
0	6056	503654.168143635662	2543.6304006726
0	6061	504192.564503755467	2204.645719612
0	6074	505179.736564401584	2386.4706811029
0	6083	505827.509616036015	2173.3414724004
0	6088	506194.81760174972	1875.2340087667
0	6097	507098.989978758665	1919.2534143571
0	6110	508139.725441485691	2312.2158254497
0	6115	508517.067033005926	1797.1025777981
0	6124	509027.091281628284	1741.890139645
0	6137	510336.210775561678	2196.485334076
0	6146	511086.891140509444	2283.4585029166
0	6153	511566.539500700357	1961.7963314988
0	6164	512085.691689373972	1749.4809138123
0	6169	512511.839947057935	1424.9488065485
0	6178	513191.779905650811	1522.5628810935
0	6183	513727.259451895999	1641.567762522
0	6200	514929.28707436663	2052.0838308614
0	6207	515626.677558012352	1871.5668991674
0	6216	516208.887756988452	1823.1013251934
0	6227	517062.130537675739	2132.8434633091
0	6234	517552.128714183391	1856.1871596146
0	6241	517945.323256496386	1529.4280105736
0	6250	518700.230605714069	1638.1000680383
0	6261	519282.326532946945	1613.3328349795
0	6272	520122.946498263673	1994.5441315882
0	6279	520889.825261430861	1939.6565563045
0	6286	521276.618441473739	1958.8039317168
0	6295	522028.828544123143	1905.8820458595
0	6306	523078.819550760136	2176.6680455301
0	6315	523687.942418362991	1968.0941333994
0	6322	524468.433524714828	2026.2011939194
0	6335	525487.010267330379	2392.5449827686
0	6344	526180.491467937873	2210.2609931957
0	6349	526537.022744212346	1832.6208831277
0	6362	527715.301642566965	2228.2913752366
0	6369	528570.814107824163	2390.3226398863
0	6380	529416.070260945754	2387.9810659681
0	6389	530005.356739601167	2290.0550970342
0	6394	530394.574894895824	1783.6285805795
0	6407	531488.293403433683	2072.2231424879
0	6416	532230.531590106013	2225.1748505048
0	6425	532995.270150667104	2240.8530869521
0	6434	533706.908647622961	2218.6152441893
0	6443	534381.025076285053	2150.493486179
0	6448	534710.899303061936	1715.6291523948
0	6457	535588.806024240379	1881.8973766174
0	6468	536542.674575932373	2161.6494996473
0	6479	537637.306095287253	2436.3385670353
0	6486	538252.45518120942	2345.9307946265
0	6493	538659.994015842726	1856.4068254083
0	6502	539448.569419607569	1811.2633243203
0	6513	540739.407064206948	2358.0744807143
0	6522	541278.425459750046	2104.1548064444
0	6529	541989.669498475318	1955.2473021671
0	6542	542910.542192263579	2041.0801927093
0	6549	543348.588436609184	1866.8572586495
0	6556	544146.609416976621	1912.6030845568
0	6565	544951.048601372218	2040.5064091086
0	6578	545966.361888404985	2351.9067208283
0	6587	546600.770313944717	2290.1343047619
0	6592	546938.597957650249	1814.9610249326
0	6601	547758.479536604186	1792.1176481992
0	6614	549017.236922867647	2416.4666089229
0	6619	549320.843552285856	1886.6054268088
0	6630	549903.60698523005	1727.1475831512
0	6639	550820.298512606001	1803.0615897384
0	6646	551186.283302167481	1741.137031652
0	6655	551897.87218105053	1641.1537572742
0	6664	552990.109251206792	1942.1099822503
0	6675	553802.999985963157	1984.7572082654
0	6682	554348.547386890328	2081.5778158139
0	6695	555399.378968915022	2250.2159547061
0	6702	556071.937096165544	2117.3405676149
0	6711	556847.259250050462	2197.0865827985
0	6722	557662.085886905021	2262.70691799
0	6727	558220.50292203208	2122.3102664575
0	6740	559138.92281362792	2227.0952987485
0	6745	559601.056585740349	1938.9706988353
0	6754	560159.663788368976	1741.3685380016
0	6763	561169.440896809152	2030.5180831812
0	6776	562031.553105404652	2171.4284684043
0	6785	562777.285896241716	2226.5128113795
0	6794	563643.179561896301	2204.352397006
0	6801	564080.12496829038	2048.5718628857
0	6812	564966.80410844279	2189.5182122011
0	6817	565331.357515510223	1688.1779536139
0	6826	565975.008051004312	1736.1217655707
0	6835	566857.694640476308	1890.8905320335
0	6848	567852.267087064735	2257.623778889
0	6855	568535.69726329302	2068.5775503516
0	6866	569459.484005207248	2271.5789532289
0	6871	570078.45020326791	2226.1831162032
0	6882	570762.783194147102	2093.3654251043
0	6893	571695.844025490857	2236.3600202836
0	6898	572156.058345688558	1800.7231777534
0	6911	573073.223346099309	1867.0533884782
0	6916	573441.554360417701	1745.7103349268
0	6929	574183.957288367726	1961.3401941955
0	6936	574739.047818956949	1665.8244728576
0	6945	575507.581232814171	1893.7887745444
0	6952	575827.640988864057	1643.6837004963
0	6961	576524.069840228238	1697.614955809
0	6970	577615.109650651046	1907.1720263455
0	6981	578078.859581518971	1632.8305807896
0	6992	578998.463220801257	1921.5949191246
0	6997	579445.295592863165	1709.7121807281
0	7006	580213.518789690041	1927.8653485235
0	7015	581240.064408956149	2241.6011881549
0	7024	581836.920653795877	1941.2436284591
0	7037	582561.772188451194	1845.7291265018
0	7044	583229.93240291258	1776.193744177
0	7051	583702.041939552926	1679.9838771578
0	7064	584785.45284722937	2223.6806587782
0	7071	585451.066587958538	2111.3432656042
0	7078	586194.143285136723	2143.2657462079
0	7091	587194.293662952312	2408.8408157229
0	7098	587676.290617603861	2122.0532566309
0	7105	588120.666301902436	1724.8822887428
0	7114	588992.315014544927	1798.0213515926
0	7123	589730.556063260936	1797.2665289417
0	7136	590795.598726952501	2111.7168697994
0	7145	591553.464745916479	2413.5453501251
0	7154	592429.453166574293	2406.4788789488
0	7163	593131.475293915772	2335.8765669633
0	7172	593951.778856571817	2398.3141106553
0	7179	594676.687825005555	2247.2346584313
0	7190	595418.514792155528	2287.0394982398
0	7197	595860.82290541386	1909.044048842
0	7208	596641.845720866748	1865.3345793486
0	7215	597018.224735884049	1599.7099437285
0	7226	598040.459584817343	2123.924176069
0	7235	598827.084190445074	2185.2384695783
0	7242	599376.217339513877	2031.1799703632
0	7251	600424.660970130988	2384.2013853136
0	7258	600821.575257182174	1994.4910667371
0	7271	601938.325080229022	2247.5289249793
0	7278	602488.255265448295	2008.022637153
0	7285	602790.096857305669	1703.7975214887
0	7296	603907.63615742331	1969.3110771943
0	7307	604451.640778966301	1919.2822391633
1	3129	260331.365315616158	346
1	3138	261001.90596040341	347
1	3147	261830.162265384597	348
1	3156	262557.387461559874	349
1	3167	263277.281646989313	350
1	3174	263964.131139731062	351
1	3185	264964.615919999805	352
1	3194	265710.508095799041	353
1	3201	266445.267652580542	354
1	3212	267195.771084213657	355
1	3221	267716.872205631835	356
1	3228	268400.935120275272	357
1	3235	268785.852810787065	358
1	3244	269462.735694274334	359
1	3255	270207.20571815039	360
1	3262	270735.294292168719	361
1	3273	271800.942803453683	362
1	3284	272496.663181856304	363
1	3289	272849.515123944759	364
1	3298	273693.352075712784	365
1	3309	274514.584066020354	366
1	3318	275206.68048528026	367
1	3325	275707.176120020479	368
1	3336	276682.825837656885	369
1	3345	277150.11548618789	370
1	3354	278122.412839299097	371
1	3361	278682.649097638234	372
1	3370	279253.698341315641	373
1	3379	280702.354099229008	374
1	3390	281723.303471831634	375
1	3397	282169.847378600418	376
1	3410	283203.974803257763	377
1	3419	283864.887734083488	378
1	3424	284310.939301410719	379
1	3433	285046.865281881794	380
1	3442	285988.484731921955	381
1	3453	286818.813269538834	382
1	3464	287627.145144995331	383
1	3471	288202.528168726742	384
1	3480	289116.954533709242	385
1	3487	289603.391098883032	386
1	3496	290236.267892969801	387
1	3505	290759.380536899	388
1	3514	291522.330934507801	389
1	3525	292891.801429213985	390
1	3536	293816.076411679416	391
1	3543	294656.130299298122	392
1	3550	295085.538668464898	393
1	3563	296136.949586961447	394
1	3570	296570.45779195617	395
1	3581	297415.111310826643	396
1	3586	297792.879405571176	397
1	3597	298892.81824780631	398
1	3604	299438.486484205379	399
1	3613	300078.833895502641	400
1	3624	301282.559397909819	401
1	3631	301772.495545819431	402
1	3642	302603.756987303525	403
1	3651	303086.013688333362	404
1	3658	303984.085536003142	405
1	3667	305000.375530030607	406
1	3680	306018.557781307056	407
1	3687	306499.611973855674	408
1	3698	307295.690810261324	409
1	3707	307927.018429152697	410
1	3712	308347.98297509554	411
1	3725	309247.618179721787	412
1	3732	309844.241497060313	413
1	3743	310725.082948710798	414
1	3752	311571.347685344546	415
1	3761	312436.020869063242	416
1	3770	312953.925248421757	417
1	3777	313470.387494238122	418
1	3784	314159.74827040921	419
1	3793	315123.850146587966	420
1	3804	315988.404860626935	421
1	3813	316606.534662656515	422
1	3820	317141.014423314511	423
1	3829	317704.462431231543	424
1	3838	318473.69244704026	425
1	3851	319631.404008390413	426
1	3860	320516.767574613945	427
1	3867	321112.54576155919	428
1	3874	321445.270067453415	429
1	3883	322012.008383637325	430
1	3892	322881.802037358315	431
1	3905	324030.932641401918	432
1	3914	324736.183673283116	433
1	3921	325273.087176214934	434
1	3930	326141.943616233797	435
1	3941	327124.627972394258	436
1	3948	327643.776110792563	437
1	3955	328074.558364413709	438
1	3964	329107.915079081461	439
1	3975	330100.968923326612	440
1	3982	330638.916603382708	441
1	3993	331670.404533483119	442
1	4000	332102.692763228	443
1	4009	332958.618849981606	444
1	4020	334117.114881612391	445
1	4027	334548.813890805499	446
1	4038	335381.523673050137	447
1	4047	336235.557200945945	448
1	4058	337174.701026547732	449
1	4063	337572.013735631513	450
1	4074	338686.480265669557	451
1	4083	339554.633099399539	452
1	4090	340115.210370300371	453
1	4103	341052.286197105456	454
1	4108	341454.164171638001	455
1	4119	342363.940337905694	456
1	4130	343191.125035285983	457
1	4137	343728.719283454153	458
1	4144	344229.48352438401	459
1	4153	345003.311727382276	460
1	4162	345648.391031893004	461
1	4171	346400.314345490222	462
1	4182	347079.934860812534	463
1	4191	348206.322580715675	464
1	4198	348720.895426673848	465
1	4207	349190.474367979948	466
1	4218	350074.800402671132	467
1	4229	350928.96712124351	468
1	4234	351268.853318458456	469
1	4243	352151.227056607637	470
1	4252	352644.892514124546	471
1	4263	353642.768131010268	472
1	4272	354311.612807912786	473
1	4279	354872.940015513484	474
1	4288	355333.497000345993	475
1	4299	356842.33871251348	476
1	4308	357417.842336325009	477
1	4315	357973.512524692376	478
1	4324	358420.038520032575	479
1	4333	358902.702031284606	480
1	4346	359797.196611762082	481
1	4351	360279.42589600574	482
1	4362	361018.75588917177	483
1	4369	361613.364788750222	484
1	4378	362170.653206342867	485
1	4387	362892.039276659525	486
1	4396	363556.349757313765	487
1	4407	364627.712360350452	488
1	4416	365346.315085329152	489
1	4425	366052.46547181163	490
1	4432	366426.09818796631	491
1	4441	367294.827902689613	492
1	4446	367935.732499044426	493
1	4459	368977.120863134079	494
1	4472	370079.204968130254	495
1	4481	370688.087318977379	496
1	4486	371325.587991764807	497
1	4499	372317.460176255592	498
1	4506	372992.192817293146	499
1	4515	373742.279815021941	500
1	4526	374591.904332488813	501
1	4535	375406.506923027374	502
1	4544	376282.208156911694	503
1	4551	376915.179985435717	504
1	4560	377797.100101271682	505
1	4569	378258.107579173558	506
1	4576	378962.345730140843	507
1	4589	379755.804267665409	508
1	4596	380561.56040006321	509
1	4605	381096.950698737093	510
1	4614	381684.16597866457	511
1	4621	382285.759370913767	512
1	4634	383579.186650458762	513
1	4639	383911.318021919617	514
1	4648	384874.364003213161	515
1	4657	385285.883420845533	516
1	4666	385744.089956302234	517
1	4677	386731.659798184449	518
1	4688	387643.948687892446	519
1	4693	388004.982029506976	520
1	4704	389321.505693672264	521
1	4711	390087.124203052411	522
1	4720	390582.122586155349	523
1	4725	391028.349922969976	524
1	4740	392631.678089685777	525
1	4751	393453.908984363118	526
1	4756	393813.465175358618	527
1	4769	394802.736884309018	528
1	4778	395415.518786245996	529
1	4787	396076.98845732961	530
1	4794	396634.253542637491	531
1	4805	397518.001122633035	532
1	4814	398374.83331002299	533
1	4823	399243.416992016177	534
1	4830	399637.398792849894	535
1	4837	400123.113593878265	536
1	4848	401468.241019221062	537
1	4859	402282.389029115478	538
1	4866	402621.376545354764	539
1	4873	403208.888988895382	540
1	4882	404209.798456309403	541
1	4891	404944.714857358525	542
1	4900	405876.221830816979	543
1	4911	406834.16839018468	544
1	4922	407877.744136517907	545
1	4931	408505.308403400744	546
1	4940	409364.023103378753	547
1	4949	410017.935373121912	548
1	4958	410841.356304846744	549
1	4963	411148.836707789491	550
1	4972	411912.76515768845	551
1	4983	412708.447156101506	552
1	4986	413203.188876109239	553
1	4999	414111.492609931196	554
1	5012	415336.595230177085	555
1	5017	415735.122258821542	556
1	5030	416943.083156738471	557
1	5039	417841.80144276474	558
1	5044	418397.54674541768	559
1	5053	419188.580400031101	560
1	5064	420011.812330177094	561
1	5073	420751.223753811832	562
1	5080	421224.09713594247	563
1	5091	422411.387764150318	564
1	5098	422779.655899526593	565
1	5107	423560.387043608394	566
1	5118	424596.004777774256	567
1	5129	425653.123309649569	568
1	5138	426374.822002742481	569
1	5145	427006.425328692463	570
1	5152	427349.915501615074	571
1	5161	428069.85290287998	572
1	5174	429753.131920611528	573
1	5183	430537.969171581832	574
1	5188	431306.05348069225	575
1	5199	432085.194075526712	576
1	5206	432448.199832066936	577
1	5219	433488.22700036694	578
1	5226	433842.181897256567	579
1	5233	434496.536129247441	580
1	5242	435271.393400151327	581
1	5251	435983.880115533291	582
1	5260	436908.298384677663	583
1	5271	437633.923772815659	584
1	5278	438313.398968009322	585
1	5291	439705.135513935282	586
1	5296	440031.825280375823	587
1	5309	441038.352239085405	588
1	5316	441464.593217661648	589
1	5323	442124.298007646619	590
1	5336	443221.566618187397	591
1	5343	443894.055381137922	592
1	5350	444315.596727049023	593
1	5361	445518.778155371591	594
1	5372	446137.381261400923	595
1	5381	446785.963611491069	596
1	5390	447479.431716073349	597
1	5397	447861.570991762027	598
1	5406	448491.363411443353	599
1	5413	449077.876254636839	600
1	5422	449895.374837145254	601
1	5433	450929.189829854339	602
1	5440	451266.458430653482	603
1	5453	452728.345557069451	604
1	5462	453618.892255704895	605
1	5469	454210.580777423501	606
1	5476	455121.667711576492	607
1	5485	455648.872646782592	608
1	5494	456424.575865734414	609
1	5503	457267.206093063623	610
1	5514	457855.887579498857	611
1	5521	458744.761935062752	612
1	5534	459721.370238997088	613
1	5541	460488.030382432089	614
1	5548	460974.911230243788	615
1	5559	462010.096833156467	616
1	5570	462760.636993171693	617
1	5579	463330.711959768133	618
1	5584	463675.011847866745	619
1	5597	464915.231255907612	620
1	5606	465695.034775743308	621
1	5615	466544.700611103373	622
1	5624	467290.273932740139	623
1	5633	467965.465080924379	624
1	5642	468856.087075453299	625
1	5651	469524.038144666749	626
1	5656	469912.508529145318	627
1	5667	471133.696078229743	628
1	5676	471768.995583336848	629
1	5683	472246.168232895482	630
1	5692	472879.508740408393	631
1	5701	474068.623786373112	632
1	5710	474595.945578860166	633
1	5719	475302.323038643272	634
1	5732	476655.247013457167	635
1	5741	477547.006653528708	636
1	5748	477963.11904620384	637
1	5755	478320.979283982936	638
1	5764	478873.60267457557	639
1	5777	479640.997202927294	640
1	5784	480442.048439662951	641
1	5793	481118.372794194195	642
1	5804	482035.972357867333	643
1	5813	482774.275951786014	644
1	5820	483484.771018987569	645
1	5829	484165.390617772984	646
1	5836	484928.741326974753	647
1	5845	485388.007058249834	648
1	5858	486728.881133487495	649
1	5867	487479.523980896967	650
1	5872	487944.26242355262	651
1	5883	488682.759475847753	652
1	5890	489109.116400452378	653
1	5899	489817.74892103863	654
1	5910	490636.297420738312	655
1	5921	491533.16073445608	656
1	5926	491845.782209420624	657
1	5937	493102.218323433819	658
1	5948	493820.87828563531	659
1	5953	494377.782175038057	660
1	5962	495030.179102160084	661
1	5973	496069.082907121675	662
1	5980	496482.426841277676	663
1	5991	497713.043947191956	664
1	5998	498094.587082089903	665
1	6003	498520.272899698513	666
1	6018	499831.939649255993	667
1	6027	500705.818097060593	668
1	6034	501149.181584548252	669
1	6047	502793.265883298637	670
1	6056	503654.168143635662	671
1	6061	504192.564503755467	672
1	6074	505179.736564401584	673
1	6083	505827.509616036015	674
1	6088	506194.81760174972	675
1	6097	507098.989978758665	676
1	6110	508139.725441485691	677
1	6115	508517.067033005926	678
1	6124	509027.091281628284	679
1	6137	510336.210775561678	680
1	6146	511086.891140509444	681
1	6153	511566.539500700357	682
1	6164	512085.691689373972	683
1	6169	512511.839947057935	684
1	6178	513191.779905650811	685
1	6183	513727.259451895999	686
1	6200	514929.28707436663	687
1	6207	515626.677558012352	688
1	6216	516208.887756988452	689
1	6227	517062.130537675739	690
1	6234	517552.128714183391	691
1	6241	517945.323256496386	692
1	6250	518700.230605714069	693
1	6261	519282.326532946945	694
1	6272	520122.946498263673	695
1	6279	520889.825261430861	696
1	6286	521276.618441473739	697
1	6295	522028.828544123143	698
1	6306	523078.819550760136	699
1	6315	523687.942418362991	700
1	6322	524468.433524714828	701
1	6335	525487.010267330379	702
1	6344	526180.491467937873	703
1	6349	526537.022744212346	704
1	6362	527715.301642566965	705
1	6369	528570.814107824163	706
1	6380	529416.070260945754	707
1	6389	530005.356739601167	708
1	6394	530394.574894895824	709
1	6407	531488.293403433683	710
1	6416	532230.531590106013	711
1	6425	532995.270150667104	712
1	6434	533706.908647622961	713
1	6443	534381.025076285053	714
1	6448	534710.899303061936	715
1	6457	535588.806024240379	716
1	6468	536542.674575932373	717
1	6479	537637.306095287253	718
1	6486	538252.45518120942	719
1	6493	538659.994015842726	720
1	6502	539448.569419607569	721
1	6513	540739.407064206948	722
1	6522	541278.425459750046	723
1	6529	541989.669498475318	724
1	6542	542910.542192263579	725
1	6549	543348.588436609184	726
1	6556	544146.609416976621	727
1	6565	544951.048601372218	728
1	6578	545966.361888404985	729
1	6587	546600.770313944717	730
1	6592	546938.597957650249	731
1	6601	547758.479536604186	732
1	6614	549017.236922867647	733
1	6619	549320.843552285856	734
1	6630	549903.60698523005	735
1	6639	550820.298512606001	736
1	6646	551186.283302167481	737
1	6655	551897.87218105053	738
1	6664	552990.109251206792	739
1	6675	553802.999985963157	740
1	6682	554348.547386890328	741
1	6695	555399.378968915022	742
1	6702	556071.937096165544	743
1	6711	556847.259250050462	744
1	6722	557662.085886905021	745
1	6727	558220.50292203208	746
1	6740	559138.92281362792	747
1	6745	559601.056585740349	748
1	6754	560159.663788368976	749
1	6763	561169.440896809152	750
1	6776	562031.553105404652	751
1	6785	562777.285896241716	752
1	6794	563643.179561896301	753
1	6801	564080.12496829038	754
1	6812	564966.80410844279	755
1	6817	565331.357515510223	756
1	6826	565975.008051004312	757
1	6835	566857.694640476308	758
1	6848	567852.267087064735	759
1	6855	568535.69726329302	760
1	6866	569459.484005207248	761
1	6871	570078.45020326791	762
1	6882	570762.783194147102	763
1	6893	571695.844025490857	764
1	6898	572156.058345688558	765
1	6911	573073.223346099309	766
1	6916	573441.554360417701	767
1	6929	574183.957288367726	768
1	6936	574739.047818956949	769
1	6945	575507.581232814171	770
1	6952	575827.640988864057	771
1	6961	576524.069840228238	772
1	6970	577615.109650651046	773
1	6981	578078.859581518971	774
1	6992	578998.463220801257	775
1	6997	579445.295592863165	776
1	7006	580213.518789690041	777
1	7015	581240.064408956149	778
1	7024	581836.920653795877	779
1	7037	582561.772188451194	780
1	7044	583229.93240291258	781
1	7051	583702.041939552926	782
1	7064	584785.45284722937	783
1	7071	585451.066587958538	784
1	7078	586194.143285136723	785
1	7091	587194.293662952312	786
1	7098	587676.290617603861	787
1	7105	588120.666301902436	788
1	7114	588992.315014544927	789
1	7123	589730.556063260936	790
1	7136	590795.598726952501	791
1	7145	591553.464745916479	792
1	7154	592429.453166574293	793
1	7163	593131.475293915772	794
1	7172	593951.778856571817	795
1	7179	594676.687825005555	796
1	7190	595418.514792155528	797
1	7197	595860.82290541386	798
1	7208	596641.845720866748	799
1	7215	597018.224735884049	800
1	7226	598040.459584817343	801
1	7235	598827.084190445074	802
1	7242	599376.217339513877	803
1	7251	600424.660970130988	804
1	7258	600821.575257182174	805
1	7271	601938.325080229022	806
1	7278	602488.255265448295	807
1	7285	602790.096857305669	808
1	7296	603907.63615742331	809
1	7307	604451.640778966301	810

