version 2
run Pipelined_3Teachers-15-20190105-10:57:21-396
attr configname Pipelined_3Teachers
attr datetime 20190105-10:57:21
attr experiment Pipelined_3Teachers
attr inifile ../simulations/omnetpp.ini
attr iterationvars "$0=\"uniform\""
attr iterationvarsf uniform-
attr measurement "$0=\"uniform\""
attr network PipelinedExamSession
attr processid 396
attr repetition 15
attr replication #15
attr resultdir results
attr runnumber 15
attr seedset 15
param **.teachersNumber 3
param **.answerTimeDistribution "\"uniform\""
param **.minUniform 300
param **.maxUniform 900
param **.scaleLognormal 6.2854
param **.shapeLognormal 0.4724

vector 0 PipelinedExamSession examinationTime:vector ETV
attr source examFinished
vector 1 PipelinedExamSession studentID:vector ETV
attr source student
0	3176	260552.91399029085	2123.2178847771
0	3181	260864.219418028384	1796.8546965625
0	3190	261482.949829380974	1801.0547419544
0	3203	262467.842417350053	1914.9284270592
0	3208	262816.090879356503	1816.3947739173
0	3219	263552.531986171394	1671.4345310815
0	3230	264299.549238011255	1831.7068206612
0	3239	265149.977136729299	2102.2229596507
0	3246	265977.275060070693	2325.9696006775
0	3255	266588.859914895161	2289.3106768839
0	3266	267600.50067356789	2450.5235368386
0	3271	267946.74039948733	1968.1988490745
0	3280	268783.040377311422	2007.9102006275
0	3293	269821.671267505749	2221.1705939379
0	3300	270286.242127977325	1898.3669087291
0	3309	271039.17900072412	1825.6111310329
0	3316	271539.221532968818	1717.5502654631
0	3325	272182.93635277079	1665.5147931073
0	3336	272996.573344152435	1786.1773890909
0	3345	273439.022856066018	1648.3475270681
0	3352	273996.368990046918	1641.8266296387
0	3363	274865.685286000385	1813.2393280976
0	3370	275171.879910305156	1599.137662584
0	3379	276142.62128407137	1808.4217195865
0	3390	277035.813289554804	1925.2464431338
0	3399	277767.374802846476	2132.2717096657
0	3408	278320.910897618174	1894.1844140645
0	3415	278929.960388923078	1673.8774025347
0	3428	280006.15237844178	2150.9554206859
0	3437	280707.266171928509	2284.6177870408
0	3442	281266.532122576623	2011.4975821227
0	3453	282027.508605038761	2021.356226597
0	3462	282711.146973771988	2003.8808018435
0	3471	283317.399892536937	1773.3415958472
0	3478	283892.497593769817	1692.9560860153
0	3489	284865.067556686713	2142.8767267149
0	3496	285228.591644950225	1741.8277978431
0	3507	286250.194505648702	2026.8169837072
0	3518	286858.037076797351	1842.1124992892
0	3525	287272.712698252886	1676.9828565884
0	3536	287881.209665257498	1405.0502886996
0	3545	288761.638921313002	1903.6018445157
0	3550	289086.334671825185	1648.5587427858
0	3563	290380.013062851518	2498.803397594
0	3570	291083.224209817141	2321.5852885041
0	3579	291642.423940356835	2147.9674912523
0	3586	292028.47016374582	1648.4571008943
0	3597	293004.229099955424	1916.4264512714
0	3606	293975.718751363471	2251.3609075919
0	3613	294370.374872256085	2040.9165546298
0	3622	294971.948094153791	1803.6095472984
0	3635	296239.725443674266	2186.464648135
0	3642	296915.081454953193	2124.6541410685
0	3651	297604.841118631899	2119.0281214658
0	3662	298366.241535404712	2126.5160917304
0	3671	298839.868457196295	1869.19370424
0	3678	299418.930608220413	1652.915506158
0	3685	299879.361483408153	1513.1199480034
0	3698	300906.721670553103	2066.8532133568
0	3707	301607.139612128973	2027.909620665
0	3714	302010.767984949067	1622.8256845381
0	3721	302499.63207431139	1592.9104037583
0	3730	303538.604705734193	1931.4650936052
0	3743	304274.366169702277	2009.4240908045
0	3748	304693.812789022938	1713.2951927371
0	3757	305669.387911492974	1958.1051722635
0	3766	306021.523278672264	1747.15710897
0	3777	307187.55853772165	2108.9998581447
0	3786	307791.012895479815	2081.5808563493
0	3795	308497.623582417162	1949.6630677488
0	3806	309135.882626893016	1721.2389220018
0	3811	309438.931161956879	1432.2662999388
0	3820	310194.019579701143	1542.3730310518
0	3829	311034.80534115808	1898.9227142651
0	3840	311862.045843713004	2211.1806820147
0	3849	312566.297453362513	2089.5137194544
0	3858	313357.408158620838	2021.7604779638
0	3867	313859.894268773515	1804.2411689647
0	3874	314217.92245809922	1634.6459039021
0	3885	315179.95503991844	1783.4285450634
0	3892	315617.568558873626	1512.0357342996
0	3901	316613.63717364149	2004.6864276286
0	3910	317343.164004525187	2083.0331989098
0	3919	318139.721557823958	2053.9796033408
0	3930	319162.524818396213	2209.3212030362
0	3941	319858.961267117428	2062.8815643489
0	3950	320692.353205522539	2103.1659718137
0	3955	321105.397598259168	1773.5668601934
0	3964	321721.269459882768	1862.3081927653
0	3977	322650.324473949166	1957.9712684266
0	3982	323171.252876613306	1650.4312681966
0	3993	323750.236396025883	1877.4455679115
0	4000	324432.077781530114	1781.7533075809
0	4009	325303.425286291185	1988.1589304656
0	4018	325900.597592862341	1784.5543782692
0	4031	326685.152465198208	1993.0506675504
0	4036	327059.724990371634	1703.4103451762
0	4049	328287.315089721252	2232.8941670246
0	4056	328692.194904573281	2007.0424393751
0	4063	329309.157915366833	1851.2764146086
0	4074	330077.038425905649	1789.7233361844
0	4083	330912.754884269108	1776.6222246923
0	4090	331314.119431329911	1767.5187748857
0	4101	332065.012647444403	1887.5478371512
0	4110	332701.645336160457	1709.0555854607
0	4119	333328.910150751492	1715.6665640417
0	4128	333937.771390238797	1748.62820087
0	4139	334839.896975783652	2022.4361839704
0	4146	335589.481954369715	2122.0431947149
0	4153	336022.286101710072	1744.2857111804
0	4164	336973.680315027035	2133.7833392434
0	4171	337519.39333677294	1831.3259029761
0	4182	338719.947081198936	2241.4183179382
0	4189	339625.924176815917	2404.1564143728
0	4202	340447.319687576985	2471.995190531
0	4209	341025.786167616045	2211.459830543
0	4216	341784.570254338925	2076.8326472025
0	4229	342958.111906936413	2510.7922193594
0	4234	343557.236755359939	2318.6364307534
0	4245	344545.470789168051	2411.7279205006
0	4256	345333.507535234115	2375.3956282977
0	4261	345798.009195830694	2094.3591210991
0	4272	346583.669403567931	2002.32264488
0	4279	347058.39987974616	1724.892344512
0	4288	347406.946118082873	1319.7725494858
0	4297	348263.670843886233	1600.9364314377
0	4310	349359.843077044955	2047.8311226703
0	4315	349893.221391784048	1862.962341914
0	4328	350965.829881047851	2446.6351835523
0	4335	351306.125239748529	1946.2821627036
0	4338	351668.698187498397	1410.8342496213
0	4347	352429.806005582235	1463.9761245344
0	4362	354173.890117043651	2386.8799230549
0	4371	355065.707319555826	2421.832791483
0	4378	355439.671331131852	1954.7180288471
0	4383	355930.166623787975	1615.8975474536
0	4396	357156.432555802188	2079.6320016962
0	4409	358129.411106184146	2193.5610453598
0	4418	358925.316166877768	2092.0777407009
0	4427	359817.741938726998	2488.1640780251
0	4434	360171.850514458514	2042.4394082744
0	4443	361411.426079599208	2486.1099127214
0	4450	361853.49043258468	2035.7484938577
0	4459	362884.504415234573	2252.3549074307
0	4468	363389.6422327962	1888.6231369805
0	4477	363962.339965626619	1621.3061762508
0	4486	364622.398404870205	1521.9487641938
0	4495	365305.042075412371	1718.3939198032
0	4508	366065.35449754449	1596.520116739
0	4515	366495.312242908426	1482.8350677621
0	4524	367410.849158931546	1964.4539079163
0	4533	368289.859145181276	2224.5046476368
0	4544	369159.453678410523	2349.6993854642
0	4551	369577.265461580851	2104.3880282901
0	4562	370893.885404616617	2559.2186857481
0	4567	371211.468251561769	2052.0145731512
0	4580	372494.652785640233	2454.8677488696
0	4587	372989.59901640194	2095.7136117853
0	4594	373481.284784758487	1851.3161653653
0	4603	374025.467714807042	1530.8149291668
0	4612	374795.286937197694	1710.2240353357
0	4621	375503.35729317742	1884.9601528142
0	4634	376682.650527963439	2178.0702563468
0	4641	377343.879753956595	2021.6640524101
0	4650	377851.228591846326	1915.6593759544
0	4659	378606.984935374955	1924.3344074115
0	4666	379265.028046863178	1892.1937745064
0	4677	380019.99458461071	2151.1136027053
0	4688	381148.706068703929	2401.8235743977
0	4695	381543.614204507345	2096.9557960052
0	4702	382084.69363865445	1740.2329657227
0	4711	382814.161060005452	1665.4549913015
0	4720	383538.128361571605	1860.7240049634
0	4729	384500.052758166591	1953.201792296
0	4742	385559.866790520051	2130.409944104
0	4751	386400.128009822243	2215.8874081448
0	4760	387088.878520298773	2368.3729874901
0	4765	387512.635475769663	1952.7686852496
0	4774	388345.907054794976	1945.7790449727
0	4787	389362.592142820383	2273.7136225216
0	4794	389863.927974645073	2023.4770607203
0	4803	390838.024078588958	2166.6409943718
0	4810	391496.024018945198	2133.4318761248
0	4823	392394.86668752509	2299.014288839
0	4832	393215.341938799273	2271.349422913
0	4837	393633.619744610067	1976.9660792314
0	4848	394339.768406935063	1944.90171941
0	4855	394909.606848936555	1694.2649101373
0	4864	395566.115933563587	1877.5996182114
0	4875	396472.808750532594	1950.986268511
0	4886	397225.460762903121	2035.7470819261
0	4891	397887.976710638058	2111.796947429
0	4900	398405.792931094792	1930.243861489
0	4909	399227.175042266054	2001.7142793629
0	4920	400381.982451723916	2266.1433812231
0	4929	400899.513632850749	2044.4241289515
0	4936	401325.778237776858	1603.8119696081
0	4947	402578.104130085586	2108.4796136711
0	4954	402997.155199851869	1906.1250648927
0	4963	403867.820050986512	1966.6880249977
0	4974	404710.577994491934	1938.4659047239
0	4981	405088.851015362918	1731.9716588594
0	4992	406148.428440559683	2040.8265937585
0	4999	406653.345527825905	1689.238205133
0	5010	407853.772050188882	2114.0841334127
0	5017	408445.441733021317	1950.5368344951
0	5030	409556.054407730726	2424.781643087
0	5039	410436.132858227966	2428.9306724444
0	5046	411124.088123347638	2374.6697209775
0	5055	411646.731962682707	2090.677554952
0	5062	411950.649212859599	1514.5163546316
0	5073	413026.386303501232	1819.3265405484
0	5080	413491.194571042461	1683.0400165636
0	5089	414363.84740383367	1801.684773434
0	5102	415499.199737794725	2446.3686671108
0	5111	416243.706990033416	2342.5855245441
0	5116	416690.286745363874	2014.0839178115
0	5129	417638.740001991419	2139.5402641967
0	5136	418326.064691925449	2082.357701892
0	5143	418972.958018537638	2114.1594705172
0	5154	419549.000454414663	1910.2604524232
0	5161	420048.29137260097	1664.7093663923
0	5174	421063.193874992458	1999.993366655
0	5181	421741.817038273467	2191.9935646467
0	5188	422311.131613561912	1913.5068953969
0	5201	423531.602649902953	2468.4087749105
0	5208	424313.828239263995	2436.4033295307
0	5215	424803.560687089367	2098.0503834318
0	5226	426093.134221388055	2561.5315714851
0	5237	426811.781406775145	2484.6756573301
0	5242	427369.337349152221	2160.696917586
0	5251	427882.331713568448	1777.1052662283
0	5260	428694.906246894998	1883.1248401199
0	5273	429838.598395697801	2311.0775427427
0	5280	430513.932904461427	2226.1334363837
0	5287	431187.372510787128	2117.3602622934
0	5298	431851.890312507777	2013.29191681
0	5305	432521.520470967545	1783.2197165117
0	5316	433395.298362756177	1996.5712688863
0	5327	434273.246457427769	2243.7066600658
0	5332	434600.550646428048	1687.6107836142
0	5341	435052.687575900956	1573.1960160658
0	5354	435868.457840569347	1595.2113831416
0	5361	436652.097193105176	1861.9304075371
0	5372	437554.31052041243	2175.2645955887
0	5379	438300.045832945064	2431.5879923757
0	5390	438885.151358088508	2137.9454893526
0	5397	439390.553237171873	1836.2427167594
0	5404	439904.549072217226	1567.7535052411
0	5417	440774.165119696439	1889.0137616079
0	5424	441295.072525832833	1645.8636239637
0	5431	442027.758410526471	1783.5345220752
0	5440	442844.556616153599	2070.3914964572
0	5451	443858.520347764747	2275.4248287063
0	5460	444437.209267588364	2091.8733301107
0	5467	444798.3607085422	1593.8946656417
0	5478	445878.438330721141	1912.9446209874
0	5487	446437.275836756484	1851.7314415891
0	5496	447098.220017692105	1697.1834809985
0	5503	447443.853167630763	1562.567838002
0	5514	448444.915387686374	1889.8222841788
0	5521	449113.846472650798	1995.7716645207
0	5530	449796.755390055509	2054.4688177295
0	5539	450264.899157173963	1767.4634142313
0	5548	451132.931270962613	1753.4228364006
0	5559	451921.017516218158	1798.3452945482
0	5566	452315.025422209906	1432.1740487125
0	5579	453713.016655063289	2302.7789582033
0	5584	454195.824837824362	1940.6432320364
0	5593	455130.369019741225	2158.6673079059
0	5604	455941.515396488863	2228.4987414256
0	5615	456862.625144328954	2385.4522980284
0	5622	457380.176574457469	2089.6287585609
0	5629	457927.268741838666	1863.8989570085
0	5638	458587.268214672835	1724.6430703439
0	5649	459210.9566335101	1819.6072911378
0	5656	459673.080209316718	1539.3048852682
0	5667	460519.770554685997	1675.7225379813
0	5674	461001.282685250076	1765.2791258879
0	5687	462063.41066225435	2333.4278731607
0	5696	462885.596219915928	2347.9685963597
0	5701	463575.142618082495	2404.212136846
0	5712	464551.182592241125	2487.7719299868
0	5719	465060.940303886341	2175.3440839704
0	5732	465891.94005355242	2199.395820871
0	5737	466314.93523316461	1729.7188448254
0	5746	467099.459226150096	1759.6086502075
0	5755	467933.724428806485	2041.7843752541
0	5766	469315.850519109548	2547.3371959291
0	5773	469636.209602281481	2085.1896899287
0	5782	470411.606131587208	1965.6346126925
0	5795	471227.520853327618	1904.3824216817
0	5804	471938.184265047343	1835.7697094791
0	5813	472432.256127521427	1828.1458698213
0	5820	473117.149593075769	1889.6287397482
0	5829	473647.262058220835	1709.0777931735
0	5836	474234.671791037576	1802.4156635161
0	5845	475330.797457136246	2076.9049369264
0	5858	476475.498769339206	2362.5769419596
0	5867	477149.981068912926	2187.8586219158
0	5876	477971.77860438827	2354.0844525676
0	5883	478445.185705740038	1969.6869364008
0	5890	478970.961713232133	1820.9806443192
0	5899	479520.353999873657	1548.5753954854
0	5910	480691.605641786042	2194.8433216196
0	5917	481198.710579704526	2130.1917648409
0	5926	482076.336230244521	2174.4396602735
0	5939	482959.824224095825	2227.3849608377
0	5948	483676.492259558324	2094.1896532662
0	5953	484149.961777450551	1878.8709281478
0	5966	485029.415930807625	2069.5917067118
0	5971	485456.531705427949	1780.0394458696
0	5984	486378.438270371442	1883.087706333
0	5989	486860.766794532572	1831.3508637249
0	6002	487848.880577506532	2126.4483561739
0	6007	488494.439370464568	2116.0011000931
0	6020	489550.562140485306	2300.5701561458
0	6025	490002.958726650138	2154.0781491436
0	6036	490689.923817431589	2008.6738056969
0	6043	491300.117816403543	1749.5556759182
0	6052	491910.880940873211	1553.4201179165
0	6063	493285.430985828897	2133.6036568042
0	6074	494157.326685078477	2249.0442536306
0	6083	494809.086047764903	2091.1660014186
0	6088	495313.117125537282	1903.4095929936
0	6097	496082.725613610855	1925.3989285324
0	6106	496491.952601959965	1682.8665541951
0	6115	497367.378041613883	1771.2070464157
0	6124	498516.800397913939	2226.9444321748
0	6137	499609.247292252293	2451.4778823126
0	6146	500468.492473801634	2436.2298498396
0	6151	500941.83099805381	2098.0800372083
0	6162	501918.541297595984	2309.2940053437
0	6173	502851.4046355151	2382.9121617135
0	6178	503186.095092399082	1842.7956211846
0	6189	504292.055465793274	2257.9830035102
0	6200	505158.389416476749	2306.9847809616
0	6207	505507.100483542346	1980.3034619428
0	6216	506320.844651386179	1940.1772763114
0	6223	506746.123527735509	1587.7341112588
0	6232	507626.666039368174	1817.9795024917
0	6243	508629.88265524622	2285.5709628202
0	6250	509085.789627302475	2018.5149815865
0	6259	509836.318520363458	1902.4481168948
0	6272	511300.620191730596	2499.1963750217
0	6279	511710.843491926826	2054.3862735853
0	6286	512031.305698212273	1519.9468384031
0	6295	513078.901449032165	1778.2812573016
0	6306	513909.85282869082	1946.849112818
0	6313	514363.325249310621	1756.2749222852
0	6326	515739.709457242899	2308.6255116854
0	6335	516483.059669612013	2213.5010452475
0	6340	516891.519187577106	1816.4182436652
0	6349	517566.004774812646	1826.2953175697
0	6360	518446.389665594362	1963.3299959823
0	6367	518840.269372751974	1602.7238869574
0	6376	519523.310888651796	1694.2469682544
0	6387	520870.089971646704	2203.8240505848
0	6396	521730.317363189571	2286.8776888121
0	6405	522341.949100233652	2157.5491469353
0	6414	523169.78922220882	2130.5590854026
0	6423	523876.522613083981	1987.9605635069
0	6434	524758.892069198228	2400.1323967706
0	6439	525196.669980604238	2015.3500544373
0	6452	525992.375918291546	1919.1955762915
0	6459	526527.801828179545	1768.9097589813
0	6466	527074.968165345527	1494.9023528025
0	6475	527912.821130035482	1920.4452117439
0	6486	528717.157086264379	2013.6592607014
0	6493	529142.722450755574	1555.8055032045
0	6506	530497.659512842111	2261.7383100092
0	6515	531103.131477953903	2122.6703387685
0	6524	531914.410921465642	2036.8492391892
0	6529	532365.922684595025	1868.2631717529
0	6538	533375.562945893071	2272.4314679392
0	6549	533920.411982433907	2006.0010609683
0	6556	534823.375074472314	2123.509436287
0	6565	535220.459254737979	1688.9646558557
0	6576	536291.551693109831	2093.1828499306
0	6585	537198.915218515357	2192.5655613653
0	6594	538025.832874747029	2199.9565278646
0	6601	538329.994517052582	1861.3069125451
0	6610	539134.961760230399	1775.7121279836
0	6619	539631.176890712268	1492.9730348289
0	6632	540529.762983368746	1809.1933575924
0	6641	541145.302355429194	1899.8803087045
0	6646	541647.300748201124	1905.5869025644
0	6657	542569.750905688888	2039.9879223201
0	6664	543200.256006186864	2054.9536507577
0	6675	544111.118557630143	2249.9635448679
0	6682	544805.280481372065	2055.9282478876
0	6687	545154.669343773312	1612.581186695
0	6702	546312.17042659413	1994.6408602875
0	6713	546967.428620299361	1810.4439749848
0	6720	547394.706129748411	1749.4403683115
0	6731	548357.985777407921	1875.6349876989
0	6740	549236.022275174073	2268.5936548747
0	6747	549735.970846843011	2124.771852605
0	6758	550479.154489561952	2121.168712154
0	6765	551000.24399408143	1764.2217189074
0	6772	551467.396609811149	1586.442295555
0	6781	552030.713392468206	1551.5589029063
0	6792	553196.451338706575	1928.718464775
0	6799	553707.681315438859	1873.6338362563
0	6812	555011.882030731104	2304.4032223988
0	6817	555395.502524636723	2020.0971416663
0	6826	556272.639717813618	2142.5163620152
0	6835	556824.719300307371	1812.8372695763
0	6846	557360.741766449101	1558.7063157465
0	6857	558418.910669256039	1966.4174416568
0	6864	558820.628859009631	1878.8499043789
0	6867	559223.593350034244	1605.273341015
0	6876	559990.134371118657	1571.2237018626
0	6889	561631.260158121623	2402.2279608529
0	6900	562485.509560955725	2372.4024167284
0	6909	563276.332457363642	2438.707885053
0	6916	563733.831865852735	2029.5424345415
0	6927	564651.735435146875	2063.0160306115
0	6936	565331.505250046066	1844.7560754139
0	6943	565832.873885426707	1923.6322282813
0	6952	566362.665725033767	1675.6003973074
0	6963	567355.510220909528	1988.6610169429
0	6972	568051.997105916999	2017.2326850705
0	6981	568592.083993228189	1973.0176075827
0	6988	569028.060921002216	1635.0044293329
0	6997	569734.107010066546	1655.913969269
0	7006	570845.969273289702	1876.2206075247
0	7015	571296.465836232566	1688.3828759193
0	7024	572110.666943667493	1659.2519989237
0	7037	573266.773736150972	2094.735602662
0	7046	574123.656551633067	2301.3839871157
0	7051	574667.427624855227	2293.1527402718
0	7064	575828.910936601497	2562.1372004505
0	7073	576715.633510379158	2591.9769587461
0	7082	577593.933657975905	2610.9000257682
0	7091	578246.946275141128	2418.0353385396
0	7098	578901.594205526673	2185.9606951475
0	7107	579655.121135897972	2061.1874779221
0	7116	580534.908918337934	2287.9626431968
0	7125	581202.783951116764	2141.7748767883
0	7136	582083.641830459275	2298.7303012982
0	7141	582399.283497780599	1745.0942024589
0	7150	583485.577970417254	2131.8820143119
0	7163	584533.79083368931	2450.14900323
0	7170	585059.053233359047	2078.5525455605
0	7177	585639.953393535727	1822.8167477064
0	7190	586698.822329007128	2165.0314953178
0	7197	587416.974110808262	2201.8433849327
0	7206	587927.898207306901	1840.8182040788
0	7215	588624.248124333138	1925.425795326
0	7226	589428.213885286862	1893.5639066622
0	7235	590264.839304331729	2088.6363846716
0	7244	591149.067070009226	2296.9501753338
0	7249	591558.239935990462	2130.0260507036
0	7262	592893.596139550248	2628.7568352185
0	7267	593401.051801303441	2251.9847312942
0	7278	594200.876259338149	2170.2407914214
0	7285	594524.219442531505	1630.6233029813
0	7294	595293.54625842538	1635.904249968
0	7305	596374.897350138093	2139.1425912268
0	7316	597386.595811508635	2459.1159044299
0	7321	597865.945988846982	2055.1945039071
0	7332	598616.476092953274	1949.3851767853
0	7339	599018.880952242801	1632.2851407342
0	7348	599509.577286522875	1261.2012268044
0	7359	600395.363528654018	1681.4582502935
0	7366	601174.825318018013	1968.8153069001
0	7375	601914.176687551701	2023.9889284596
0	7388	602684.346687840336	1966.8340561911
0	7393	603107.372706290373	1657.9189564101
0	7406	603957.495346153193	1854.7404530458
0	7411	604444.179437169843	1759.8327493295
1	3176	260552.91399029085	351
1	3181	260864.219418028384	352
1	3190	261482.949829380974	353
1	3203	262467.842417350053	354
1	3208	262816.090879356503	355
1	3219	263552.531986171394	356
1	3230	264299.549238011255	357
1	3239	265149.977136729299	358
1	3246	265977.275060070693	359
1	3255	266588.859914895161	360
1	3266	267600.50067356789	361
1	3271	267946.74039948733	362
1	3280	268783.040377311422	363
1	3293	269821.671267505749	364
1	3300	270286.242127977325	365
1	3309	271039.17900072412	366
1	3316	271539.221532968818	367
1	3325	272182.93635277079	368
1	3336	272996.573344152435	369
1	3345	273439.022856066018	370
1	3352	273996.368990046918	371
1	3363	274865.685286000385	372
1	3370	275171.879910305156	373
1	3379	276142.62128407137	374
1	3390	277035.813289554804	375
1	3399	277767.374802846476	376
1	3408	278320.910897618174	377
1	3415	278929.960388923078	378
1	3428	280006.15237844178	379
1	3437	280707.266171928509	380
1	3442	281266.532122576623	381
1	3453	282027.508605038761	382
1	3462	282711.146973771988	383
1	3471	283317.399892536937	384
1	3478	283892.497593769817	385
1	3489	284865.067556686713	386
1	3496	285228.591644950225	387
1	3507	286250.194505648702	388
1	3518	286858.037076797351	389
1	3525	287272.712698252886	390
1	3536	287881.209665257498	391
1	3545	288761.638921313002	392
1	3550	289086.334671825185	393
1	3563	290380.013062851518	394
1	3570	291083.224209817141	395
1	3579	291642.423940356835	396
1	3586	292028.47016374582	397
1	3597	293004.229099955424	398
1	3606	293975.718751363471	399
1	3613	294370.374872256085	400
1	3622	294971.948094153791	401
1	3635	296239.725443674266	402
1	3642	296915.081454953193	403
1	3651	297604.841118631899	404
1	3662	298366.241535404712	405
1	3671	298839.868457196295	406
1	3678	299418.930608220413	407
1	3685	299879.361483408153	408
1	3698	300906.721670553103	409
1	3707	301607.139612128973	410
1	3714	302010.767984949067	411
1	3721	302499.63207431139	412
1	3730	303538.604705734193	413
1	3743	304274.366169702277	414
1	3748	304693.812789022938	415
1	3757	305669.387911492974	416
1	3766	306021.523278672264	417
1	3777	307187.55853772165	418
1	3786	307791.012895479815	419
1	3795	308497.623582417162	420
1	3806	309135.882626893016	421
1	3811	309438.931161956879	422
1	3820	310194.019579701143	423
1	3829	311034.80534115808	424
1	3840	311862.045843713004	425
1	3849	312566.297453362513	426
1	3858	313357.408158620838	427
1	3867	313859.894268773515	428
1	3874	314217.92245809922	429
1	3885	315179.95503991844	430
1	3892	315617.568558873626	431
1	3901	316613.63717364149	432
1	3910	317343.164004525187	433
1	3919	318139.721557823958	434
1	3930	319162.524818396213	435
1	3941	319858.961267117428	436
1	3950	320692.353205522539	437
1	3955	321105.397598259168	438
1	3964	321721.269459882768	439
1	3977	322650.324473949166	440
1	3982	323171.252876613306	441
1	3993	323750.236396025883	442
1	4000	324432.077781530114	443
1	4009	325303.425286291185	444
1	4018	325900.597592862341	445
1	4031	326685.152465198208	446
1	4036	327059.724990371634	447
1	4049	328287.315089721252	448
1	4056	328692.194904573281	449
1	4063	329309.157915366833	450
1	4074	330077.038425905649	451
1	4083	330912.754884269108	452
1	4090	331314.119431329911	453
1	4101	332065.012647444403	454
1	4110	332701.645336160457	455
1	4119	333328.910150751492	456
1	4128	333937.771390238797	457
1	4139	334839.896975783652	458
1	4146	335589.481954369715	459
1	4153	336022.286101710072	460
1	4164	336973.680315027035	461
1	4171	337519.39333677294	462
1	4182	338719.947081198936	463
1	4189	339625.924176815917	464
1	4202	340447.319687576985	465
1	4209	341025.786167616045	466
1	4216	341784.570254338925	467
1	4229	342958.111906936413	468
1	4234	343557.236755359939	469
1	4245	344545.470789168051	470
1	4256	345333.507535234115	471
1	4261	345798.009195830694	472
1	4272	346583.669403567931	473
1	4279	347058.39987974616	474
1	4288	347406.946118082873	475
1	4297	348263.670843886233	476
1	4310	349359.843077044955	477
1	4315	349893.221391784048	478
1	4328	350965.829881047851	479
1	4335	351306.125239748529	480
1	4338	351668.698187498397	481
1	4347	352429.806005582235	482
1	4362	354173.890117043651	483
1	4371	355065.707319555826	484
1	4378	355439.671331131852	485
1	4383	355930.166623787975	486
1	4396	357156.432555802188	487
1	4409	358129.411106184146	488
1	4418	358925.316166877768	489
1	4427	359817.741938726998	490
1	4434	360171.850514458514	491
1	4443	361411.426079599208	492
1	4450	361853.49043258468	493
1	4459	362884.504415234573	494
1	4468	363389.6422327962	495
1	4477	363962.339965626619	496
1	4486	364622.398404870205	497
1	4495	365305.042075412371	498
1	4508	366065.35449754449	499
1	4515	366495.312242908426	500
1	4524	367410.849158931546	501
1	4533	368289.859145181276	502
1	4544	369159.453678410523	503
1	4551	369577.265461580851	504
1	4562	370893.885404616617	505
1	4567	371211.468251561769	506
1	4580	372494.652785640233	507
1	4587	372989.59901640194	508
1	4594	373481.284784758487	509
1	4603	374025.467714807042	510
1	4612	374795.286937197694	511
1	4621	375503.35729317742	512
1	4634	376682.650527963439	513
1	4641	377343.879753956595	514
1	4650	377851.228591846326	515
1	4659	378606.984935374955	516
1	4666	379265.028046863178	517
1	4677	380019.99458461071	518
1	4688	381148.706068703929	519
1	4695	381543.614204507345	520
1	4702	382084.69363865445	521
1	4711	382814.161060005452	522
1	4720	383538.128361571605	523
1	4729	384500.052758166591	524
1	4742	385559.866790520051	525
1	4751	386400.128009822243	526
1	4760	387088.878520298773	527
1	4765	387512.635475769663	528
1	4774	388345.907054794976	529
1	4787	389362.592142820383	530
1	4794	389863.927974645073	531
1	4803	390838.024078588958	532
1	4810	391496.024018945198	533
1	4823	392394.86668752509	534
1	4832	393215.341938799273	535
1	4837	393633.619744610067	536
1	4848	394339.768406935063	537
1	4855	394909.606848936555	538
1	4864	395566.115933563587	539
1	4875	396472.808750532594	540
1	4886	397225.460762903121	541
1	4891	397887.976710638058	542
1	4900	398405.792931094792	543
1	4909	399227.175042266054	544
1	4920	400381.982451723916	545
1	4929	400899.513632850749	546
1	4936	401325.778237776858	547
1	4947	402578.104130085586	548
1	4954	402997.155199851869	549
1	4963	403867.820050986512	550
1	4974	404710.577994491934	551
1	4981	405088.851015362918	552
1	4992	406148.428440559683	553
1	4999	406653.345527825905	554
1	5010	407853.772050188882	555
1	5017	408445.441733021317	556
1	5030	409556.054407730726	557
1	5039	410436.132858227966	558
1	5046	411124.088123347638	559
1	5055	411646.731962682707	560
1	5062	411950.649212859599	561
1	5073	413026.386303501232	562
1	5080	413491.194571042461	563
1	5089	414363.84740383367	564
1	5102	415499.199737794725	565
1	5111	416243.706990033416	566
1	5116	416690.286745363874	567
1	5129	417638.740001991419	568
1	5136	418326.064691925449	569
1	5143	418972.958018537638	570
1	5154	419549.000454414663	571
1	5161	420048.29137260097	572
1	5174	421063.193874992458	573
1	5181	421741.817038273467	574
1	5188	422311.131613561912	575
1	5201	423531.602649902953	576
1	5208	424313.828239263995	577
1	5215	424803.560687089367	578
1	5226	426093.134221388055	579
1	5237	426811.781406775145	580
1	5242	427369.337349152221	581
1	5251	427882.331713568448	582
1	5260	428694.906246894998	583
1	5273	429838.598395697801	584
1	5280	430513.932904461427	585
1	5287	431187.372510787128	586
1	5298	431851.890312507777	587
1	5305	432521.520470967545	588
1	5316	433395.298362756177	589
1	5327	434273.246457427769	590
1	5332	434600.550646428048	591
1	5341	435052.687575900956	592
1	5354	435868.457840569347	593
1	5361	436652.097193105176	594
1	5372	437554.31052041243	595
1	5379	438300.045832945064	596
1	5390	438885.151358088508	597
1	5397	439390.553237171873	598
1	5404	439904.549072217226	599
1	5417	440774.165119696439	600
1	5424	441295.072525832833	601
1	5431	442027.758410526471	602
1	5440	442844.556616153599	603
1	5451	443858.520347764747	604
1	5460	444437.209267588364	605
1	5467	444798.3607085422	606
1	5478	445878.438330721141	607
1	5487	446437.275836756484	608
1	5496	447098.220017692105	609
1	5503	447443.853167630763	610
1	5514	448444.915387686374	611
1	5521	449113.846472650798	612
1	5530	449796.755390055509	613
1	5539	450264.899157173963	614
1	5548	451132.931270962613	615
1	5559	451921.017516218158	616
1	5566	452315.025422209906	617
1	5579	453713.016655063289	618
1	5584	454195.824837824362	619
1	5593	455130.369019741225	620
1	5604	455941.515396488863	621
1	5615	456862.625144328954	622
1	5622	457380.176574457469	623
1	5629	457927.268741838666	624
1	5638	458587.268214672835	625
1	5649	459210.9566335101	626
1	5656	459673.080209316718	627
1	5667	460519.770554685997	628
1	5674	461001.282685250076	629
1	5687	462063.41066225435	630
1	5696	462885.596219915928	631
1	5701	463575.142618082495	632
1	5712	464551.182592241125	633
1	5719	465060.940303886341	634
1	5732	465891.94005355242	635
1	5737	466314.93523316461	636
1	5746	467099.459226150096	637
1	5755	467933.724428806485	638
1	5766	469315.850519109548	639
1	5773	469636.209602281481	640
1	5782	470411.606131587208	641
1	5795	471227.520853327618	642
1	5804	471938.184265047343	643
1	5813	472432.256127521427	644
1	5820	473117.149593075769	645
1	5829	473647.262058220835	646
1	5836	474234.671791037576	647
1	5845	475330.797457136246	648
1	5858	476475.498769339206	649
1	5867	477149.981068912926	650
1	5876	477971.77860438827	651
1	5883	478445.185705740038	652
1	5890	478970.961713232133	653
1	5899	479520.353999873657	654
1	5910	480691.605641786042	655
1	5917	481198.710579704526	656
1	5926	482076.336230244521	657
1	5939	482959.824224095825	658
1	5948	483676.492259558324	659
1	5953	484149.961777450551	660
1	5966	485029.415930807625	661
1	5971	485456.531705427949	662
1	5984	486378.438270371442	663
1	5989	486860.766794532572	664
1	6002	487848.880577506532	665
1	6007	488494.439370464568	666
1	6020	489550.562140485306	667
1	6025	490002.958726650138	668
1	6036	490689.923817431589	669
1	6043	491300.117816403543	670
1	6052	491910.880940873211	671
1	6063	493285.430985828897	672
1	6074	494157.326685078477	673
1	6083	494809.086047764903	674
1	6088	495313.117125537282	675
1	6097	496082.725613610855	676
1	6106	496491.952601959965	677
1	6115	497367.378041613883	678
1	6124	498516.800397913939	679
1	6137	499609.247292252293	680
1	6146	500468.492473801634	681
1	6151	500941.83099805381	682
1	6162	501918.541297595984	683
1	6173	502851.4046355151	684
1	6178	503186.095092399082	685
1	6189	504292.055465793274	686
1	6200	505158.389416476749	687
1	6207	505507.100483542346	688
1	6216	506320.844651386179	689
1	6223	506746.123527735509	690
1	6232	507626.666039368174	691
1	6243	508629.88265524622	692
1	6250	509085.789627302475	693
1	6259	509836.318520363458	694
1	6272	511300.620191730596	695
1	6279	511710.843491926826	696
1	6286	512031.305698212273	697
1	6295	513078.901449032165	698
1	6306	513909.85282869082	699
1	6313	514363.325249310621	700
1	6326	515739.709457242899	701
1	6335	516483.059669612013	702
1	6340	516891.519187577106	703
1	6349	517566.004774812646	704
1	6360	518446.389665594362	705
1	6367	518840.269372751974	706
1	6376	519523.310888651796	707
1	6387	520870.089971646704	708
1	6396	521730.317363189571	709
1	6405	522341.949100233652	710
1	6414	523169.78922220882	711
1	6423	523876.522613083981	712
1	6434	524758.892069198228	713
1	6439	525196.669980604238	714
1	6452	525992.375918291546	715
1	6459	526527.801828179545	716
1	6466	527074.968165345527	717
1	6475	527912.821130035482	718
1	6486	528717.157086264379	719
1	6493	529142.722450755574	720
1	6506	530497.659512842111	721
1	6515	531103.131477953903	722
1	6524	531914.410921465642	723
1	6529	532365.922684595025	724
1	6538	533375.562945893071	725
1	6549	533920.411982433907	726
1	6556	534823.375074472314	727
1	6565	535220.459254737979	728
1	6576	536291.551693109831	729
1	6585	537198.915218515357	730
1	6594	538025.832874747029	731
1	6601	538329.994517052582	732
1	6610	539134.961760230399	733
1	6619	539631.176890712268	734
1	6632	540529.762983368746	735
1	6641	541145.302355429194	736
1	6646	541647.300748201124	737
1	6657	542569.750905688888	738
1	6664	543200.256006186864	739
1	6675	544111.118557630143	740
1	6682	544805.280481372065	741
1	6687	545154.669343773312	742
1	6702	546312.17042659413	743
1	6713	546967.428620299361	744
1	6720	547394.706129748411	745
1	6731	548357.985777407921	746
1	6740	549236.022275174073	747
1	6747	549735.970846843011	748
1	6758	550479.154489561952	749
1	6765	551000.24399408143	750
1	6772	551467.396609811149	751
1	6781	552030.713392468206	752
1	6792	553196.451338706575	753
1	6799	553707.681315438859	754
1	6812	555011.882030731104	755
1	6817	555395.502524636723	756
1	6826	556272.639717813618	757
1	6835	556824.719300307371	758
1	6846	557360.741766449101	759
1	6857	558418.910669256039	760
1	6864	558820.628859009631	761
1	6867	559223.593350034244	762
1	6876	559990.134371118657	763
1	6889	561631.260158121623	764
1	6900	562485.509560955725	765
1	6909	563276.332457363642	766
1	6916	563733.831865852735	767
1	6927	564651.735435146875	768
1	6936	565331.505250046066	769
1	6943	565832.873885426707	770
1	6952	566362.665725033767	771
1	6963	567355.510220909528	772
1	6972	568051.997105916999	773
1	6981	568592.083993228189	774
1	6988	569028.060921002216	775
1	6997	569734.107010066546	776
1	7006	570845.969273289702	777
1	7015	571296.465836232566	778
1	7024	572110.666943667493	779
1	7037	573266.773736150972	780
1	7046	574123.656551633067	781
1	7051	574667.427624855227	782
1	7064	575828.910936601497	783
1	7073	576715.633510379158	784
1	7082	577593.933657975905	785
1	7091	578246.946275141128	786
1	7098	578901.594205526673	787
1	7107	579655.121135897972	788
1	7116	580534.908918337934	789
1	7125	581202.783951116764	790
1	7136	582083.641830459275	791
1	7141	582399.283497780599	792
1	7150	583485.577970417254	793
1	7163	584533.79083368931	794
1	7170	585059.053233359047	795
1	7177	585639.953393535727	796
1	7190	586698.822329007128	797
1	7197	587416.974110808262	798
1	7206	587927.898207306901	799
1	7215	588624.248124333138	800
1	7226	589428.213885286862	801
1	7235	590264.839304331729	802
1	7244	591149.067070009226	803
1	7249	591558.239935990462	804
1	7262	592893.596139550248	805
1	7267	593401.051801303441	806
1	7278	594200.876259338149	807
1	7285	594524.219442531505	808
1	7294	595293.54625842538	809
1	7305	596374.897350138093	810
1	7316	597386.595811508635	811
1	7321	597865.945988846982	812
1	7332	598616.476092953274	813
1	7339	599018.880952242801	814
1	7348	599509.577286522875	815
1	7359	600395.363528654018	816
1	7366	601174.825318018013	817
1	7375	601914.176687551701	818
1	7388	602684.346687840336	819
1	7393	603107.372706290373	820
1	7406	603957.495346153193	821
1	7411	604444.179437169843	822

