version 2
run Pipelined_3Teachers-72-20190105-10:57:34-21964
attr configname Pipelined_3Teachers
attr datetime 20190105-10:57:34
attr experiment Pipelined_3Teachers
attr inifile ../simulations/omnetpp.ini
attr iterationvars "$0=\"uniform\""
attr iterationvarsf uniform-
attr measurement "$0=\"uniform\""
attr network PipelinedExamSession
attr processid 21964
attr repetition 72
attr replication #72
attr resultdir results
attr runnumber 72
attr seedset 72
param **.teachersNumber 3
param **.answerTimeDistribution "\"uniform\""
param **.minUniform 300
param **.maxUniform 900
param **.scaleLognormal 6.2854
param **.shapeLognormal 0.4724

vector 0 PipelinedExamSession examinationTime:vector ETV
attr source examFinished
vector 1 PipelinedExamSession studentID:vector ETV
attr source student
0	3165	260581.49012080395	2353.1838288065
0	3174	261409.179132431758	2282.5716506224
0	3185	262141.683196602402	2164.139653137
0	3194	262978.887537494315	2250.9705022909
0	3203	263840.652339672683	2311.9467310142
0	3210	264274.624671600772	2132.9414749984
0	3221	265382.373398216455	2403.4858607221
0	3228	265827.254393789931	1986.6020541172
0	3235	266565.840583294644	2003.7599818781
0	3248	267501.920480187996	2119.5470819715
0	3257	268349.163905018954	2146.050558798
0	3262	268873.360121715827	2027.1227709018
0	3275	269846.933855116381	2345.0133749284
0	3284	270349.666776694371	2000.5028716754
0	3293	271153.010861529051	1954.7670652159
0	3298	271473.925500316559	1626.9916452002
0	3309	272475.181243568672	2125.5144668743
0	3316	273208.206405770047	2055.195544241
0	3325	273847.283433191493	1942.5181360915
0	3338	274943.09244062753	2425.6180067081
0	3343	275429.183541610852	2161.7907516193
0	3352	276100.758230080843	2025.7337118499
0	3361	276945.117197139204	2002.0247565117
0	3374	277715.745185455322	1989.9890793487
0	3383	278509.563258849099	2155.004432844
0	3388	278886.362151755035	1692.3367805779
0	3399	279928.292083181456	2212.5468977261
0	3406	280559.67584252359	2050.1125836745
0	3415	281248.965643532589	2080.0115564838
0	3424	281759.313726145789	1721.0457578301
0	3433	283115.713101066664	2209.6727204975
0	3446	283793.798191286639	2068.1499657221
0	3453	284454.00330391714	1976.7200230155
0	3462	285069.792313082159	1750.8553517517
0	3471	285726.055625081079	1932.2574337944
0	3482	286635.560251912118	2059.4355298206
0	3487	287076.042295200766	1916.6243178304
0	3498	287799.766359804215	1976.0742394254
0	3509	288599.090194981562	1963.5299430694
0	3514	289183.148709638061	1888.0534617696
0	3525	289977.895152289437	2138.4410468861
0	3534	290913.411249825748	2314.3210548442
0	3545	291795.158064225706	2302.2860772908
0	3550	292122.701186360809	1841.1809735466
0	3559	292976.221107970941	1960.4996762238
0	3568	293746.912150131557	1951.7540859059
0	3579	294859.169593825955	2261.0093777999
0	3586	295550.169427273813	2194.1823303234
0	3595	296167.229121085274	2057.5506647117
0	3608	297008.094745595026	2060.7564528007
0	3615	297474.307900434378	1733.308179304
0	3622	298109.298349963519	1585.9970149118
0	3631	299101.500645512734	2093.4058999177
0	3640	299698.408018564824	1852.375167422
0	3651	300738.754944875855	1992.8611430805
0	3660	301697.161898855138	2145.5130946822
0	3669	302417.945716856066	2277.9094522353
0	3678	303342.453511990625	2338.3359031286
0	3685	304031.080992473308	2137.6218901947
0	3694	304924.353415751848	2160.7601230033
0	3703	305834.185965964589	2291.5625842754
0	3714	306484.946732455883	2124.6424073819
0	3723	307307.039047172312	2241.0014817026
0	3732	308141.687766322884	2252.1294322796
0	3739	308572.25624816494	2023.2907776721
0	3748	309498.884201562051	2168.4074706864
0	3757	310304.127565166	2122.0453909133
0	3766	310942.616818472761	1870.1313809026
0	3775	311845.213821809757	1919.4184346125
0	3786	313051.993092102947	2435.1161826868
0	3795	313470.712966471928	2062.0421861764
0	3806	314369.65766334908	2162.7668623813
0	3813	314888.934724638256	1834.2186089605
0	3822	315770.968382293376	2245.9368271753
0	3833	316618.130264058727	2248.4726007096
0	3842	317377.026002760994	2203.8263211027
0	3847	317727.937068790215	1729.1480412707
0	3860	318945.516983885335	2327.3867198266
0	3865	319453.501130500825	2076.4751277398
0	3874	320254.455350060033	2169.6728745941
0	3883	320912.554492475482	1967.0375085901
0	3896	322011.597249470669	2230.0132964272
0	3905	322834.210612624902	2249.7954844963
0	3914	323600.389405712504	2448.1243309099
0	3923	324309.399612201396	2297.8023627307
0	3928	324686.127437464911	1851.91682484
0	3939	325640.480223856885	2040.0908181444
0	3946	326453.651200002078	2144.2515878007
0	3955	326798.956417059544	1602.9294416774
0	3964	327601.397106098029	1676.8944202457
0	3977	328807.182511501032	2102.618597215
0	3982	329185.946940165031	1843.0412539747
0	3995	330387.491318117845	2381.6619083751
0	4004	331048.004078306276	2240.8215668052
0	4009	331449.483918584902	1781.9074683823
0	4018	332208.410991914588	1820.9196737967
0	4027	332753.453585738335	1705.4495074321
0	4036	333745.927771087754	1940.4111305717
0	4045	334256.544655188937	1602.6905057486
0	4054	335159.087588964049	1686.6321547888
0	4063	335981.905062915776	1997.7154623717
0	4074	336812.178318388779	2134.9657673389
0	4081	337389.071677811463	2013.8719921466
0	4092	338300.979138817658	2098.7212163396
0	4101	338953.880678024163	1885.8275282197
0	4110	339809.213973255848	2120.9973621648
0	4119	340837.52455045471	2405.452834256
0	4130	341523.737355927024	2212.4291324057
0	4135	341854.131294228155	1692.689320771
0	4148	342863.143320567925	2025.1807262655
0	4157	343728.737467015181	2205.0001110882
0	4164	344420.550624048356	2109.4368143007
0	4175	345319.768130499888	2456.624809932
0	4184	346217.436818964798	2488.6993519496
0	4189	346654.643303062785	2055.4759324528
0	4198	347049.097816413287	1729.3296859134
0	4211	348411.331996740793	2193.895177776
0	4220	349220.599445002173	2389.0615907963
0	4229	350093.116665165891	2470.5091330223
0	4236	350677.279458660652	2265.9474619199
0	4247	351706.631019897779	2486.0315748956
0	4256	352248.326417338123	2155.2097521722
0	4261	352590.948039013912	1749.2937470321
0	4274	353682.958442671245	1976.3274227735
0	4283	354330.100454902297	2081.7740375642
0	4290	354924.224980082384	2021.9040698838
0	4301	355908.380530262387	2225.4220875911
0	4310	356511.04278098794	2180.9423260856
0	4317	357257.610092405251	2034.1049292125
0	4328	358032.167117251105	2123.7865869887
0	4335	358512.477168906502	2001.4343879186
0	4342	359168.692022468916	1873.4050604515
0	4355	360257.105181505925	2224.9380642548
0	4362	360817.681208532325	2186.3757738378
0	4369	361382.808692939601	1943.758637365
0	4378	362017.97704990024	1760.8718683943
0	4391	363217.235286254458	2197.6667722687
0	4396	363821.526635577924	2186.7754783016
0	4405	364481.86762989501	2044.1100609954
0	4416	365500.157146761216	2282.9218605068
0	4423	365884.41649284216	1772.7746580262
0	4436	366787.854607589564	1798.4573329333
0	4443	367583.32505724395	2004.3847282883
0	4454	368465.272274566835	2220.7802579273
0	4459	368841.496328730157	2053.6417211406
0	4470	369850.275632087162	2187.0450872462
0	4477	370362.282959371826	1897.010684805
0	4486	370882.021807506702	1519.9355029967
0	4495	371446.063594054452	1445.1498682145
0	4508	372249.232690315716	1691.3572210819
0	4513	372549.873154470719	1582.753414521
0	4526	373738.213634211593	2092.6082115155
0	4535	374627.601190796145	2378.3685004804
0	4542	375153.389937942871	2162.4046701472
0	4551	375849.172013299563	2110.958379088
0	4560	376783.505733869993	2155.9045430738
0	4569	377660.345539916329	2221.9414758962
0	4578	378105.022324249171	1865.466166148
0	4585	378540.203476231568	1557.8837330919
0	4594	379195.537685416662	1531.5461289603
0	4605	380325.688348850258	1968.7704111915
0	4612	380733.828550251223	1642.5145757385
0	4625	381819.882530719065	2020.9450984374
0	4632	382294.931042147824	1786.3167654723
0	4641	382929.224622342759	1936.9991025422
0	4648	383855.13618984262	2035.2536591236
0	4661	384830.841236002767	2411.5966512356
0	4668	385522.63803337703	2207.2506358847
0	4675	386201.98676772418	2065.3736226261
0	4688	387363.680851086998	2532.8396150842
0	4695	387983.439865568677	2359.8041698337
0	4704	388754.984725406418	2275.3361935727
0	4713	389476.096716010967	2112.415864924
0	4722	390720.016826922098	2523.0235740077
0	4731	391304.079045821005	2249.3831817526
0	4742	392023.691311525204	2092.8342122119
0	4749	392657.180139748403	1936.6734326351
0	4758	393502.398164570355	2048.9308947232
0	4767	394330.541979521536	2306.8506679963
0	4774	394779.804034112044	1900.2421599347
0	4783	395456.272940151417	1751.8705955241
0	4792	395967.058964353079	1392.1071725898
0	4801	396727.040399098793	1726.9463839475
0	4812	397367.707366682613	1690.3695282061
0	4819	397802.963974233741	1481.1543835793
0	4828	398832.0478579961	1907.3750191368
0	4837	399547.369051538431	2005.5535406806
0	4848	400658.651982620382	2271.6916698497
0	4855	401214.214883325645	2006.7697544117
0	4868	402342.582425382012	2255.4261215497
0	4875	402828.05880820381	1885.4374685325
0	4886	403648.404763452732	2177.0013211761
0	4895	404524.959475128003	2182.377049746
0	4902	405286.491142027103	2322.9840760119
0	4913	406062.002323055663	2413.5975596029
0	4918	406438.723316928395	1913.7638418004
0	4931	407547.505087684863	2183.4234053269
0	4938	408064.726181142055	2002.7238580864
0	4945	409152.955566672631	2318.4171920177
0	4958	410101.514458050974	2554.0093703661
0	4965	410728.540701605402	2396.0527616087
0	4976	411528.086758218728	2308.0535401124
0	4981	411872.921941755362	1771.4074837044
0	4992	412849.999552499525	1967.5558435265
0	4999	413272.40684386345	1744.3200856447
0	5008	414165.526204230286	1863.1549748126
0	5021	415146.448022732533	2054.4708497822
0	5028	415611.847126996167	1787.417852506
0	5035	416478.610073821641	2203.2345004845
0	5044	417193.964441819138	2047.5164190866
0	5053	418090.557892061792	2195.9169671405
0	5062	418687.426175829046	1987.3866483103
0	5073	419284.86121259632	1819.2549069878
0	5082	419999.647906003543	1820.7580915187
0	5091	420609.2744573951	1650.809497945
0	5102	421453.783245384716	2056.0073568486
0	5111	422182.000013580569	2173.6959745176
0	5116	422792.105215368816	2159.3128660228
0	5129	423392.689212877327	1938.9059674926
0	5134	423871.99501069265	1689.9949971121
0	5143	424503.509113239148	1664.3630732317
0	5156	425710.070579918125	2317.3813670408
0	5163	426468.407316086837	2177.1259801928
0	5174	427186.727976473072	2083.9662420563
0	5179	427704.992239410081	1994.921659492
0	5188	428723.671703226888	2148.0877405498
0	5197	429088.352350378433	1901.6243739054
0	5208	430443.492390448252	2369.4851636421
0	5217	431359.704326698581	2523.6367096659
0	5224	431772.159277461494	2068.0657433812
0	5233	432401.091307215417	1803.0716688372
0	5242	432989.919387409489	1567.3891056329
0	5251	434068.183276942025	1809.7865464166
0	5260	435403.257082449297	2518.808329571
0	5269	435812.424062518428	2115.8430911601
0	5278	436914.572848565901	2348.5272340011
0	5287	437404.768597846875	1962.6034812536
0	5298	438077.242415584648	1737.8356792498
0	5305	438772.930724965433	1643.6290165409
0	5316	439511.585107399175	1945.865815552
0	5323	440073.065281240293	1745.3465733211
0	5336	441034.946202300513	2093.6694670469
0	5341	441895.154088176811	2320.7418064121
0	5352	442607.15026063847	2388.8154549524
0	5361	443591.747616324598	2556.8014140241
0	5372	444318.031437322522	2391.7151581496
0	5377	444646.571867633636	1824.386522267
0	5388	445676.780846016507	2083.1341237295
0	5395	446118.573876097824	1800.5424387753
0	5406	446981.407258333664	1955.8137129061
0	5413	447353.642716398489	1586.8751599453
0	5426	448356.838162941885	2015.5740339775
0	5435	449075.819277483997	2046.5477140155
0	5444	449940.66921570341	2053.2808303367
0	5453	450800.180937303257	2443.3427743614
0	5462	451571.634715190184	2495.8154377062
0	5467	451886.570846708518	1945.9016310051
0	5480	453281.415995070737	2481.2350577675
0	5487	453783.243009215247	2211.6082940251
0	5498	454859.187282482188	2413.4759553708
0	5507	455668.702196516123	2387.2862014454
0	5512	456046.704421564963	1973.2943777461
0	5525	456903.456174256307	2044.2688917741
0	5532	457304.581326339421	1635.8791298233
0	5541	458166.959183430326	1742.5228051376
0	5548	458994.155365694342	2090.699191438
0	5561	459715.172528335852	2085.7542558108
0	5570	460579.393268656013	2102.9659804422
0	5575	461094.242728734416	1969.4008322898
0	5584	461991.524193948162	2276.3516656123
0	5593	462710.71857861246	2131.3253099564
0	5602	463325.004439847572	1889.3268865999
0	5611	464111.722244136063	1798.5709654167
0	5624	465112.864825269235	2135.1850794163
0	5629	465424.987049354268	1642.4105299171
0	5638	465940.628675557701	1443.444059277
0	5651	467133.741705631865	2020.8768803626
0	5658	467771.591072715847	2140.4740144964
0	5665	468328.953823121293	1876.9297299441
0	5678	469618.472826294629	2484.7311206628
0	5685	470280.788096599309	2329.8617504071
0	5692	470854.596438305481	2127.4777743034
0	5705	471740.832584118499	2122.3597578239
0	5710	472057.690315833344	1642.5327309407
0	5721	473084.549933485715	1972.0733139664
0	5730	473900.660000368981	2159.8274162505
0	5739	474640.642236778541	2084.2283321545
0	5746	475113.364180130912	1723.4494359232
0	5755	476041.875811340316	1949.7264803387
0	5764	476880.59471589516	1955.9600355104
0	5773	477474.627110688045	1837.217027368
0	5784	478445.786555903061	2029.6610359568
0	5791	479201.308451173856	2055.3997285198
0	5804	479949.412377225263	2309.6179751214
0	5809	480413.781254505767	1874.1212446243
0	5822	481168.922904739184	1781.3343883026
0	5827	481658.914687531097	1709.5023103058
0	5838	482534.25124143253	2059.0583803598
0	5845	483346.203668089611	2177.2807633504
0	5856	484383.70343330319	2443.5691329651
0	5863	484893.631210969789	2168.3797363658
0	5876	485959.023783635375	2358.2632442471
0	5883	486633.557563042295	2204.6084927861
0	5890	487036.552897375104	1778.5831863061
0	5903	488401.778894662885	2442.7551110275
0	5912	489146.392763732029	2463.1303966977
0	5919	489613.250485667987	2050.9197662584
0	5926	489966.901194769917	1565.122300107
0	5937	490931.06172904375	1784.6689653117
0	5944	491588.755523879109	1962.3654261231
0	5953	492340.11492859575	1970.1776366215
0	5962	493323.570320103345	2201.8629068043
0	5971	494059.476075740558	2048.2578214724
0	5984	495251.812935574007	2527.0208547357
0	5991	495718.198189046261	2101.1071329005
0	5998	496083.508993126479	1618.4932609554
0	6011	497397.636353317675	2145.8234177437
0	6020	498136.53715685944	2403.3230239525
0	6025	498468.061733711538	1953.0019494239
0	6038	499356.244925782112	1958.6085724644
0	6047	500194.249220984084	2057.7120641246
0	6054	500808.533782465411	2084.9831620697
0	6065	501457.500376040144	2101.255450258
0	6074	502143.47596443261	1949.2267434485
0	6083	502897.520330781145	1910.1066643372
0	6088	503446.337832044838	1988.8374560047
0	6101	504293.60703458081	2150.1310701482
0	6110	505107.486656773863	2209.9663259927
0	6117	505925.01347903165	2412.6021879259
0	6126	506417.599589517368	2123.9925549366
0	6133	507026.555753219901	1919.069096446
0	6144	507755.762525601341	1812.5583667774
0	6153	508787.262862594827	2123.6027652863
0	6160	509442.105998145445	2089.6961785387
0	6169	510170.836076466395	1960.4696396738
0	6180	510884.574898984312	1884.7400113475
0	6189	511697.595060104533	1827.1823629271
0	6200	512306.086482759594	1922.7761400864
0	6205	512627.038937481149	1403.3845187165
0	6216	513861.936117801844	2084.0478069149
0	6223	514371.47564110349	2065.3891583439
0	6234	515476.918509369745	2407.9736047424
0	6243	516135.132374055714	2186.4615419414
0	6250	516774.68123389411	1937.6606937032
0	6261	517722.616825718463	2144.4915963337
0	6268	518154.690046794743	1804.4719178695
0	6277	518981.504113879084	1771.2745558005
0	6290	519941.014052415296	1935.0500453264
0	6295	520313.635873887717	1746.300589107
0	6306	521469.313787436143	2225.1545028761
0	6313	521935.824697092206	1994.8106446769
0	6324	523038.899004925072	2241.277151322
0	6335	523860.019360296458	2330.9062681161
0	6342	524209.965995606065	1852.3378032725
0	6349	524817.254040855944	1667.8220129572
0	6360	525952.597821923003	2092.5784616265
0	6369	526697.714795591339	2247.0297049731
0	6378	527518.605632800639	2292.1948517673
0	6385	527831.129101803556	1775.1998102758
0	6396	528898.134386725753	1974.1389884613
0	6403	529393.610425572872	1866.6503407527
0	6412	530365.349277388333	2189.1080971342
0	6421	531217.07645044665	2190.3017924633
0	6430	531886.438310472323	2015.0057720952
0	6439	532318.030996480985	1590.0027026888
0	6448	533159.963678754894	1828.5847628955
0	6457	533768.212656676798	1661.1129930709
0	6468	535075.80586359839	2178.738107672
0	6477	535621.933248359739	1932.8823485412
0	6484	535982.071275031223	1566.2411509082
0	6493	536560.953234694927	1381.4781866502
0	6502	537185.171450860828	1326.8741743639
0	6513	538251.340565783933	2012.8846253268
0	6524	539043.727474194049	2088.7080975808
0	6531	539485.087892320036	1752.4786690716
0	6542	540345.397368259757	1855.9638975654
0	6549	541008.300948143034	1964.573473949
0	6556	541324.221900058939	1591.0501501523
0	6565	542491.586050065263	2146.1886818055
0	6576	543448.005114588916	2258.0112881027
0	6587	544335.702397255256	2278.7697559688
0	6596	545191.315913200408	2312.7166487742
0	6603	545730.210133502289	2265.5941426288
0	6612	546542.801366513625	2207.0989692584
0	6621	547194.244617735997	2002.9287045356
0	6628	547690.836005704507	1795.8872803487
0	6639	548982.175661204412	2308.3145960234
0	6650	549842.503661708936	2423.6008428968
0	6657	550353.732425719529	2162.2158831451
0	6666	551105.811628885597	2066.7444638908
0	6673	551492.242164909869	1649.7385032009
0	6686	552530.281305871933	1889.7056485992
0	6693	553134.44981588985	1846.48959185
0	6700	553852.632445050433	2187.0383472182
0	6709	554398.258567834302	1867.9772619624
0	6720	555537.80791265893	2116.1220172886
0	6727	555881.216370407522	1706.7518920172
0	6740	557119.967610854686	2312.716627121
0	6747	557694.243975961611	2151.2014984153
0	6754	558187.979857670173	1889.5515408833
0	6765	559271.449603233518	2151.4819923788
0	6776	560213.794438820363	2309.1154713649
0	6781	560553.853908134655	1881.4767600037
0	6794	561575.133071886407	2112.2624456417
0	6799	561921.278266841577	1707.4838280212
0	6810	562876.578518422352	1843.2615746744
0	6821	563860.465793358194	2285.3327214718
0	6830	564536.959161842274	2229.8644707073
0	6839	565385.219251317936	2386.968682101
0	6848	566258.185132406685	2397.7193390485
0	6855	566893.915337277609	2356.9561754353
0	6862	567289.292787434566	1904.0735361166
0	6873	568513.239051215383	2255.0539188087
0	6880	569244.78478948589	2131.9518484175
0	6889	569806.827062834088	1892.3090227414
0	6900	570936.767217842895	2186.0927672591
0	6907	571653.72428633276	2063.3231013548
0	6920	572565.444858977605	2168.7822487671
0	6925	573252.43444014344	2181.3301986549
0	6938	574293.088458292221	2446.8027854338
0	6945	574868.368183588644	2302.923324611
0	6956	575785.275330394542	2371.3924944866
0	6963	576433.622548403254	2140.534090111
0	6972	577234.324276121369	2298.6754606012
0	6983	577993.84305006828	2208.5677196737
0	6990	578548.081311257592	2039.0529932454
0	6997	579120.469095278567	1853.0995928217
0	7006	579892.987482436037	1899.1444323678
0	7015	580505.153897451272	1838.299497636
0	7024	581371.77868019793	1853.7298159674
0	7033	582136.963239451906	1895.6532281823
0	7042	582736.336896149478	1699.3826755788
0	7053	583687.99930172976	1857.1941810194
0	7060	584314.83819885183	1798.8936900627
0	7065	584912.289025587997	1655.4569881875
0	7078	586027.048391802273	1975.9901222773
0	7089	586514.731283113397	1576.056491537
0	7096	586854.2955421843	1179.2075450532
0	7107	587659.540492063425	1573.2685694005
0	7110	588115.891367057375	1551.7512590624
0	7123	589383.654444012828	2059.1458752751
0	7134	590334.765839064531	2139.5352328196
0	7145	591154.944130824916	2103.7668458652
0	7150	591567.041177954562	1698.3358453028
0	7161	592704.139330470972	2273.133274354
0	7168	593159.993604663797	2005.0494738389
0	7179	594035.841571725942	2138.6680782773
0	7186	594461.114236107134	1740.9720283002
0	7199	595534.310926543586	1932.7057113871
0	7206	596318.039196962528	2223.2497510035
0	7217	597211.570426588915	2485.5872103944
0	7226	597712.833009241186	2178.5220826976
0	7233	598431.792446924411	2112.5035418663
0	7240	598928.991972282566	1717.4215456937
0	7249	599677.653245301954	1964.8202360608
0	7260	600477.400773530863	2020.2796749305
0	7267	601316.681777592785	2099.8971511144
0	7280	602300.222158385478	2257.4535790365
0	7289	602920.887371012978	2193.709499063
0	7298	603813.793188706077	2212.8797443584
0	7305	604684.525918867476	2384.303760482
1	3165	260581.49012080395	350
1	3174	261409.179132431758	351
1	3185	262141.683196602402	352
1	3194	262978.887537494315	353
1	3203	263840.652339672683	354
1	3210	264274.624671600772	355
1	3221	265382.373398216455	356
1	3228	265827.254393789931	357
1	3235	266565.840583294644	358
1	3248	267501.920480187996	359
1	3257	268349.163905018954	360
1	3262	268873.360121715827	361
1	3275	269846.933855116381	362
1	3284	270349.666776694371	363
1	3293	271153.010861529051	364
1	3298	271473.925500316559	365
1	3309	272475.181243568672	366
1	3316	273208.206405770047	367
1	3325	273847.283433191493	368
1	3338	274943.09244062753	369
1	3343	275429.183541610852	370
1	3352	276100.758230080843	371
1	3361	276945.117197139204	372
1	3374	277715.745185455322	373
1	3383	278509.563258849099	374
1	3388	278886.362151755035	375
1	3399	279928.292083181456	376
1	3406	280559.67584252359	377
1	3415	281248.965643532589	378
1	3424	281759.313726145789	379
1	3433	283115.713101066664	380
1	3446	283793.798191286639	381
1	3453	284454.00330391714	382
1	3462	285069.792313082159	383
1	3471	285726.055625081079	384
1	3482	286635.560251912118	385
1	3487	287076.042295200766	386
1	3498	287799.766359804215	387
1	3509	288599.090194981562	388
1	3514	289183.148709638061	389
1	3525	289977.895152289437	390
1	3534	290913.411249825748	391
1	3545	291795.158064225706	392
1	3550	292122.701186360809	393
1	3559	292976.221107970941	394
1	3568	293746.912150131557	395
1	3579	294859.169593825955	396
1	3586	295550.169427273813	397
1	3595	296167.229121085274	398
1	3608	297008.094745595026	399
1	3615	297474.307900434378	400
1	3622	298109.298349963519	401
1	3631	299101.500645512734	402
1	3640	299698.408018564824	403
1	3651	300738.754944875855	404
1	3660	301697.161898855138	405
1	3669	302417.945716856066	406
1	3678	303342.453511990625	407
1	3685	304031.080992473308	408
1	3694	304924.353415751848	409
1	3703	305834.185965964589	410
1	3714	306484.946732455883	411
1	3723	307307.039047172312	412
1	3732	308141.687766322884	413
1	3739	308572.25624816494	414
1	3748	309498.884201562051	415
1	3757	310304.127565166	416
1	3766	310942.616818472761	417
1	3775	311845.213821809757	418
1	3786	313051.993092102947	419
1	3795	313470.712966471928	420
1	3806	314369.65766334908	421
1	3813	314888.934724638256	422
1	3822	315770.968382293376	423
1	3833	316618.130264058727	424
1	3842	317377.026002760994	425
1	3847	317727.937068790215	426
1	3860	318945.516983885335	427
1	3865	319453.501130500825	428
1	3874	320254.455350060033	429
1	3883	320912.554492475482	430
1	3896	322011.597249470669	431
1	3905	322834.210612624902	432
1	3914	323600.389405712504	433
1	3923	324309.399612201396	434
1	3928	324686.127437464911	435
1	3939	325640.480223856885	436
1	3946	326453.651200002078	437
1	3955	326798.956417059544	438
1	3964	327601.397106098029	439
1	3977	328807.182511501032	440
1	3982	329185.946940165031	441
1	3995	330387.491318117845	442
1	4004	331048.004078306276	443
1	4009	331449.483918584902	444
1	4018	332208.410991914588	445
1	4027	332753.453585738335	446
1	4036	333745.927771087754	447
1	4045	334256.544655188937	448
1	4054	335159.087588964049	449
1	4063	335981.905062915776	450
1	4074	336812.178318388779	451
1	4081	337389.071677811463	452
1	4092	338300.979138817658	453
1	4101	338953.880678024163	454
1	4110	339809.213973255848	455
1	4119	340837.52455045471	456
1	4130	341523.737355927024	457
1	4135	341854.131294228155	458
1	4148	342863.143320567925	459
1	4157	343728.737467015181	460
1	4164	344420.550624048356	461
1	4175	345319.768130499888	462
1	4184	346217.436818964798	463
1	4189	346654.643303062785	464
1	4198	347049.097816413287	465
1	4211	348411.331996740793	466
1	4220	349220.599445002173	467
1	4229	350093.116665165891	468
1	4236	350677.279458660652	469
1	4247	351706.631019897779	470
1	4256	352248.326417338123	471
1	4261	352590.948039013912	472
1	4274	353682.958442671245	473
1	4283	354330.100454902297	474
1	4290	354924.224980082384	475
1	4301	355908.380530262387	476
1	4310	356511.04278098794	477
1	4317	357257.610092405251	478
1	4328	358032.167117251105	479
1	4335	358512.477168906502	480
1	4342	359168.692022468916	481
1	4355	360257.105181505925	482
1	4362	360817.681208532325	483
1	4369	361382.808692939601	484
1	4378	362017.97704990024	485
1	4391	363217.235286254458	486
1	4396	363821.526635577924	487
1	4405	364481.86762989501	488
1	4416	365500.157146761216	489
1	4423	365884.41649284216	490
1	4436	366787.854607589564	491
1	4443	367583.32505724395	492
1	4454	368465.272274566835	493
1	4459	368841.496328730157	494
1	4470	369850.275632087162	495
1	4477	370362.282959371826	496
1	4486	370882.021807506702	497
1	4495	371446.063594054452	498
1	4508	372249.232690315716	499
1	4513	372549.873154470719	500
1	4526	373738.213634211593	501
1	4535	374627.601190796145	502
1	4542	375153.389937942871	503
1	4551	375849.172013299563	504
1	4560	376783.505733869993	505
1	4569	377660.345539916329	506
1	4578	378105.022324249171	507
1	4585	378540.203476231568	508
1	4594	379195.537685416662	509
1	4605	380325.688348850258	510
1	4612	380733.828550251223	511
1	4625	381819.882530719065	512
1	4632	382294.931042147824	513
1	4641	382929.224622342759	514
1	4648	383855.13618984262	515
1	4661	384830.841236002767	516
1	4668	385522.63803337703	517
1	4675	386201.98676772418	518
1	4688	387363.680851086998	519
1	4695	387983.439865568677	520
1	4704	388754.984725406418	521
1	4713	389476.096716010967	522
1	4722	390720.016826922098	523
1	4731	391304.079045821005	524
1	4742	392023.691311525204	525
1	4749	392657.180139748403	526
1	4758	393502.398164570355	527
1	4767	394330.541979521536	528
1	4774	394779.804034112044	529
1	4783	395456.272940151417	530
1	4792	395967.058964353079	531
1	4801	396727.040399098793	532
1	4812	397367.707366682613	533
1	4819	397802.963974233741	534
1	4828	398832.0478579961	535
1	4837	399547.369051538431	536
1	4848	400658.651982620382	537
1	4855	401214.214883325645	538
1	4868	402342.582425382012	539
1	4875	402828.05880820381	540
1	4886	403648.404763452732	541
1	4895	404524.959475128003	542
1	4902	405286.491142027103	543
1	4913	406062.002323055663	544
1	4918	406438.723316928395	545
1	4931	407547.505087684863	546
1	4938	408064.726181142055	547
1	4945	409152.955566672631	548
1	4958	410101.514458050974	549
1	4965	410728.540701605402	550
1	4976	411528.086758218728	551
1	4981	411872.921941755362	552
1	4992	412849.999552499525	553
1	4999	413272.40684386345	554
1	5008	414165.526204230286	555
1	5021	415146.448022732533	556
1	5028	415611.847126996167	557
1	5035	416478.610073821641	558
1	5044	417193.964441819138	559
1	5053	418090.557892061792	560
1	5062	418687.426175829046	561
1	5073	419284.86121259632	562
1	5082	419999.647906003543	563
1	5091	420609.2744573951	564
1	5102	421453.783245384716	565
1	5111	422182.000013580569	566
1	5116	422792.105215368816	567
1	5129	423392.689212877327	568
1	5134	423871.99501069265	569
1	5143	424503.509113239148	570
1	5156	425710.070579918125	571
1	5163	426468.407316086837	572
1	5174	427186.727976473072	573
1	5179	427704.992239410081	574
1	5188	428723.671703226888	575
1	5197	429088.352350378433	576
1	5208	430443.492390448252	577
1	5217	431359.704326698581	578
1	5224	431772.159277461494	579
1	5233	432401.091307215417	580
1	5242	432989.919387409489	581
1	5251	434068.183276942025	582
1	5260	435403.257082449297	583
1	5269	435812.424062518428	584
1	5278	436914.572848565901	585
1	5287	437404.768597846875	586
1	5298	438077.242415584648	587
1	5305	438772.930724965433	588
1	5316	439511.585107399175	589
1	5323	440073.065281240293	590
1	5336	441034.946202300513	591
1	5341	441895.154088176811	592
1	5352	442607.15026063847	593
1	5361	443591.747616324598	594
1	5372	444318.031437322522	595
1	5377	444646.571867633636	596
1	5388	445676.780846016507	597
1	5395	446118.573876097824	598
1	5406	446981.407258333664	599
1	5413	447353.642716398489	600
1	5426	448356.838162941885	601
1	5435	449075.819277483997	602
1	5444	449940.66921570341	603
1	5453	450800.180937303257	604
1	5462	451571.634715190184	605
1	5467	451886.570846708518	606
1	5480	453281.415995070737	607
1	5487	453783.243009215247	608
1	5498	454859.187282482188	609
1	5507	455668.702196516123	610
1	5512	456046.704421564963	611
1	5525	456903.456174256307	612
1	5532	457304.581326339421	613
1	5541	458166.959183430326	614
1	5548	458994.155365694342	615
1	5561	459715.172528335852	616
1	5570	460579.393268656013	617
1	5575	461094.242728734416	618
1	5584	461991.524193948162	619
1	5593	462710.71857861246	620
1	5602	463325.004439847572	621
1	5611	464111.722244136063	622
1	5624	465112.864825269235	623
1	5629	465424.987049354268	624
1	5638	465940.628675557701	625
1	5651	467133.741705631865	626
1	5658	467771.591072715847	627
1	5665	468328.953823121293	628
1	5678	469618.472826294629	629
1	5685	470280.788096599309	630
1	5692	470854.596438305481	631
1	5705	471740.832584118499	632
1	5710	472057.690315833344	633
1	5721	473084.549933485715	634
1	5730	473900.660000368981	635
1	5739	474640.642236778541	636
1	5746	475113.364180130912	637
1	5755	476041.875811340316	638
1	5764	476880.59471589516	639
1	5773	477474.627110688045	640
1	5784	478445.786555903061	641
1	5791	479201.308451173856	642
1	5804	479949.412377225263	643
1	5809	480413.781254505767	644
1	5822	481168.922904739184	645
1	5827	481658.914687531097	646
1	5838	482534.25124143253	647
1	5845	483346.203668089611	648
1	5856	484383.70343330319	649
1	5863	484893.631210969789	650
1	5876	485959.023783635375	651
1	5883	486633.557563042295	652
1	5890	487036.552897375104	653
1	5903	488401.778894662885	654
1	5912	489146.392763732029	655
1	5919	489613.250485667987	656
1	5926	489966.901194769917	657
1	5937	490931.06172904375	658
1	5944	491588.755523879109	659
1	5953	492340.11492859575	660
1	5962	493323.570320103345	661
1	5971	494059.476075740558	662
1	5984	495251.812935574007	663
1	5991	495718.198189046261	664
1	5998	496083.508993126479	665
1	6011	497397.636353317675	666
1	6020	498136.53715685944	667
1	6025	498468.061733711538	668
1	6038	499356.244925782112	669
1	6047	500194.249220984084	670
1	6054	500808.533782465411	671
1	6065	501457.500376040144	672
1	6074	502143.47596443261	673
1	6083	502897.520330781145	674
1	6088	503446.337832044838	675
1	6101	504293.60703458081	676
1	6110	505107.486656773863	677
1	6117	505925.01347903165	678
1	6126	506417.599589517368	679
1	6133	507026.555753219901	680
1	6144	507755.762525601341	681
1	6153	508787.262862594827	682
1	6160	509442.105998145445	683
1	6169	510170.836076466395	684
1	6180	510884.574898984312	685
1	6189	511697.595060104533	686
1	6200	512306.086482759594	687
1	6205	512627.038937481149	688
1	6216	513861.936117801844	689
1	6223	514371.47564110349	690
1	6234	515476.918509369745	691
1	6243	516135.132374055714	692
1	6250	516774.68123389411	693
1	6261	517722.616825718463	694
1	6268	518154.690046794743	695
1	6277	518981.504113879084	696
1	6290	519941.014052415296	697
1	6295	520313.635873887717	698
1	6306	521469.313787436143	699
1	6313	521935.824697092206	700
1	6324	523038.899004925072	701
1	6335	523860.019360296458	702
1	6342	524209.965995606065	703
1	6349	524817.254040855944	704
1	6360	525952.597821923003	705
1	6369	526697.714795591339	706
1	6378	527518.605632800639	707
1	6385	527831.129101803556	708
1	6396	528898.134386725753	709
1	6403	529393.610425572872	710
1	6412	530365.349277388333	711
1	6421	531217.07645044665	712
1	6430	531886.438310472323	713
1	6439	532318.030996480985	714
1	6448	533159.963678754894	715
1	6457	533768.212656676798	716
1	6468	535075.80586359839	717
1	6477	535621.933248359739	718
1	6484	535982.071275031223	719
1	6493	536560.953234694927	720
1	6502	537185.171450860828	721
1	6513	538251.340565783933	722
1	6524	539043.727474194049	723
1	6531	539485.087892320036	724
1	6542	540345.397368259757	725
1	6549	541008.300948143034	726
1	6556	541324.221900058939	727
1	6565	542491.586050065263	728
1	6576	543448.005114588916	729
1	6587	544335.702397255256	730
1	6596	545191.315913200408	731
1	6603	545730.210133502289	732
1	6612	546542.801366513625	733
1	6621	547194.244617735997	734
1	6628	547690.836005704507	735
1	6639	548982.175661204412	736
1	6650	549842.503661708936	737
1	6657	550353.732425719529	738
1	6666	551105.811628885597	739
1	6673	551492.242164909869	740
1	6686	552530.281305871933	741
1	6693	553134.44981588985	742
1	6700	553852.632445050433	743
1	6709	554398.258567834302	744
1	6720	555537.80791265893	745
1	6727	555881.216370407522	746
1	6740	557119.967610854686	747
1	6747	557694.243975961611	748
1	6754	558187.979857670173	749
1	6765	559271.449603233518	750
1	6776	560213.794438820363	751
1	6781	560553.853908134655	752
1	6794	561575.133071886407	753
1	6799	561921.278266841577	754
1	6810	562876.578518422352	755
1	6821	563860.465793358194	756
1	6830	564536.959161842274	757
1	6839	565385.219251317936	758
1	6848	566258.185132406685	759
1	6855	566893.915337277609	760
1	6862	567289.292787434566	761
1	6873	568513.239051215383	762
1	6880	569244.78478948589	763
1	6889	569806.827062834088	764
1	6900	570936.767217842895	765
1	6907	571653.72428633276	766
1	6920	572565.444858977605	767
1	6925	573252.43444014344	768
1	6938	574293.088458292221	769
1	6945	574868.368183588644	770
1	6956	575785.275330394542	771
1	6963	576433.622548403254	772
1	6972	577234.324276121369	773
1	6983	577993.84305006828	774
1	6990	578548.081311257592	775
1	6997	579120.469095278567	776
1	7006	579892.987482436037	777
1	7015	580505.153897451272	778
1	7024	581371.77868019793	779
1	7033	582136.963239451906	780
1	7042	582736.336896149478	781
1	7053	583687.99930172976	782
1	7060	584314.83819885183	783
1	7065	584912.289025587997	784
1	7078	586027.048391802273	785
1	7089	586514.731283113397	786
1	7096	586854.2955421843	787
1	7107	587659.540492063425	788
1	7110	588115.891367057375	789
1	7123	589383.654444012828	790
1	7134	590334.765839064531	791
1	7145	591154.944130824916	792
1	7150	591567.041177954562	793
1	7161	592704.139330470972	794
1	7168	593159.993604663797	795
1	7179	594035.841571725942	796
1	7186	594461.114236107134	797
1	7199	595534.310926543586	798
1	7206	596318.039196962528	799
1	7217	597211.570426588915	800
1	7226	597712.833009241186	801
1	7233	598431.792446924411	802
1	7240	598928.991972282566	803
1	7249	599677.653245301954	804
1	7260	600477.400773530863	805
1	7267	601316.681777592785	806
1	7280	602300.222158385478	807
1	7289	602920.887371012978	808
1	7298	603813.793188706077	809
1	7305	604684.525918867476	810

