version 2
run Pipelined_3Teachers-61-20190105-10:57:31-17600
attr configname Pipelined_3Teachers
attr datetime 20190105-10:57:31
attr experiment Pipelined_3Teachers
attr inifile ../simulations/omnetpp.ini
attr iterationvars "$0=\"uniform\""
attr iterationvarsf uniform-
attr measurement "$0=\"uniform\""
attr network PipelinedExamSession
attr processid 17600
attr repetition 61
attr replication #61
attr resultdir results
attr runnumber 61
attr seedset 61
param **.teachersNumber 3
param **.answerTimeDistribution "\"uniform\""
param **.minUniform 300
param **.maxUniform 900
param **.scaleLognormal 6.2854
param **.shapeLognormal 0.4724

vector 0 PipelinedExamSession examinationTime:vector ETV
attr source examFinished
vector 1 PipelinedExamSession studentID:vector ETV
attr source student
0	3122	260857.254075631516	2363.905968843
0	3127	261444.82406498866	2073.5768468119
0	3136	262087.454086029918	1956.9532633759
0	3149	263125.602377392368	2268.3483017609
0	3156	263651.255738502385	2027.6491973083
0	3163	264633.439222723262	2372.2778785508
0	3174	265103.597099147753	1977.9947217554
0	3181	265901.66280562991	1935.3857423645
0	3192	266666.225773561762	1965.1207496412
0	3199	267427.988456748442	2053.5604381934
0	3210	268516.08113609256	2396.1100315209
0	3221	269201.965528400632	2199.9902073294
0	3228	269597.88793637419	1776.358049456
0	3235	269949.218147853407	1380.3594756871
0	3240	270641.159900603834	1439.1943722032
0	3257	272016.8134362437	2242.5006207079
0	3262	272489.588938560354	1840.8052283339
0	3273	273385.321278031932	2132.890537614
0	3280	273986.248685326444	1969.4352490827
0	3293	275364.035973977315	2470.250655245
0	3302	276209.512609569373	2465.1591056027
0	3311	276852.316278917732	2282.9666487873
0	3318	277388.924789428728	2024.8888154514
0	3329	278150.938648637401	1941.426039068
0	3334	278755.632322328182	1903.3160434104
0	3343	279265.962072042765	1639.8097557016
0	3352	279939.301218185591	1788.3625695482
0	3365	281242.322080861794	2364.4922597799
0	3370	281561.624184250849	1786.1623314209
0	3379	282588.506291806715	1937.8797648009
0	3392	283634.555432712677	2392.2333518509
0	3397	284155.952030327189	2111.5352786612
0	3408	284917.284925980512	2124.1481370293
0	3415	285407.093770802039	1772.5383380894
0	3424	286216.999464668351	1935.849222634
0	3433	286815.922382986191	1737.6829238143
0	3446	288023.360267747212	2158.5232526064
0	3451	288378.398310067151	1985.5045025703
0	3462	289130.314218672011	1856.4682373777
0	3469	289452.564616827313	1429.2043490801
0	3478	290220.883011119459	1523.4783701599
0	3487	290859.585940651614	1656.2672856264
0	3500	292111.933132773285	2237.9970488604
0	3509	292899.446660047417	2294.9770388659
0	3518	293448.587158229222	2029.3225232977
0	3525	294069.484546082114	1957.5514133088
0	3534	294609.161848621463	1709.715188574
0	3545	295649.971531843787	2201.3843736146
0	3552	296228.429541550597	1976.1733492836
0	3559	296835.602066433078	2043.3735761326
0	3568	297611.830577719978	1961.8590458762
0	3581	298957.670679967872	2590.0548960082
0	3590	299635.011758236236	2381.0102918185
0	3599	300080.954698473237	2011.7466368247
0	3606	300782.309642387576	1824.6389624197
0	3617	301533.835996734001	1898.8242384978
0	3626	302374.158832523994	2293.2041340508
0	3635	302998.273371253185	2208.8871668559
0	3642	303389.490723051153	1855.6547263172
0	3649	303947.404244262748	1573.2454117388
0	3658	304751.198218949162	1752.924847696
0	3671	305816.843940736749	2255.5872072
0	3676	306119.849293492758	1801.9992351998
0	3687	306908.103888575011	1733.6552424822
0	3698	307835.077419318282	2018.2334785815
0	3705	308346.168361511105	2011.3237348851
0	3712	309132.764913048619	2161.2565748859
0	3721	309932.755355536961	2097.6779362187
0	3730	310346.669798623794	1644.4462794811
0	3743	311517.844373965659	1974.9161149375
0	3750	312121.835057158046	1933.3571439609
0	3757	312426.959823584207	1728.174154507
0	3766	313227.745210519084	1709.9008365534
0	3779	314510.47380426901	2158.5166837089
0	3784	315134.259273670638	1975.2414307091
0	3797	316111.963515915001	2278.8607188966
0	3806	316941.249989625091	2430.7761853561
0	3815	317555.608349572892	2192.2916484531
0	3820	318256.520636798839	2144.5571208838
0	3831	318804.880549572433	1863.6305599473
0	3842	319958.602330600869	2402.993981028
0	3847	320287.604426080387	1920.9363641683
0	3860	321521.859495900597	2255.5467319675
0	3867	321995.639661792691	2037.0373311918
0	3874	322307.381380721952	1492.7232335787
0	3887	323535.460353596162	2013.6008576956
0	3894	324325.692024640765	2146.1078329012
0	3901	324690.397767908897	1917.2586238012
0	3912	325567.068246379521	2031.6078927834
0	3921	326089.71776082183	1715.8259052783
0	3928	326717.652329150613	1915.1683547068
0	3937	327772.386806225429	2140.4588052537
0	3946	328692.439001100164	2230.533978017
0	3959	329622.501888033029	2331.8381376565
0	3964	330114.039665227782	1945.8897380624
0	3973	330496.75905089828	1550.1352951862
0	3986	331908.137577865299	2285.6356898323
0	3991	332212.093281280276	1898.6483364366
0	4000	332941.27013571563	1758.503648825
0	4013	334206.701540853855	2298.5639629886
0	4022	334735.261185653535	1959.6147390548
0	4031	335270.562376594198	1882.1550630033
0	4038	335817.728942027343	1611.0274011735
0	4045	336344.538600929109	1609.2774152756
0	4054	336934.823009558049	1664.2606329639
0	4063	337684.92308151911	1592.0365207829
0	4074	338612.059382675243	1987.7817397937
0	4081	339204.797187354443	1879.2017532047
0	4092	339943.813901580898	1880.2023674827
0	4103	340579.270234750612	1739.4665967207
0	4108	341254.648773930995	1867.0839141123
0	4117	341661.631609546049	1639.3346839584
0	4126	342654.391027987032	2075.1207932364
0	4135	343049.746904941304	1682.9075608402
0	4144	343819.246271112962	1944.4101161789
0	4157	344497.337938053562	1823.0066391639
0	4162	344934.854813106387	1695.7583409268
0	4173	346231.392606720357	2266.6723005474
0	4182	347097.084193350776	2599.7462552972
0	4189	347478.458598721801	2125.2371988259
0	4198	348223.688987502857	1982.454990875
0	4211	349561.926247319236	2426.0086050723
0	4220	350176.008010888502	2221.9637698028
0	4225	350632.83537668179	1849.0374261048
0	4234	351335.001449659497	1773.0752023403
0	4243	352307.721082773089	2131.7130718846
0	4252	353022.931243199885	2009.5419736113
0	4265	354094.862701417907	2252.5816706009
0	4272	354871.738834166928	2179.5333811082
0	4279	355371.703063650086	2131.4949033782
0	4292	356113.126904424309	2018.2642030064
0	4297	356462.418493023171	1501.9150278065
0	4302	356834.95716266337	1336.175213987
0	4315	357810.961595736473	1697.8346913122
0	4324	358629.362452682137	1670.9411209915
0	4335	359491.32515201348	2010.1246152073
0	4344	360033.577302284568	1808.8246619795
0	4355	360726.209406461596	1657.5264478102
0	4364	361533.428253186896	1934.3038191553
0	4371	362276.677783392399	2214.6484297235
0	4378	363050.574300996988	2324.3648945354
0	4387	363549.668108951329	2016.2398557644
0	4398	364236.875656899093	1842.5662506837
0	4409	365266.92941947843	2050.0816016458
0	4418	366116.951860953151	2329.7942792997
0	4427	366758.475401205971	2351.0260496289
0	4434	367359.675730951159	2092.7463114727
0	4443	368071.232569310843	1954.2807083577
0	4454	369183.514530630811	2425.0391294248
0	4463	369859.564571036055	2355.27369068
0	4472	370750.210143998294	2395.7700286992
0	4479	371304.144344246044	2120.6298136152
0	4488	372003.751596249668	2144.1870252136
0	4499	372872.737191896914	2122.5270478986
0	4504	373204.946648329525	1767.9130481556
0	4515	374491.002068063273	2447.957473062
0	4522	374835.357477190002	1962.6202852931
0	4535	375628.518462320819	1892.8355567157
0	4540	376246.310175396531	1728.9776550606
0	4553	377187.901169294521	2154.3594280723
0	4562	377757.219264842599	2128.7008025218
0	4569	378491.900951089367	2042.9190452211
0	4578	378902.697562426358	1714.7963931318
0	4585	379494.05456087555	1736.835296033
0	4598	380360.819265944913	1836.5561314859
0	4605	381176.253167632997	1876.1596977711
0	4614	381690.24236057888	1915.3292481322
0	4621	382363.967814389646	2003.1485484447
0	4630	383268.04266110997	2077.9305864125
0	4639	383820.551958074824	1856.1669270974
0	4648	384739.45509530607	1977.9152287636
0	4661	385851.225446769998	2336.0806319397
0	4670	386586.197047680647	2201.3886538334
0	4677	386988.475095341013	1851.3581105042
0	4686	387762.931813811914	1911.7063670419
0	4695	388343.447039555789	1757.2499918751
0	4702	388823.063397221298	1617.8908527363
0	4715	389999.810871854455	2190.0650967378
0	4720	390377.552994992615	1931.8079908378
0	4729	391209.537403285534	1916.0573379602
0	4740	392023.055898724154	2023.2450268697
0	4751	392947.001651488275	2235.8660877217
0	4760	393808.348068175868	2394.006883353
0	4769	394572.37828988585	2393.5896844603
0	4778	395434.605832211704	2487.6041807234
0	4785	395786.562126455859	1978.21405828
0	4792	396663.399445032731	2091.0211551469
0	4803	397045.555235585229	1610.9494033735
0	4810	397540.631334856184	1401.7670839559
0	4819	398175.868220161678	1472.2924546804
0	4832	399392.525269836219	2293.8981457148
0	4837	399714.320073975282	1921.2765395176
0	4846	400297.890334809231	1751.5343476553
0	4855	401368.778641009736	1976.2533711735
0	4864	401914.510585460845	1649.6862004045
0	4873	402735.590988211366	1840.7257838175
0	4886	403838.929963018778	2391.5585741401
0	4891	404384.883752558413	2047.8892068844
0	4904	405200.442338129538	1971.4308525436
0	4913	406072.898732638019	2233.9687696192
0	4918	406490.104673523488	1872.5071275607
0	4927	407016.080902190911	1815.6385640614
0	4940	408186.174450488793	2113.2757178508
0	4949	408757.532409438895	2009.7752179485
0	4954	409230.009018536689	1650.192510942
0	4963	409569.514328939871	1383.3398784511
0	4972	410683.083865977855	1925.551456539
0	4981	411246.697373874517	1824.790219171
0	4994	412374.245752813326	2113.3738169912
0	4999	412812.126467283847	1769.7928971145
0	5008	413683.505891729177	2165.6797693111
0	5017	414647.616842016609	2273.3710892033
0	5026	415237.855302169951	1968.9307733439
0	5035	416185.239053377914	2043.8387193717
0	5044	417133.256398793341	2226.2239462696
0	5053	417652.696333592788	1971.6512524523
0	5066	418672.472693771155	2093.9605870284
0	5073	419012.748612184109	1590.5928874388
0	5084	420281.911262590469	2170.2629615553
0	5091	420922.534847958044	2250.0621541869
0	5098	421423.596033174576	2032.7371360268
0	5111	422508.153199218244	2226.2419366278
0	5118	423328.392920689688	2227.4742593989
0	5125	423855.597053468258	2145.059299143
0	5138	424824.535424541713	2316.3822253235
0	5145	425444.458545651318	2109.2367895413
0	5156	426255.315113207357	2251.4891937375
0	5161	426565.209947666185	1740.6745231245
0	5174	427693.282218463751	2246.1386610288
0	5181	428329.972454113918	2074.6573409066
0	5188	428900.795073760706	2015.5984022655
0	5197	429674.258593842419	1980.9763753787
0	5206	429995.308854756909	1462.3570178635
0	5215	431101.729956362429	1757.9939543735
0	5224	431692.475857073474	1744.171846658
0	5233	432416.979362396555	1816.7509897146
0	5242	433219.064919417757	1753.5998345353
0	5251	434072.357969870823	1993.7172914855
0	5260	434562.708782963487	1677.9773649294
0	5269	435128.630933258714	1363.3307059295
0	5280	436322.660634527015	2072.4729025271
0	5287	436925.429058959739	2100.8983220905
0	5296	437406.234503584014	1870.4727639444
0	5309	438798.010621313037	2365.3520427179
0	5314	439098.206512536885	1805.0644009374
0	5323	439703.782690130205	1686.260535568
0	5336	440877.509388187932	2079.4987668749
0	5345	441674.011717597055	2357.0362758357
0	5354	442454.645981686222	2441.1711338907
0	5361	442907.834895607116	2030.3255074192
0	5372	443942.682191915842	2268.6704743188
0	5377	444457.793627539682	2003.1476458535
0	5390	445358.111905586006	2253.8883327506
0	5399	446141.141438344525	2198.4592464287
0	5408	446875.275869853826	2149.6505009942
0	5417	447736.281919945063	2378.1700143591
0	5424	448410.244942596214	2269.1035042517
0	5435	449034.77594763975	2159.5000777859
0	5442	449624.485286045851	1888.2033661008
0	5451	450290.793116809831	1843.5071485117
0	5460	451118.553278641806	2083.7773310021
0	5471	451866.886822041156	2180.7143853977
0	5480	452697.116138739543	2271.3207773399
0	5489	453486.265596700864	2342.6487623714
0	5494	453844.398541795122	1977.511719754
0	5505	455009.817192284422	2312.7010535449
0	5514	455774.856321187722	2288.5907244869
0	5521	456471.909134695339	2174.2116461042
0	5532	457234.171875799107	2220.5844751094
0	5541	457988.425125600803	2101.8907784019
0	5550	458748.611431522328	2031.5231521614
0	5557	459147.046947805244	1764.9508123286
0	5566	459953.33415884528	1949.9286420643
0	5571	460518.419673666392	1650.6794332992
0	5584	461637.379933660884	1937.6053136308
0	5595	462669.563843216781	2102.8590263799
0	5604	463395.286002941464	2234.4688912388
0	5611	464089.51883562844	2042.3567439895
0	5624	465048.169431136956	2269.3304639775
0	5629	465452.833488537034	1778.8337046281
0	5642	466673.530916729977	2279.1609230451
0	5649	467513.43791331168	2465.2684821747
0	5658	468310.388168413227	2381.3168480527
0	5665	468687.674873415416	2014.1439566854
0	5674	469355.728854518418	1839.9644474499
0	5687	470347.65757801946	2010.3541991673
0	5696	470935.963752446731	2091.3312995341
0	5705	471826.398238213768	2298.2374110259
0	5710	472509.52591435056	2161.8683363311
0	5721	473319.082039408422	2383.1182869617
0	5728	473988.742987252807	2162.344749039
0	5741	474895.87799138393	2216.5613128804
0	5746	475230.79257588837	1671.2809536606
0	5759	476226.95772685114	2023.7845034804
0	5766	476854.402638785575	1958.5246474016
0	5777	477560.118368407745	2171.8817571178
0	5784	477978.454596642438	1751.4968697913
0	5795	478861.658032145384	1938.0724111106
0	5804	479672.980091907117	2112.8617234994
0	5813	480190.314049506593	2188.7960303575
0	5822	480943.293825024772	2081.6357928794
0	5827	481491.657394263926	1818.6773023568
0	5836	482036.347148660604	1846.033099154
0	5849	483062.504387833212	2119.2105628084
0	5858	483912.278125388582	2386.6651275661
0	5867	484675.743752159213	2400.8954554796
0	5874	485345.462253224139	2282.9578653909
0	5883	486220.672638108989	2308.3945127204
0	5894	487238.091064570507	2562.3473124113
0	5903	487917.746778996697	2404.9344124272
0	5908	488267.154297139531	1885.5414608493
0	5921	488962.773600686378	1724.6825361159
0	5930	489501.008102903179	1583.2613239065
0	5937	490166.171312425322	1793.8229255844
0	5944	490819.923161482475	1857.1495607961
0	5955	491578.156851232089	2077.1487483289
0	5966	492308.861433109306	2128.7347736768
0	5975	493105.867182556577	2168.8606016804
0	5982	493585.570423398204	1950.0459504314
0	5989	493900.105630885847	1591.2441977765
0	6000	494831.29760585729	1725.4304233007
0	6007	495454.804886458479	1667.718951311
0	6018	496542.536646500266	2150.1665515825
0	6027	497181.982189882583	1908.8493260555
0	6034	498069.625728623978	2046.4972742368
0	6047	498872.576959244943	2081.2350514345
0	6052	499498.332956247068	1994.5588914212
0	6065	500558.28591319736	2238.9157949947
0	6072	501245.621563447676	2373.0446042027
0	6081	501693.828353192693	1970.8858090919
0	6090	502801.447277655861	2243.1613644585
0	6099	503652.185533102638	2300.9345684666
0	6106	504052.841656236014	1854.5575336553
0	6115	504940.215827710963	2082.650915673
0	6128	505854.587791487612	2176.0606418364
0	6133	506181.921443715729	1656.6288127564
0	6144	507070.344066945874	1815.578708332
0	6151	507609.481238806658	1754.893447319
0	6160	508434.550502803214	1917.805319326
0	6173	509054.867613595017	1697.4351917859
0	6180	509574.06438142065	1411.2352869473
0	6191	510355.663458863311	1862.6417060383
0	6196	510920.777504844629	1865.9098912496
0	6207	511793.770480016284	2090.6119145919
0	6216	512581.520149391183	2225.8566905279
0	6225	513376.394568476865	2274.3022447452
0	6232	513857.969107758293	2030.1157853566
0	6245	514748.315460747146	2060.9519542661
0	6252	515343.050370225721	1921.402964741
0	6259	515924.809370096811	1912.9716178402
0	6268	516519.152211025395	1770.8367502782
0	6273	517076.952757034489	1677.8122818097
0	6288	518265.787323843726	2063.1042015273
0	6291	518620.326857361981	1541.2358160596
0	6304	519602.362322900484	1681.8918513134
0	6313	520609.414043230976	1981.5922034439
0	6322	521307.752271462271	1937.5451085158
0	6333	522234.764173300977	2085.3419875726
0	6340	522795.397596526931	1946.1944347713
0	6351	523742.139022238593	2118.2332233991
0	6358	524313.657828234177	1882.8531871084
0	6367	525231.488213315647	1967.0905960724
0	6380	526269.728796556633	2334.794810554
0	6385	526662.516209157225	1849.0717550274
0	6396	527876.350504998159	2354.0173573885
0	6403	528351.721633505118	2081.9928369485
0	6416	529400.873610377353	2314.2788283527
0	6421	529981.457204371732	2034.5968087669
0	6430	530465.585646824953	1842.3094348982
0	6439	531357.765523390886	1956.8919130135
0	6452	532446.046038530808	2305.8539556339
0	6459	533179.539973055985	2223.2812603936
0	6470	533842.301052343142	2086.4541973919
0	6477	534644.821313582402	2198.7752750516
0	6486	535461.740962090012	2123.0405420065
0	6495	536405.663871439216	2563.3628190961
0	6506	537047.521316679237	2315.3887817636
0	6515	537913.70201208633	2288.0626777187
0	6524	538634.34905027975	2172.9953324888
0	6533	539047.161894477947	1999.6405777987
0	6540	539734.97137371455	1821.2693616282
0	6551	540661.297814128964	2026.9487638492
0	6558	541275.8218207397	2228.6599262618
0	6567	542113.05765397851	2183.306819899
0	6574	542734.753895876973	2073.456081748
0	6587	543877.842039149298	2370.2289639506
0	6596	544773.65991356787	2499.877909245
0	6603	545162.141665862917	2087.6488022972
0	6610	545719.062491599514	1841.2204524502
0	6619	546756.199998222335	1982.5400846545
0	6630	547672.254622774243	2268.3911606669
0	6637	548208.846583217427	2086.5747339092
0	6648	549292.410487728238	2329.6801669523
0	6657	550046.642059693158	2351.6570369247
0	6664	550935.721781384245	2371.8294450548
0	6673	551442.460080189675	2047.6194740273
0	6682	552217.853983445137	1939.8329474498
0	6691	553033.624925371304	1940.431170864
0	6702	554160.006860364273	2326.556205377
0	6711	554680.682048667267	2010.6401958503
0	6718	555229.893364431381	1710.6137675699
0	6727	556063.980406941891	1813.8711643405
0	6740	557077.109010145113	1954.7454780433
0	6749	557898.20136269559	2341.3943578955
0	6756	558719.690007576764	2327.8917845339
0	6765	559408.701166883156	2331.592156738
0	6772	560048.617064952896	2150.4157022573
0	6785	561129.4020172209	2365.28641982
0	6790	561447.514684964017	1876.3766929507
0	6799	562273.810131987602	1869.9213209096
0	6808	562965.160381235228	1835.7583640143
0	6821	564314.523864397825	2327.9172335286
0	6826	564778.9903975558	2057.6384401415
0	6837	565454.937832290353	2016.8978091795
0	6846	566161.044077156158	1846.5202127583
0	6853	566549.316414445685	1574.6066420339
0	6862	567712.006249325396	2061.5804813337
0	6873	568412.861223192932	1970.968526043
0	6884	569278.521690191748	2067.7600469906
0	6889	569750.840396247851	1887.1618735604
0	6902	570964.074438018771	2374.5985582005
0	6909	571766.760505316826	2488.2388151251
0	6916	572139.956347737508	2049.9942221213
0	6927	573234.339751722338	2270.2653137036
0	6938	574216.097673308151	2445.4214709811
0	6947	575097.616129741119	2475.4302838817
0	6956	575931.74491957766	2459.9233048037
0	6963	576339.294228795962	2123.1965554878
0	6970	577066.609704773919	1968.9935750328
0	6983	577964.794984879019	2033.0500653014
0	6990	578349.155458062934	1832.3335028719
0	6997	579125.575641403022	1964.1760668252
0	7008	579871.364121884154	1906.5691370051
0	7015	580174.429258983629	1528.0456925277
0	7024	581150.187750812666	1820.7456492819
0	7035	582138.096344238194	2200.3532406874
0	7042	582785.069131571846	2187.9548017401
0	7051	583418.929259665357	1981.9159524981
0	7060	584177.873006137135	1996.6279061045
0	7069	584681.971596228005	1645.0353655033
0	7080	585617.414680402773	1925.6569779944
0	7089	586832.243481371598	2256.4924319275
0	7098	587637.788679963024	2439.9620252196
0	7107	588042.001120979013	2025.2925006207
0	7110	588452.758409595164	1579.9639386591
0	7123	589469.436258031102	1795.6028860062
0	7136	590601.157877035485	2070.3749544919
0	7141	591043.278591195167	1899.5077501517
0	7150	591727.997602941514	1853.1595649198
0	7159	592666.481037670793	2065.3231606353
0	7168	593574.587060837122	2316.1746859085
0	7181	594695.535349147441	2560.1962471381
0	7188	595203.246762603568	2209.129430959
0	7197	595964.573996560695	2111.4495109767
0	7206	596813.420580932917	2117.8852317855
0	7213	597673.097137408378	2451.8420976587
0	7224	598323.631588183391	2227.7932148427
0	7231	598688.574957987341	1785.8058200218
0	7242	599659.661891637418	1921.3966284413
0	7249	600525.016420427758	2122.3824484739
0	7260	600950.245839636821	1871.0484232754
0	7271	601682.309304317508	1849.9218427576
0	7280	602306.192569714088	1746.2595098186
0	7289	603065.017743129332	2054.3513301294
0	7294	603677.894169464756	1995.5848651472
0	7305	604558.581369090875	2252.3887993768
1	3122	260857.254075631516	345
1	3127	261444.82406498866	346
1	3136	262087.454086029918	347
1	3149	263125.602377392368	348
1	3156	263651.255738502385	349
1	3163	264633.439222723262	350
1	3174	265103.597099147753	351
1	3181	265901.66280562991	352
1	3192	266666.225773561762	353
1	3199	267427.988456748442	354
1	3210	268516.08113609256	355
1	3221	269201.965528400632	356
1	3228	269597.88793637419	357
1	3235	269949.218147853407	358
1	3240	270641.159900603834	359
1	3257	272016.8134362437	360
1	3262	272489.588938560354	361
1	3273	273385.321278031932	362
1	3280	273986.248685326444	363
1	3293	275364.035973977315	364
1	3302	276209.512609569373	365
1	3311	276852.316278917732	366
1	3318	277388.924789428728	367
1	3329	278150.938648637401	368
1	3334	278755.632322328182	369
1	3343	279265.962072042765	370
1	3352	279939.301218185591	371
1	3365	281242.322080861794	372
1	3370	281561.624184250849	373
1	3379	282588.506291806715	374
1	3392	283634.555432712677	375
1	3397	284155.952030327189	376
1	3408	284917.284925980512	377
1	3415	285407.093770802039	378
1	3424	286216.999464668351	379
1	3433	286815.922382986191	380
1	3446	288023.360267747212	381
1	3451	288378.398310067151	382
1	3462	289130.314218672011	383
1	3469	289452.564616827313	384
1	3478	290220.883011119459	385
1	3487	290859.585940651614	386
1	3500	292111.933132773285	387
1	3509	292899.446660047417	388
1	3518	293448.587158229222	389
1	3525	294069.484546082114	390
1	3534	294609.161848621463	391
1	3545	295649.971531843787	392
1	3552	296228.429541550597	393
1	3559	296835.602066433078	394
1	3568	297611.830577719978	395
1	3581	298957.670679967872	396
1	3590	299635.011758236236	397
1	3599	300080.954698473237	398
1	3606	300782.309642387576	399
1	3617	301533.835996734001	400
1	3626	302374.158832523994	401
1	3635	302998.273371253185	402
1	3642	303389.490723051153	403
1	3649	303947.404244262748	404
1	3658	304751.198218949162	405
1	3671	305816.843940736749	406
1	3676	306119.849293492758	407
1	3687	306908.103888575011	408
1	3698	307835.077419318282	409
1	3705	308346.168361511105	410
1	3712	309132.764913048619	411
1	3721	309932.755355536961	412
1	3730	310346.669798623794	413
1	3743	311517.844373965659	414
1	3750	312121.835057158046	415
1	3757	312426.959823584207	416
1	3766	313227.745210519084	417
1	3779	314510.47380426901	418
1	3784	315134.259273670638	419
1	3797	316111.963515915001	420
1	3806	316941.249989625091	421
1	3815	317555.608349572892	422
1	3820	318256.520636798839	423
1	3831	318804.880549572433	424
1	3842	319958.602330600869	425
1	3847	320287.604426080387	426
1	3860	321521.859495900597	427
1	3867	321995.639661792691	428
1	3874	322307.381380721952	429
1	3887	323535.460353596162	430
1	3894	324325.692024640765	431
1	3901	324690.397767908897	432
1	3912	325567.068246379521	433
1	3921	326089.71776082183	434
1	3928	326717.652329150613	435
1	3937	327772.386806225429	436
1	3946	328692.439001100164	437
1	3959	329622.501888033029	438
1	3964	330114.039665227782	439
1	3973	330496.75905089828	440
1	3986	331908.137577865299	441
1	3991	332212.093281280276	442
1	4000	332941.27013571563	443
1	4013	334206.701540853855	444
1	4022	334735.261185653535	445
1	4031	335270.562376594198	446
1	4038	335817.728942027343	447
1	4045	336344.538600929109	448
1	4054	336934.823009558049	449
1	4063	337684.92308151911	450
1	4074	338612.059382675243	451
1	4081	339204.797187354443	452
1	4092	339943.813901580898	453
1	4103	340579.270234750612	454
1	4108	341254.648773930995	455
1	4117	341661.631609546049	456
1	4126	342654.391027987032	457
1	4135	343049.746904941304	458
1	4144	343819.246271112962	459
1	4157	344497.337938053562	460
1	4162	344934.854813106387	461
1	4173	346231.392606720357	462
1	4182	347097.084193350776	463
1	4189	347478.458598721801	464
1	4198	348223.688987502857	465
1	4211	349561.926247319236	466
1	4220	350176.008010888502	467
1	4225	350632.83537668179	468
1	4234	351335.001449659497	469
1	4243	352307.721082773089	470
1	4252	353022.931243199885	471
1	4265	354094.862701417907	472
1	4272	354871.738834166928	473
1	4279	355371.703063650086	474
1	4292	356113.126904424309	475
1	4297	356462.418493023171	476
1	4302	356834.95716266337	477
1	4315	357810.961595736473	478
1	4324	358629.362452682137	479
1	4335	359491.32515201348	480
1	4344	360033.577302284568	481
1	4355	360726.209406461596	482
1	4364	361533.428253186896	483
1	4371	362276.677783392399	484
1	4378	363050.574300996988	485
1	4387	363549.668108951329	486
1	4398	364236.875656899093	487
1	4409	365266.92941947843	488
1	4418	366116.951860953151	489
1	4427	366758.475401205971	490
1	4434	367359.675730951159	491
1	4443	368071.232569310843	492
1	4454	369183.514530630811	493
1	4463	369859.564571036055	494
1	4472	370750.210143998294	495
1	4479	371304.144344246044	496
1	4488	372003.751596249668	497
1	4499	372872.737191896914	498
1	4504	373204.946648329525	499
1	4515	374491.002068063273	500
1	4522	374835.357477190002	501
1	4535	375628.518462320819	502
1	4540	376246.310175396531	503
1	4553	377187.901169294521	504
1	4562	377757.219264842599	505
1	4569	378491.900951089367	506
1	4578	378902.697562426358	507
1	4585	379494.05456087555	508
1	4598	380360.819265944913	509
1	4605	381176.253167632997	510
1	4614	381690.24236057888	511
1	4621	382363.967814389646	512
1	4630	383268.04266110997	513
1	4639	383820.551958074824	514
1	4648	384739.45509530607	515
1	4661	385851.225446769998	516
1	4670	386586.197047680647	517
1	4677	386988.475095341013	518
1	4686	387762.931813811914	519
1	4695	388343.447039555789	520
1	4702	388823.063397221298	521
1	4715	389999.810871854455	522
1	4720	390377.552994992615	523
1	4729	391209.537403285534	524
1	4740	392023.055898724154	525
1	4751	392947.001651488275	526
1	4760	393808.348068175868	527
1	4769	394572.37828988585	528
1	4778	395434.605832211704	529
1	4785	395786.562126455859	530
1	4792	396663.399445032731	531
1	4803	397045.555235585229	532
1	4810	397540.631334856184	533
1	4819	398175.868220161678	534
1	4832	399392.525269836219	535
1	4837	399714.320073975282	536
1	4846	400297.890334809231	537
1	4855	401368.778641009736	538
1	4864	401914.510585460845	539
1	4873	402735.590988211366	540
1	4886	403838.929963018778	541
1	4891	404384.883752558413	542
1	4904	405200.442338129538	543
1	4913	406072.898732638019	544
1	4918	406490.104673523488	545
1	4927	407016.080902190911	546
1	4940	408186.174450488793	547
1	4949	408757.532409438895	548
1	4954	409230.009018536689	549
1	4963	409569.514328939871	550
1	4972	410683.083865977855	551
1	4981	411246.697373874517	552
1	4994	412374.245752813326	553
1	4999	412812.126467283847	554
1	5008	413683.505891729177	555
1	5017	414647.616842016609	556
1	5026	415237.855302169951	557
1	5035	416185.239053377914	558
1	5044	417133.256398793341	559
1	5053	417652.696333592788	560
1	5066	418672.472693771155	561
1	5073	419012.748612184109	562
1	5084	420281.911262590469	563
1	5091	420922.534847958044	564
1	5098	421423.596033174576	565
1	5111	422508.153199218244	566
1	5118	423328.392920689688	567
1	5125	423855.597053468258	568
1	5138	424824.535424541713	569
1	5145	425444.458545651318	570
1	5156	426255.315113207357	571
1	5161	426565.209947666185	572
1	5174	427693.282218463751	573
1	5181	428329.972454113918	574
1	5188	428900.795073760706	575
1	5197	429674.258593842419	576
1	5206	429995.308854756909	577
1	5215	431101.729956362429	578
1	5224	431692.475857073474	579
1	5233	432416.979362396555	580
1	5242	433219.064919417757	581
1	5251	434072.357969870823	582
1	5260	434562.708782963487	583
1	5269	435128.630933258714	584
1	5280	436322.660634527015	585
1	5287	436925.429058959739	586
1	5296	437406.234503584014	587
1	5309	438798.010621313037	588
1	5314	439098.206512536885	589
1	5323	439703.782690130205	590
1	5336	440877.509388187932	591
1	5345	441674.011717597055	592
1	5354	442454.645981686222	593
1	5361	442907.834895607116	594
1	5372	443942.682191915842	595
1	5377	444457.793627539682	596
1	5390	445358.111905586006	597
1	5399	446141.141438344525	598
1	5408	446875.275869853826	599
1	5417	447736.281919945063	600
1	5424	448410.244942596214	601
1	5435	449034.77594763975	602
1	5442	449624.485286045851	603
1	5451	450290.793116809831	604
1	5460	451118.553278641806	605
1	5471	451866.886822041156	606
1	5480	452697.116138739543	607
1	5489	453486.265596700864	608
1	5494	453844.398541795122	609
1	5505	455009.817192284422	610
1	5514	455774.856321187722	611
1	5521	456471.909134695339	612
1	5532	457234.171875799107	613
1	5541	457988.425125600803	614
1	5550	458748.611431522328	615
1	5557	459147.046947805244	616
1	5566	459953.33415884528	617
1	5571	460518.419673666392	618
1	5584	461637.379933660884	619
1	5595	462669.563843216781	620
1	5604	463395.286002941464	621
1	5611	464089.51883562844	622
1	5624	465048.169431136956	623
1	5629	465452.833488537034	624
1	5642	466673.530916729977	625
1	5649	467513.43791331168	626
1	5658	468310.388168413227	627
1	5665	468687.674873415416	628
1	5674	469355.728854518418	629
1	5687	470347.65757801946	630
1	5696	470935.963752446731	631
1	5705	471826.398238213768	632
1	5710	472509.52591435056	633
1	5721	473319.082039408422	634
1	5728	473988.742987252807	635
1	5741	474895.87799138393	636
1	5746	475230.79257588837	637
1	5759	476226.95772685114	638
1	5766	476854.402638785575	639
1	5777	477560.118368407745	640
1	5784	477978.454596642438	641
1	5795	478861.658032145384	642
1	5804	479672.980091907117	643
1	5813	480190.314049506593	644
1	5822	480943.293825024772	645
1	5827	481491.657394263926	646
1	5836	482036.347148660604	647
1	5849	483062.504387833212	648
1	5858	483912.278125388582	649
1	5867	484675.743752159213	650
1	5874	485345.462253224139	651
1	5883	486220.672638108989	652
1	5894	487238.091064570507	653
1	5903	487917.746778996697	654
1	5908	488267.154297139531	655
1	5921	488962.773600686378	656
1	5930	489501.008102903179	657
1	5937	490166.171312425322	658
1	5944	490819.923161482475	659
1	5955	491578.156851232089	660
1	5966	492308.861433109306	661
1	5975	493105.867182556577	662
1	5982	493585.570423398204	663
1	5989	493900.105630885847	664
1	6000	494831.29760585729	665
1	6007	495454.804886458479	666
1	6018	496542.536646500266	667
1	6027	497181.982189882583	668
1	6034	498069.625728623978	669
1	6047	498872.576959244943	670
1	6052	499498.332956247068	671
1	6065	500558.28591319736	672
1	6072	501245.621563447676	673
1	6081	501693.828353192693	674
1	6090	502801.447277655861	675
1	6099	503652.185533102638	676
1	6106	504052.841656236014	677
1	6115	504940.215827710963	678
1	6128	505854.587791487612	679
1	6133	506181.921443715729	680
1	6144	507070.344066945874	681
1	6151	507609.481238806658	682
1	6160	508434.550502803214	683
1	6173	509054.867613595017	684
1	6180	509574.06438142065	685
1	6191	510355.663458863311	686
1	6196	510920.777504844629	687
1	6207	511793.770480016284	688
1	6216	512581.520149391183	689
1	6225	513376.394568476865	690
1	6232	513857.969107758293	691
1	6245	514748.315460747146	692
1	6252	515343.050370225721	693
1	6259	515924.809370096811	694
1	6268	516519.152211025395	695
1	6273	517076.952757034489	696
1	6288	518265.787323843726	697
1	6291	518620.326857361981	698
1	6304	519602.362322900484	699
1	6313	520609.414043230976	700
1	6322	521307.752271462271	701
1	6333	522234.764173300977	702
1	6340	522795.397596526931	703
1	6351	523742.139022238593	704
1	6358	524313.657828234177	705
1	6367	525231.488213315647	706
1	6380	526269.728796556633	707
1	6385	526662.516209157225	708
1	6396	527876.350504998159	709
1	6403	528351.721633505118	710
1	6416	529400.873610377353	711
1	6421	529981.457204371732	712
1	6430	530465.585646824953	713
1	6439	531357.765523390886	714
1	6452	532446.046038530808	715
1	6459	533179.539973055985	716
1	6470	533842.301052343142	717
1	6477	534644.821313582402	718
1	6486	535461.740962090012	719
1	6495	536405.663871439216	720
1	6506	537047.521316679237	721
1	6515	537913.70201208633	722
1	6524	538634.34905027975	723
1	6533	539047.161894477947	724
1	6540	539734.97137371455	725
1	6551	540661.297814128964	726
1	6558	541275.8218207397	727
1	6567	542113.05765397851	728
1	6574	542734.753895876973	729
1	6587	543877.842039149298	730
1	6596	544773.65991356787	731
1	6603	545162.141665862917	732
1	6610	545719.062491599514	733
1	6619	546756.199998222335	734
1	6630	547672.254622774243	735
1	6637	548208.846583217427	736
1	6648	549292.410487728238	737
1	6657	550046.642059693158	738
1	6664	550935.721781384245	739
1	6673	551442.460080189675	740
1	6682	552217.853983445137	741
1	6691	553033.624925371304	742
1	6702	554160.006860364273	743
1	6711	554680.682048667267	744
1	6718	555229.893364431381	745
1	6727	556063.980406941891	746
1	6740	557077.109010145113	747
1	6749	557898.20136269559	748
1	6756	558719.690007576764	749
1	6765	559408.701166883156	750
1	6772	560048.617064952896	751
1	6785	561129.4020172209	752
1	6790	561447.514684964017	753
1	6799	562273.810131987602	754
1	6808	562965.160381235228	755
1	6821	564314.523864397825	756
1	6826	564778.9903975558	757
1	6837	565454.937832290353	758
1	6846	566161.044077156158	759
1	6853	566549.316414445685	760
1	6862	567712.006249325396	761
1	6873	568412.861223192932	762
1	6884	569278.521690191748	763
1	6889	569750.840396247851	764
1	6902	570964.074438018771	765
1	6909	571766.760505316826	766
1	6916	572139.956347737508	767
1	6927	573234.339751722338	768
1	6938	574216.097673308151	769
1	6947	575097.616129741119	770
1	6956	575931.74491957766	771
1	6963	576339.294228795962	772
1	6970	577066.609704773919	773
1	6983	577964.794984879019	774
1	6990	578349.155458062934	775
1	6997	579125.575641403022	776
1	7008	579871.364121884154	777
1	7015	580174.429258983629	778
1	7024	581150.187750812666	779
1	7035	582138.096344238194	780
1	7042	582785.069131571846	781
1	7051	583418.929259665357	782
1	7060	584177.873006137135	783
1	7069	584681.971596228005	784
1	7080	585617.414680402773	785
1	7089	586832.243481371598	786
1	7098	587637.788679963024	787
1	7107	588042.001120979013	788
1	7110	588452.758409595164	789
1	7123	589469.436258031102	790
1	7136	590601.157877035485	791
1	7141	591043.278591195167	792
1	7150	591727.997602941514	793
1	7159	592666.481037670793	794
1	7168	593574.587060837122	795
1	7181	594695.535349147441	796
1	7188	595203.246762603568	797
1	7197	595964.573996560695	798
1	7206	596813.420580932917	799
1	7213	597673.097137408378	800
1	7224	598323.631588183391	801
1	7231	598688.574957987341	802
1	7242	599659.661891637418	803
1	7249	600525.016420427758	804
1	7260	600950.245839636821	805
1	7271	601682.309304317508	806
1	7280	602306.192569714088	807
1	7289	603065.017743129332	808
1	7294	603677.894169464756	809
1	7305	604558.581369090875	810

