version 2
run Pipelined_3Teachers-39-20190105-10:57:26-7548
attr configname Pipelined_3Teachers
attr datetime 20190105-10:57:26
attr experiment Pipelined_3Teachers
attr inifile ../simulations/omnetpp.ini
attr iterationvars "$0=\"uniform\""
attr iterationvarsf uniform-
attr measurement "$0=\"uniform\""
attr network PipelinedExamSession
attr processid 7548
attr repetition 39
attr replication #39
attr resultdir results
attr runnumber 39
attr seedset 39
param **.teachersNumber 3
param **.answerTimeDistribution "\"uniform\""
param **.minUniform 300
param **.maxUniform 900
param **.scaleLognormal 6.2854
param **.shapeLognormal 0.4724

vector 0 PipelinedExamSession examinationTime:vector ETV
attr source examFinished
vector 1 PipelinedExamSession studentID:vector ETV
attr source student
0	3174	260970.935526536807	2021.8505603727
0	3181	261322.578632365942	1515.011560265
0	3194	262622.88970761004	2174.6170242783
0	3201	263262.071614014014	2084.1384975705
0	3210	264041.717463405832	2060.2073636837
0	3217	264589.326649066089	1966.436941456
0	3228	265855.114405369415	2372.9341681581
0	3235	266231.782844290166	2000.7423958741
0	3244	266839.327028486907	1719.3012542557
0	3253	267991.260527679725	2126.9650415517
0	3266	269035.167236393347	2350.2574961632
0	3271	269427.464654389798	2006.1647955794
0	3284	270203.941788850381	2058.4831858054
0	3289	270554.366552783205	1519.1993163899
0	3298	271239.658571407228	1639.1891038511
0	3307	272469.93005555126	2265.9882667009
0	3318	273375.336976256251	2458.6531373207
0	3327	273929.302323795885	2144.3605348002
0	3334	274686.127571482241	2036.1449629068
0	3345	275639.855765830755	2218.8782226294
0	3352	276275.625226506993	2039.6750533953
0	3365	277466.784802218929	2389.0013025608
0	3372	278208.875373099029	2279.7087925952
0	3381	278633.579366700754	1932.7756805811
0	3388	279152.809267770529	1686.0244655516
0	3399	280357.505131932006	2120.8843333181
0	3408	281221.46692480895	2350.6187026855
0	3419	281933.920101542056	2172.3462415393
0	3428	282654.9610145856	2064.2917485908
0	3437	283511.224745353714	2172.4551638123
0	3444	283994.448260497332	2060.5281589553
0	3453	284681.977463280812	2027.0164486952
0	3462	285287.054787855625	1775.8300425019
0	3469	285847.264870209649	1743.5707401484
0	3482	287120.285711204663	2369.6509634145
0	3489	287499.540277803347	1964.4199543633
0	3500	288287.313232803747	1952.6070246007
0	3509	289080.245560174838	1959.9598489702
0	3514	289739.722639555142	2201.9558269065
0	3527	290652.916587330431	2365.6033545267
0	3532	291065.856603439927	1985.6110432651
0	3543	292199.584112176702	2368.5102506541
0	3550	292971.737889619574	2318.8213022891
0	3559	293283.781207026944	1758.7792312726
0	3572	294135.316544724659	1914.7994646337
0	3579	294795.487381657616	1712.0311862323
0	3586	295188.388297101513	1533.7984245736
0	3597	296212.918474059583	2077.6019293349
0	3604	296711.496174847738	1754.9947579857
0	3615	297673.517890786784	1958.9096426032
0	3624	298347.323069768058	1954.2935247067
0	3631	299110.047609871285	2150.7286200766
0	3640	299706.382164359124	1864.1933544539
0	3649	300592.306746868448	1899.720810866
0	3662	301949.922810355233	2534.1239993926
0	3671	302731.058583408626	2444.769084407
0	3680	303456.538236932861	2299.3219608441
0	3689	304331.644631596314	2381.7218212411
0	3696	304801.568242907556	2070.5096594989
0	3705	305779.002162348511	2322.4639254157
0	3716	306544.106016727196	2212.4613851309
0	3721	307130.924485623868	2047.121236939
0	3732	307785.709900874676	2004.519704869
0	3739	308505.890193907576	1961.7841771804
0	3748	309161.601192690464	1777.3481572978
0	3757	310221.740337554397	2113.0516152363
0	3766	310878.530756430732	2018.6097599566
0	3775	311544.27416813563	1938.9759569429
0	3784	312094.316085521163	1629.5960959978
0	3793	312961.729818955096	1958.8338816538
0	3802	313572.996707679736	1786.3802378532
0	3813	314718.257193267378	2034.4444312155
0	3824	315647.183771571177	2237.2706361115
0	3829	316003.27785657722	1973.5788099468
0	3840	317016.7321449146	2094.0843611956
0	3851	317787.65952587131	2140.4757543001
0	3860	318649.554077535901	2131.4980268944
0	3865	319197.401987761292	1995.3268007375
0	3874	319719.004284124855	1931.3447582535
0	3883	320603.052842058275	1953.4987645224
0	3892	321347.25054376762	2137.9044022411
0	3905	322273.984544305165	2228.9076427929
0	3914	323157.710972707753	2216.0223045386
0	3919	323493.223401485045	2009.7550868522
0	3928	324103.591751446982	1829.6072071418
0	3937	325292.085487721522	2134.3745150138
0	3950	326300.596089754288	2346.0186195094
0	3957	326920.835170196404	2284.7134300042
0	3966	327792.303237458726	2280.2212346345
0	3977	328570.398808736388	2269.8027189821
0	3982	329027.02925903726	1938.4904507082
0	3993	329795.077502774108	1985.8592787758
0	4000	330307.956743845749	1737.5579351094
0	4011	331329.730884544585	2269.604059495
0	4020	332124.768852861631	2226.2733951677
0	4029	332986.557429190758	2297.3453083076
0	4040	333749.021683260832	2317.2294965945
0	4049	334470.661831973154	2246.2097376119
0	4056	334954.200613824684	1953.2710195519
0	4063	335389.485814003307	1640.4641307425
0	4072	336318.446462787721	1847.7846308146
0	4081	336855.981907853891	1582.8110310249
0	4094	337913.369486387854	2065.87232491
0	4101	338748.424861114507	2256.3322386704
0	4110	339243.986622244155	2115.782812424
0	4119	340189.49475777339	2276.1252713855
0	4130	340909.6683151089	2105.4969096556
0	4139	341452.486916352098	1820.7085959613
0	4144	341895.259190630202	1487.7427719533
0	4155	342549.05902454633	1639.3907094374
0	4164	343099.158601881971	1646.6716855299
0	4175	344068.439197540318	2077.0758070517
0	4180	344509.487309027498	1934.289849177
0	4193	345688.779798662325	2510.813637916
0	4200	346470.861591724714	2402.4223941844
0	4209	347222.961397329381	2300.1589941792
0	4216	347781.447140732816	2092.6673420705
0	4229	348818.013265309891	2302.9833280016
0	4234	349450.690882885864	2147.4346561823
0	4243	350404.885807167775	2328.3768127207
0	4256	351461.269659781864	2643.256394472
0	4265	352306.279087392649	2617.8045693319
0	4274	353106.856472650579	2544.3664208986
0	4281	353413.921376969701	1952.6517171878
0	4288	353969.115568231827	1662.8364808392
0	4297	354750.495753949544	1643.639281299
0	4306	355709.817868424615	2033.752522571
0	4319	356502.449270943215	2013.0633846391
0	4326	356947.391203930637	1921.0003989749
0	4333	357549.717812798953	1734.9964414258
0	4344	358900.049503706431	2397.6002327632
0	4355	359809.087628452144	2513.3512282278
0	4362	360435.234161512963	2295.1516077854
0	4371	361248.239690484515	2324.0023688413
0	4378	361615.332723828069	1806.2450953759
0	4389	362578.462837077713	1905.0300726201
0	4396	362882.678097998759	1428.518508235
0	4405	363750.288191204927	1637.5635070726
0	4418	364919.311947701535	2291.1137573887
0	4425	365609.147387696466	2193.3890632354
0	4432	366182.216836279294	2003.0327275861
0	4441	367019.380882149599	2100.0689344481
0	4450	367578.561236802526	1857.7129319776
0	4459	368051.1126392987	1466.4234020747
0	4470	369509.860766585954	2151.4949709177
0	4479	370390.261892555319	2452.9582785442
0	4488	371067.029521940314	2253.0970017426
0	4495	371849.581441003867	2309.5129300375
0	4506	372394.091923115813	1955.4641313851
0	4513	372994.017396122255	1914.8440770339
0	4526	373945.005874196105	1966.5016715415
0	4533	374517.480455059596	2010.3415887337
0	4544	375386.426819628142	2128.3364798874
0	4553	375791.803570278026	1846.7976960819
0	4562	376562.955134036057	1950.2907753456
0	4569	377307.855963287913	1921.4291436598
0	4580	377942.236886406355	2150.4333161283
0	4585	378434.278005408161	1871.3228713721
0	4596	379222.538650967219	1867.4810011871
0	4603	379608.366868738123	1666.1299823318
0	4608	379989.603860070967	1357.1468262468
0	4621	380979.89876065407	1686.2865630537
0	4634	382069.584723981135	1976.0640544351
0	4639	382478.507942799516	1730.151155591
0	4648	383289.458055049219	1785.9014953952
0	4659	384408.550350973421	2338.9656269923
0	4670	385354.432920087167	2441.9862784445
0	4677	386083.450909936839	2282.5864932965
0	4684	386483.845461532512	1959.1806116514
0	4693	387450.850474834481	2096.4175547473
0	4702	387908.811747841575	1744.9925323483
0	4711	388526.243953267151	1679.5361260884
0	4722	389513.08330502365	1895.255893562
0	4731	390307.713637780437	2248.8247941714
0	4740	391099.753722175995	2349.1717565339
0	4747	391680.513300513888	2113.2983861491
0	4760	392800.785163231233	2397.247194685
0	4765	393365.05689206537	2126.7453147098
0	4774	394020.741798961575	1920.5001447815
0	4785	394793.437227699945	1992.6520644687
0	4792	395274.745389400089	1681.6924030893
0	4805	396565.026089502538	2189.2573099583
0	4810	396911.796611314679	1968.5301661491
0	4819	397419.48919664141	1745.7093717065
0	4828	397985.851657390634	1420.8255678881
0	4839	398762.185787782113	1696.851384826
0	4842	399102.577901026274	1333.4738055244
0	4855	400310.622979654039	1917.8467868362
0	4868	401378.094227705191	2090.3853922617
0	4875	401963.768834341358	1882.061359752
0	4886	402816.507146554108	2164.8969203699
0	4895	403667.304459493648	2289.2102317885
0	4902	404178.862102003809	2140.9963760991
0	4909	404961.980604194146	2145.47345764
0	4918	405710.170625522774	2042.8661660291
0	4927	406237.371415738057	1671.1326381192
0	4936	406829.714180203195	1469.7440596763
0	4945	407310.366574628319	1264.6213046741
0	4958	408536.34276688103	2036.0381268896
0	4967	409305.388392694335	2123.7241373397
0	4974	409778.493048995774	1836.0026781913
0	4981	410239.415749255609	1703.0729823746
0	4994	411341.158751165535	2035.7703584712
0	4999	411998.001515166875	1965.2201239485
0	5010	412840.932245040353	2090.5122661963
0	5021	413317.935546208214	1976.7767950427
0	5030	414035.922954697203	1919.1091340035
0	5037	414625.618739705574	1773.3534963336
0	5048	415251.139323134017	1933.2037769258
0	5057	415881.801128480625	1845.8781737834
0	5066	416753.417732147542	2062.8393265419
0	5075	417578.99826471698	2327.858941583
0	5080	417879.623017972377	1997.8218894918
0	5089	418643.836947949645	1890.4192158021
0	5098	419472.708724625451	1893.7104599085
0	5107	420015.335252182601	1687.4593683053
0	5118	420899.824991030661	1803.8085016888
0	5125	421612.049293052447	1992.4182139803
0	5136	422228.237063018648	1885.6694101822
0	5143	422626.573799550576	1485.4845803697
0	5154	424180.920202983586	2320.790979825
0	5165	424921.694348193747	2316.8482425157
0	5170	425299.960039788899	1887.1353148017
0	5179	426114.475705940318	1907.3357411195
0	5188	427007.318701408845	2085.6243532151
0	5197	427689.397075446364	1975.4164405167
0	5208	428498.817911418196	1910.0907959975
0	5219	429392.152030812618	2153.774549067
0	5228	430264.535592310172	2265.0483835023
0	5237	430901.387001760345	2271.5501710307
0	5244	431703.165397653397	2311.0133668408
0	5251	432480.95958782364	2216.4239955135
0	5262	433450.940542062785	2549.5535403024
0	5269	433978.580387262668	2189.3148683477
0	5278	434740.207965206396	2051.1199682951
0	5287	435560.708982311231	2036.8171140086
0	5296	436198.834618181031	1853.9954243694
0	5309	436986.143714748365	1816.2624891847
0	5314	437487.722590472591	1574.4770062622
0	5325	438634.658339386848	2114.9746033363
0	5336	439583.626997983125	2597.4832832348
0	5343	440314.839518163395	2447.8555911686
0	5354	441146.226007025731	2404.8878284637
0	5359	441797.355496231509	2213.7284982484
0	5368	442206.257410906297	1740.6293909065
0	5377	443085.999953979669	1939.7739469539
0	5386	443753.855736739976	1888.7654952239
0	5395	444299.37647301708	1583.8929012883
0	5404	444812.259081238924	1322.7190844715
0	5413	445802.37015928146	1837.2966195457
0	5424	446797.309406613973	2117.7018965129
0	5431	447245.683018863243	1835.9964825679
0	5440	448045.812542270912	1754.3798934203
0	5449	448764.229490468322	1791.5362263098
0	5458	449732.822910603178	1900.2921361942
0	5467	450694.151737634135	1964.1748921014
0	5480	451691.978662507651	2276.6852003988
0	5489	452456.055856403006	2187.8549375106
0	5498	453174.156558886213	2278.6875327118
0	5507	453713.150226278273	2021.1715637706
0	5512	454235.336719080848	1779.2808626778
0	5521	454682.03051928435	1507.8739603981
0	5530	455864.019267121372	2150.8690408431
0	5541	456638.680558232633	2080.3807889577
0	5552	457754.763166140808	2537.9720835015
0	5557	458316.15679599349	2207.8971298411
0	5570	459213.359485846056	2316.242145421
0	5575	459907.554889842911	2152.7917237021
0	5586	460437.32195561756	2102.907568356
0	5593	460828.863380150913	1615.5038943049
0	5604	461843.371030921161	1830.4207317531
0	5613	462235.586559679404	1737.3683277983
0	5624	463006.21821507816	1870.1933212113
0	5629	463351.15003427495	1439.1271793749
0	5642	464379.762554448143	1989.8658136837
0	5647	464776.119216252163	1769.901001174
0	5660	466027.773496974305	2200.5888399202
0	5667	466690.338571742222	2310.5760172941
0	5678	467490.833027428062	2282.2448622901
0	5683	467859.707853756891	1831.9343567826
0	5692	468256.767496420116	1540.6551475637
0	5701	469660.199048370169	2169.3660209421
0	5714	470545.589071791665	2372.2837328911
0	5721	471092.814896022947	2166.3090939168
0	5728	471711.891350057022	1947.8761242237
0	5741	472676.826418004976	2131.2373462133
0	5746	473067.741468502255	1906.6892297007
0	5755	473888.231785409199	1846.7646222096
0	5764	474334.011510154279	1657.1850921493
0	5775	475522.977182641672	2161.9028393179
0	5784	476387.268452206674	2328.7419112399
0	5795	477259.57501796079	2464.2295093741
0	5804	478153.359475918162	2605.0342397299
0	5809	478532.608815981123	2114.3234166317
0	5818	479448.113250872169	2188.5382329114
0	5829	480291.962342569653	2138.6028666515
0	5840	481549.85530511481	2523.7326309085
0	5849	482145.542129455183	2297.2833769396
0	5854	482617.656057933394	1930.5064551998
0	5863	483182.748940587092	1632.8936354723
0	5876	483947.90301513863	1802.3608856834
0	5883	484536.318033328329	1642.9745201021
0	5894	485619.440333778087	2266.1281068809
0	5903	486439.693473139826	2491.7904580012
0	5910	486924.969824357007	2107.3835366406
0	5917	487772.337512578864	2152.8971788008
0	5930	488364.347219467212	1924.6537463274
0	5935	488959.450478246484	1837.9877991043
0	5944	489569.897151226227	1707.1892710403
0	5955	490817.228136258248	2452.880916791
0	5964	491392.983932560359	2218.993767444
0	5971	491768.3450672776	1704.1510891635
0	5980	492539.762981934522	1689.264679933
0	5991	493752.972613088836	2273.8692303188
0	6002	494340.630308445592	2036.8630161043
0	6009	495044.089843751912	1965.7978263684
0	6018	495623.911011172508	1836.2106129527
0	6025	496220.61354140756	1879.983232962
0	6036	497334.927950380419	2126.0875616223
0	6043	497763.637138623793	1732.1881792042
0	6052	498292.369133653169	1521.7223481741
0	6061	499234.411133034204	1663.7627277989
0	6074	500156.590289901991	2096.7908658553
0	6079	500606.182108959232	1686.4940580446
0	6088	501332.921689376284	1526.7797211651
0	6097	502050.413452601109	1893.8231626991
0	6106	502797.530972398867	1945.5744199455
0	6117	503716.053530294496	2127.0046537276
0	6128	504348.412199970383	2136.0980358906
0	6135	504948.120449949104	2021.1049484555
0	6142	505440.968736168045	1680.6323067751
0	6153	506319.984354358215	1971.5721543878
0	6164	507194.134405162234	2166.8380791787
0	6169	507558.610825985719	1944.4849067833
0	6178	508380.524227581967	1944.5454424247
0	6189	509222.690472006847	2028.5560668446
0	6196	509556.439554691364	1813.4810106363
0	6201	509895.964983617935	1273.9972064272
0	6214	510843.855791771833	1616.5055844001
0	6225	511721.626154333402	1807.734928932
0	6236	512714.659865805928	2186.7910559289
0	6243	513284.845960373108	1954.2884396855
0	6250	513706.589600583588	1687.7828700934
0	6259	514320.411983784338	1605.7521179784
0	6272	515091.449677152608	1730.2274772897
0	6279	515904.917490575511	1986.730939988
0	6286	516441.21936354791	1790.686881775
0	6299	517589.221196388874	2497.7715192363
0	6304	517929.832387575928	1957.3260539677
0	6317	518884.917792538229	2183.1505743787
0	6326	519279.419853352058	1690.1986569632
0	6335	519906.924757221761	1464.0132809523
0	6344	520589.968561381149	1705.0507688429
0	6349	520957.551579130861	1678.1317257788
0	6358	521624.986833566847	1718.0620763451
0	6369	522606.893248949248	2016.9246875681
0	6380	523487.084103282589	2346.3729993906
0	6385	523946.38851857749	2054.3578615878
0	6398	525164.248310588348	2554.0312219877
0	6405	525912.460426474038	2425.3763231914
0	6412	526608.635716605979	2322.9037031997
0	6421	527522.757868655074	2358.5095580667
0	6430	527886.532448278787	1876.9216270186
0	6439	528830.737612908753	2008.5575175472
0	6452	529712.819162383722	2096.1732049473
0	6461	530566.904069110798	2308.1129404251
0	6468	531152.696169354068	2234.3212646898
0	6477	531882.793602207723	2169.974439824
0	6488	532917.67354100016	2350.7694718894
0	6495	533803.957576816949	2583.3559912629
0	6502	534423.919768072712	2373.6491788644
0	6511	534985.000223061118	2067.326682061
0	6522	535961.926470184747	2157.1810171008
0	6533	537080.832688277635	2445.6784957554
0	6538	537550.048152823049	2094.9396545067
0	6549	538583.246816787917	2263.0180018488
0	6560	539382.812201930258	2301.9795136526
0	6567	539933.005877584267	2094.1863566637
0	6576	540791.160884639296	2111.299781967
0	6585	541372.612956818241	1989.800754888
0	6594	541936.234104959342	1953.3047648147
0	6601	542820.009857229935	2026.6496054828
0	6612	543717.38509344873	2163.9760692604
0	6621	544340.317959152209	1952.7931662742
0	6624	544663.530057063373	1703.5751317162
0	6641	545972.514829644979	2131.4372460824
0	6646	546291.574601875664	1614.1909119207
0	6657	547116.550197266088	1870.786809409
0	6668	547859.938268736051	1887.4234390911
0	6673	548374.413346638949	1857.6586753596
0	6686	549409.911352302925	2271.1150417104
0	6695	550283.410048764245	2423.4717800282
0	6700	550865.916904667438	2110.3649815544
0	6711	551333.904406288684	1923.9930539858
0	6718	551639.74708858882	1356.3370398246
0	6727	552361.294146487535	1429.8294342589
0	6738	553276.281460700603	1860.1841492113
0	6745	554021.004069317179	2285.9625871293
0	6754	554570.050817169295	1946.8942446169
0	6767	555755.653721932369	2323.3119418379
0	6776	556585.232049739036	2267.9393457714
0	6781	557036.03781997231	1891.6724019684
0	6792	558026.597179099965	2270.9434571676
0	6799	558669.311035797048	2084.078986058
0	6808	559176.612796168823	1718.9990804996
0	6821	560541.405128175441	2333.7951688562
0	6828	561123.365332558799	2206.2728016637
0	6837	561750.903246179272	1952.0101343282
0	6844	562241.885299142499	1700.4801709671
0	6857	563372.115226881627	2153.9667549077
0	6866	564025.652698008392	1936.8084277958
0	6873	564732.135537453044	2179.5086110476
0	6884	565481.383653497372	2109.2684266157
0	6893	566356.349100731362	2330.696402723
0	6898	566849.702518712778	1955.5030901916
0	6909	567775.153035996531	2293.7693824992
0	6918	568417.026998894338	2060.677898163
0	6929	569153.298859577675	1942.0299578458
0	6936	569842.370758624796	2028.711817693
0	6943	570290.387584408794	1620.6045763101
0	6956	571465.73582268325	2312.4369631056
0	6963	571922.403510566851	1971.6598232277
0	6970	572292.461814684844	1533.619672386
0	6981	573503.187197260609	2037.4513745774
0	6992	574341.603632317906	2279.3009857647
0	7001	575151.300433510965	2210.2279782761
0	7006	575563.553670560992	1982.3210384231
0	7019	576557.311149174398	2215.7075168565
0	7026	577204.787714593163	2053.4872810822
0	7033	577545.922464737719	1842.2951828688
0	7042	578207.900701649538	1650.5895524751
0	7055	579495.72600228717	2249.2113903165
0	7062	580102.190419379672	2068.4346169699
0	7069	580599.530111253312	1793.0554909632
0	7078	581382.58482743991	1886.8588251527
0	7091	582517.249383358335	2199.8623763211
0	7098	583080.483155278539	2048.1788876932
0	7109	583953.381291450983	2110.898916889
0	7116	584294.942972715994	1777.6935893577
0	7127	585081.49316534405	1801.9637810066
0	7134	585690.768660418739	1737.3873689678
0	7143	586487.247183546474	2116.8526362162
0	7150	587303.719348926147	2222.2261835821
0	7161	588121.851966530135	2182.2199611459
0	7170	588824.563894467479	1985.9989237972
0	7179	589486.078655859506	1956.5218908247
0	7188	590098.722366197086	1745.1639899053
0	7199	591130.793780693835	2167.5543435384
0	7208	591877.813515393114	2153.4191838931
0	7215	592554.742623819089	2106.649018731
0	7224	593427.748517459309	2296.9547367655
0	7231	593887.023157300478	2009.2096419074
0	7240	594924.755586404405	2247.2206179053
0	7253	595765.778911253488	2313.7954079546
0	7262	596480.282645579478	2140.2731877286
0	7271	597194.201277522421	2176.853110129
0	7280	598066.55113818129	2300.7722269278
0	7289	598705.013261642358	2224.7306160629
0	7294	599007.655777595988	1813.4545000736
0	7303	599557.378213293902	1490.8270751126
0	7312	600434.334357781387	1729.321096139
0	7321	601058.962755510635	1520.4948853701
0	7330	602086.821324331736	2006.0366112739
0	7341	602974.23169752588	2129.6647110488
0	7352	603663.765238970569	2079.5381519012
0	7359	604359.697837801701	2156.3501665369
1	3174	260970.935526536807	351
1	3181	261322.578632365942	352
1	3194	262622.88970761004	353
1	3201	263262.071614014014	354
1	3210	264041.717463405832	355
1	3217	264589.326649066089	356
1	3228	265855.114405369415	357
1	3235	266231.782844290166	358
1	3244	266839.327028486907	359
1	3253	267991.260527679725	360
1	3266	269035.167236393347	361
1	3271	269427.464654389798	362
1	3284	270203.941788850381	363
1	3289	270554.366552783205	364
1	3298	271239.658571407228	365
1	3307	272469.93005555126	366
1	3318	273375.336976256251	367
1	3327	273929.302323795885	368
1	3334	274686.127571482241	369
1	3345	275639.855765830755	370
1	3352	276275.625226506993	371
1	3365	277466.784802218929	372
1	3372	278208.875373099029	373
1	3381	278633.579366700754	374
1	3388	279152.809267770529	375
1	3399	280357.505131932006	376
1	3408	281221.46692480895	377
1	3419	281933.920101542056	378
1	3428	282654.9610145856	379
1	3437	283511.224745353714	380
1	3444	283994.448260497332	381
1	3453	284681.977463280812	382
1	3462	285287.054787855625	383
1	3469	285847.264870209649	384
1	3482	287120.285711204663	385
1	3489	287499.540277803347	386
1	3500	288287.313232803747	387
1	3509	289080.245560174838	388
1	3514	289739.722639555142	389
1	3527	290652.916587330431	390
1	3532	291065.856603439927	391
1	3543	292199.584112176702	392
1	3550	292971.737889619574	393
1	3559	293283.781207026944	394
1	3572	294135.316544724659	395
1	3579	294795.487381657616	396
1	3586	295188.388297101513	397
1	3597	296212.918474059583	398
1	3604	296711.496174847738	399
1	3615	297673.517890786784	400
1	3624	298347.323069768058	401
1	3631	299110.047609871285	402
1	3640	299706.382164359124	403
1	3649	300592.306746868448	404
1	3662	301949.922810355233	405
1	3671	302731.058583408626	406
1	3680	303456.538236932861	407
1	3689	304331.644631596314	408
1	3696	304801.568242907556	409
1	3705	305779.002162348511	410
1	3716	306544.106016727196	411
1	3721	307130.924485623868	412
1	3732	307785.709900874676	413
1	3739	308505.890193907576	414
1	3748	309161.601192690464	415
1	3757	310221.740337554397	416
1	3766	310878.530756430732	417
1	3775	311544.27416813563	418
1	3784	312094.316085521163	419
1	3793	312961.729818955096	420
1	3802	313572.996707679736	421
1	3813	314718.257193267378	422
1	3824	315647.183771571177	423
1	3829	316003.27785657722	424
1	3840	317016.7321449146	425
1	3851	317787.65952587131	426
1	3860	318649.554077535901	427
1	3865	319197.401987761292	428
1	3874	319719.004284124855	429
1	3883	320603.052842058275	430
1	3892	321347.25054376762	431
1	3905	322273.984544305165	432
1	3914	323157.710972707753	433
1	3919	323493.223401485045	434
1	3928	324103.591751446982	435
1	3937	325292.085487721522	436
1	3950	326300.596089754288	437
1	3957	326920.835170196404	438
1	3966	327792.303237458726	439
1	3977	328570.398808736388	440
1	3982	329027.02925903726	441
1	3993	329795.077502774108	442
1	4000	330307.956743845749	443
1	4011	331329.730884544585	444
1	4020	332124.768852861631	445
1	4029	332986.557429190758	446
1	4040	333749.021683260832	447
1	4049	334470.661831973154	448
1	4056	334954.200613824684	449
1	4063	335389.485814003307	450
1	4072	336318.446462787721	451
1	4081	336855.981907853891	452
1	4094	337913.369486387854	453
1	4101	338748.424861114507	454
1	4110	339243.986622244155	455
1	4119	340189.49475777339	456
1	4130	340909.6683151089	457
1	4139	341452.486916352098	458
1	4144	341895.259190630202	459
1	4155	342549.05902454633	460
1	4164	343099.158601881971	461
1	4175	344068.439197540318	462
1	4180	344509.487309027498	463
1	4193	345688.779798662325	464
1	4200	346470.861591724714	465
1	4209	347222.961397329381	466
1	4216	347781.447140732816	467
1	4229	348818.013265309891	468
1	4234	349450.690882885864	469
1	4243	350404.885807167775	470
1	4256	351461.269659781864	471
1	4265	352306.279087392649	472
1	4274	353106.856472650579	473
1	4281	353413.921376969701	474
1	4288	353969.115568231827	475
1	4297	354750.495753949544	476
1	4306	355709.817868424615	477
1	4319	356502.449270943215	478
1	4326	356947.391203930637	479
1	4333	357549.717812798953	480
1	4344	358900.049503706431	481
1	4355	359809.087628452144	482
1	4362	360435.234161512963	483
1	4371	361248.239690484515	484
1	4378	361615.332723828069	485
1	4389	362578.462837077713	486
1	4396	362882.678097998759	487
1	4405	363750.288191204927	488
1	4418	364919.311947701535	489
1	4425	365609.147387696466	490
1	4432	366182.216836279294	491
1	4441	367019.380882149599	492
1	4450	367578.561236802526	493
1	4459	368051.1126392987	494
1	4470	369509.860766585954	495
1	4479	370390.261892555319	496
1	4488	371067.029521940314	497
1	4495	371849.581441003867	498
1	4506	372394.091923115813	499
1	4513	372994.017396122255	500
1	4526	373945.005874196105	501
1	4533	374517.480455059596	502
1	4544	375386.426819628142	503
1	4553	375791.803570278026	504
1	4562	376562.955134036057	505
1	4569	377307.855963287913	506
1	4580	377942.236886406355	507
1	4585	378434.278005408161	508
1	4596	379222.538650967219	509
1	4603	379608.366868738123	510
1	4608	379989.603860070967	511
1	4621	380979.89876065407	512
1	4634	382069.584723981135	513
1	4639	382478.507942799516	514
1	4648	383289.458055049219	515
1	4659	384408.550350973421	516
1	4670	385354.432920087167	517
1	4677	386083.450909936839	518
1	4684	386483.845461532512	519
1	4693	387450.850474834481	520
1	4702	387908.811747841575	521
1	4711	388526.243953267151	522
1	4722	389513.08330502365	523
1	4731	390307.713637780437	524
1	4740	391099.753722175995	525
1	4747	391680.513300513888	526
1	4760	392800.785163231233	527
1	4765	393365.05689206537	528
1	4774	394020.741798961575	529
1	4785	394793.437227699945	530
1	4792	395274.745389400089	531
1	4805	396565.026089502538	532
1	4810	396911.796611314679	533
1	4819	397419.48919664141	534
1	4828	397985.851657390634	535
1	4839	398762.185787782113	536
1	4842	399102.577901026274	537
1	4855	400310.622979654039	538
1	4868	401378.094227705191	539
1	4875	401963.768834341358	540
1	4886	402816.507146554108	541
1	4895	403667.304459493648	542
1	4902	404178.862102003809	543
1	4909	404961.980604194146	544
1	4918	405710.170625522774	545
1	4927	406237.371415738057	546
1	4936	406829.714180203195	547
1	4945	407310.366574628319	548
1	4958	408536.34276688103	549
1	4967	409305.388392694335	550
1	4974	409778.493048995774	551
1	4981	410239.415749255609	552
1	4994	411341.158751165535	553
1	4999	411998.001515166875	554
1	5010	412840.932245040353	555
1	5021	413317.935546208214	556
1	5030	414035.922954697203	557
1	5037	414625.618739705574	558
1	5048	415251.139323134017	559
1	5057	415881.801128480625	560
1	5066	416753.417732147542	561
1	5075	417578.99826471698	562
1	5080	417879.623017972377	563
1	5089	418643.836947949645	564
1	5098	419472.708724625451	565
1	5107	420015.335252182601	566
1	5118	420899.824991030661	567
1	5125	421612.049293052447	568
1	5136	422228.237063018648	569
1	5143	422626.573799550576	570
1	5154	424180.920202983586	571
1	5165	424921.694348193747	572
1	5170	425299.960039788899	573
1	5179	426114.475705940318	574
1	5188	427007.318701408845	575
1	5197	427689.397075446364	576
1	5208	428498.817911418196	577
1	5219	429392.152030812618	578
1	5228	430264.535592310172	579
1	5237	430901.387001760345	580
1	5244	431703.165397653397	581
1	5251	432480.95958782364	582
1	5262	433450.940542062785	583
1	5269	433978.580387262668	584
1	5278	434740.207965206396	585
1	5287	435560.708982311231	586
1	5296	436198.834618181031	587
1	5309	436986.143714748365	588
1	5314	437487.722590472591	589
1	5325	438634.658339386848	590
1	5336	439583.626997983125	591
1	5343	440314.839518163395	592
1	5354	441146.226007025731	593
1	5359	441797.355496231509	594
1	5368	442206.257410906297	595
1	5377	443085.999953979669	596
1	5386	443753.855736739976	597
1	5395	444299.37647301708	598
1	5404	444812.259081238924	599
1	5413	445802.37015928146	600
1	5424	446797.309406613973	601
1	5431	447245.683018863243	602
1	5440	448045.812542270912	603
1	5449	448764.229490468322	604
1	5458	449732.822910603178	605
1	5467	450694.151737634135	606
1	5480	451691.978662507651	607
1	5489	452456.055856403006	608
1	5498	453174.156558886213	609
1	5507	453713.150226278273	610
1	5512	454235.336719080848	611
1	5521	454682.03051928435	612
1	5530	455864.019267121372	613
1	5541	456638.680558232633	614
1	5552	457754.763166140808	615
1	5557	458316.15679599349	616
1	5570	459213.359485846056	617
1	5575	459907.554889842911	618
1	5586	460437.32195561756	619
1	5593	460828.863380150913	620
1	5604	461843.371030921161	621
1	5613	462235.586559679404	622
1	5624	463006.21821507816	623
1	5629	463351.15003427495	624
1	5642	464379.762554448143	625
1	5647	464776.119216252163	626
1	5660	466027.773496974305	627
1	5667	466690.338571742222	628
1	5678	467490.833027428062	629
1	5683	467859.707853756891	630
1	5692	468256.767496420116	631
1	5701	469660.199048370169	632
1	5714	470545.589071791665	633
1	5721	471092.814896022947	634
1	5728	471711.891350057022	635
1	5741	472676.826418004976	636
1	5746	473067.741468502255	637
1	5755	473888.231785409199	638
1	5764	474334.011510154279	639
1	5775	475522.977182641672	640
1	5784	476387.268452206674	641
1	5795	477259.57501796079	642
1	5804	478153.359475918162	643
1	5809	478532.608815981123	644
1	5818	479448.113250872169	645
1	5829	480291.962342569653	646
1	5840	481549.85530511481	647
1	5849	482145.542129455183	648
1	5854	482617.656057933394	649
1	5863	483182.748940587092	650
1	5876	483947.90301513863	651
1	5883	484536.318033328329	652
1	5894	485619.440333778087	653
1	5903	486439.693473139826	654
1	5910	486924.969824357007	655
1	5917	487772.337512578864	656
1	5930	488364.347219467212	657
1	5935	488959.450478246484	658
1	5944	489569.897151226227	659
1	5955	490817.228136258248	660
1	5964	491392.983932560359	661
1	5971	491768.3450672776	662
1	5980	492539.762981934522	663
1	5991	493752.972613088836	664
1	6002	494340.630308445592	665
1	6009	495044.089843751912	666
1	6018	495623.911011172508	667
1	6025	496220.61354140756	668
1	6036	497334.927950380419	669
1	6043	497763.637138623793	670
1	6052	498292.369133653169	671
1	6061	499234.411133034204	672
1	6074	500156.590289901991	673
1	6079	500606.182108959232	674
1	6088	501332.921689376284	675
1	6097	502050.413452601109	676
1	6106	502797.530972398867	677
1	6117	503716.053530294496	678
1	6128	504348.412199970383	679
1	6135	504948.120449949104	680
1	6142	505440.968736168045	681
1	6153	506319.984354358215	682
1	6164	507194.134405162234	683
1	6169	507558.610825985719	684
1	6178	508380.524227581967	685
1	6189	509222.690472006847	686
1	6196	509556.439554691364	687
1	6201	509895.964983617935	688
1	6214	510843.855791771833	689
1	6225	511721.626154333402	690
1	6236	512714.659865805928	691
1	6243	513284.845960373108	692
1	6250	513706.589600583588	693
1	6259	514320.411983784338	694
1	6272	515091.449677152608	695
1	6279	515904.917490575511	696
1	6286	516441.21936354791	697
1	6299	517589.221196388874	698
1	6304	517929.832387575928	699
1	6317	518884.917792538229	700
1	6326	519279.419853352058	701
1	6335	519906.924757221761	702
1	6344	520589.968561381149	703
1	6349	520957.551579130861	704
1	6358	521624.986833566847	705
1	6369	522606.893248949248	706
1	6380	523487.084103282589	707
1	6385	523946.38851857749	708
1	6398	525164.248310588348	709
1	6405	525912.460426474038	710
1	6412	526608.635716605979	711
1	6421	527522.757868655074	712
1	6430	527886.532448278787	713
1	6439	528830.737612908753	714
1	6452	529712.819162383722	715
1	6461	530566.904069110798	716
1	6468	531152.696169354068	717
1	6477	531882.793602207723	718
1	6488	532917.67354100016	719
1	6495	533803.957576816949	720
1	6502	534423.919768072712	721
1	6511	534985.000223061118	722
1	6522	535961.926470184747	723
1	6533	537080.832688277635	724
1	6538	537550.048152823049	725
1	6549	538583.246816787917	726
1	6560	539382.812201930258	727
1	6567	539933.005877584267	728
1	6576	540791.160884639296	729
1	6585	541372.612956818241	730
1	6594	541936.234104959342	731
1	6601	542820.009857229935	732
1	6612	543717.38509344873	733
1	6621	544340.317959152209	734
1	6624	544663.530057063373	735
1	6641	545972.514829644979	736
1	6646	546291.574601875664	737
1	6657	547116.550197266088	738
1	6668	547859.938268736051	739
1	6673	548374.413346638949	740
1	6686	549409.911352302925	741
1	6695	550283.410048764245	742
1	6700	550865.916904667438	743
1	6711	551333.904406288684	744
1	6718	551639.74708858882	745
1	6727	552361.294146487535	746
1	6738	553276.281460700603	747
1	6745	554021.004069317179	748
1	6754	554570.050817169295	749
1	6767	555755.653721932369	750
1	6776	556585.232049739036	751
1	6781	557036.03781997231	752
1	6792	558026.597179099965	753
1	6799	558669.311035797048	754
1	6808	559176.612796168823	755
1	6821	560541.405128175441	756
1	6828	561123.365332558799	757
1	6837	561750.903246179272	758
1	6844	562241.885299142499	759
1	6857	563372.115226881627	760
1	6866	564025.652698008392	761
1	6873	564732.135537453044	762
1	6884	565481.383653497372	763
1	6893	566356.349100731362	764
1	6898	566849.702518712778	765
1	6909	567775.153035996531	766
1	6918	568417.026998894338	767
1	6929	569153.298859577675	768
1	6936	569842.370758624796	769
1	6943	570290.387584408794	770
1	6956	571465.73582268325	771
1	6963	571922.403510566851	772
1	6970	572292.461814684844	773
1	6981	573503.187197260609	774
1	6992	574341.603632317906	775
1	7001	575151.300433510965	776
1	7006	575563.553670560992	777
1	7019	576557.311149174398	778
1	7026	577204.787714593163	779
1	7033	577545.922464737719	780
1	7042	578207.900701649538	781
1	7055	579495.72600228717	782
1	7062	580102.190419379672	783
1	7069	580599.530111253312	784
1	7078	581382.58482743991	785
1	7091	582517.249383358335	786
1	7098	583080.483155278539	787
1	7109	583953.381291450983	788
1	7116	584294.942972715994	789
1	7127	585081.49316534405	790
1	7134	585690.768660418739	791
1	7143	586487.247183546474	792
1	7150	587303.719348926147	793
1	7161	588121.851966530135	794
1	7170	588824.563894467479	795
1	7179	589486.078655859506	796
1	7188	590098.722366197086	797
1	7199	591130.793780693835	798
1	7208	591877.813515393114	799
1	7215	592554.742623819089	800
1	7224	593427.748517459309	801
1	7231	593887.023157300478	802
1	7240	594924.755586404405	803
1	7253	595765.778911253488	804
1	7262	596480.282645579478	805
1	7271	597194.201277522421	806
1	7280	598066.55113818129	807
1	7289	598705.013261642358	808
1	7294	599007.655777595988	809
1	7303	599557.378213293902	810
1	7312	600434.334357781387	811
1	7321	601058.962755510635	812
1	7330	602086.821324331736	813
1	7341	602974.23169752588	814
1	7352	603663.765238970569	815
1	7359	604359.697837801701	816

