version 2
run Pipelined_3Teachers-98-20190105-10:57:40-22392
attr configname Pipelined_3Teachers
attr datetime 20190105-10:57:40
attr experiment Pipelined_3Teachers
attr inifile ../simulations/omnetpp.ini
attr iterationvars "$0=\"uniform\""
attr iterationvarsf uniform-
attr measurement "$0=\"uniform\""
attr network PipelinedExamSession
attr processid 22392
attr repetition 98
attr replication #98
attr resultdir results
attr runnumber 98
attr seedset 98
param **.teachersNumber 3
param **.answerTimeDistribution "\"uniform\""
param **.minUniform 300
param **.maxUniform 900
param **.scaleLognormal 6.2854
param **.shapeLognormal 0.4724

vector 0 PipelinedExamSession examinationTime:vector ETV
attr source examFinished
vector 1 PipelinedExamSession studentID:vector ETV
attr source student
0	3176	260794.514863612161	2038.3848755155
0	3185	261609.708598488973	2091.7655663565
0	3194	262291.084019048171	2098.4214085154
0	3199	262623.621690552713	1829.1068269406
0	3212	263812.792553287031	2203.0839547981
0	3219	264482.392969261886	2191.3089502137
0	3230	265276.064897747742	2119.36232429
0	3235	265671.846905211018	1859.054351924
0	3244	266545.467079058321	2005.7786256541
0	3257	267777.781330095636	2501.7164323479
0	3262	268089.829069795119	2096.2995714974
0	3275	269247.095581842619	2366.3995668758
0	3284	270023.358825361389	2245.5774952658
0	3293	270879.028578009489	2517.8860494867
0	3300	271474.314625142175	2227.2190432996
0	3309	272155.996541306409	2132.637715945
0	3318	273232.006911467793	2352.9783334583
0	3327	273760.407986724781	1989.4148998428
0	3338	274700.617580255526	2168.5380165931
0	3347	275321.57025584023	1998.9629447926
0	3356	275911.208614613894	2041.9570322614
0	3363	276374.030957417596	1673.4133771621
0	3372	277600.915896752882	2279.3456409127
0	3379	278084.315586229819	2173.1069716159
0	3392	279064.077186305109	2273.3642353211
0	3401	279845.893255993757	2159.1156394221
0	3406	280318.929828889701	1967.5526522566
0	3417	281294.117823103476	2230.0406367984
0	3424	281889.854227099602	2043.9609711058
0	3437	282888.198717869853	2208.8374582585
0	3446	283531.082908669521	2123.8131852821
0	3455	284307.830691430752	2130.0212294329
0	3464	285095.181436976452	2206.9827191066
0	3471	285584.417014522512	2053.334105853
0	3482	286786.442193388974	2478.6115019582
0	3491	287627.01541059654	2531.8339736201
0	3496	288125.958360778203	2208.7312306277
0	3507	288904.963438399171	2118.5212450102
0	3514	289387.721838802134	1760.7064282056
0	3525	290428.025074163487	1975.3274082206
0	3534	291112.935330905056	1814.442499727
0	3541	291469.914745492896	1542.7673297469
0	3552	292702.80609768819	2270.7027829718
0	3561	293443.192878132722	2168.5484192334
0	3572	294311.301312781906	2152.2834737319
0	3579	294943.356353044546	2157.7567172237
0	3590	295640.776269463858	2195.6851534545
0	3597	296365.590357128567	2054.2890443467
0	3606	297052.427384443617	1966.1272023339
0	3615	297661.901265475935	2021.1249960121
0	3622	298151.431866176462	1647.6836811751
0	3633	298948.870791262052	1776.5158799943
0	3642	299814.100201847068	2056.5678686835
0	3649	300292.363500595129	1969.8010173161
0	3662	301551.587527105622	2338.0312353373
0	3669	302302.639925619625	2191.8235785328
0	3678	303034.941364266016	2140.8143701963
0	3685	303790.372882224657	2238.785355119
0	3698	304913.750858232416	2534.9396155681
0	3703	305358.01235544499	2113.6696068104
0	3716	306461.211857758499	2320.6183587201
0	3723	307064.884848380498	2151.1339901481
0	3734	307834.978191135488	2147.7038203273
0	3741	308229.426580946929	1768.2147231884
0	3748	308548.614928498901	1271.8553337269
0	3759	309519.047259260007	1684.0690681245
0	3766	310362.490052729882	1997.9891971685
0	3777	311344.586466439105	2403.255307395
0	3784	312012.053082184902	2180.0836051349
0	3793	312507.300140569022	1798.4027559869
0	3804	313655.173920281267	2257.0289311465
0	3813	314256.451679952478	2080.6914165616
0	3824	315104.611105565017	2055.2357085049
0	3833	316004.366218065878	2347.430987237
0	3840	316788.27032949779	2252.0037710667
0	3849	317232.32574644502	2127.71464088
0	3858	317916.637650970404	1912.2714329045
0	3865	318899.47011256594	2090.8792320639
0	3878	319856.42421226952	2462.9816383123
0	3887	320719.545247592067	2561.7616417352
0	3896	321282.886646362057	2241.1550349556
0	3905	321833.508893055877	1977.0846807864
0	3910	322344.878501957318	1625.3332543653
0	3921	323152.328825416079	1869.442179054
0	3930	324328.539373911953	2495.0304808561
0	3937	324933.709985436907	2244.1510678735
0	3950	325657.889000885224	2070.3413883224
0	3955	325960.408971319011	1545.5928065814
0	3964	326385.745594929939	1370.4483304638
0	3973	327231.734460080078	1573.8454591949
0	3982	327888.847204064986	1691.9879070483
0	3995	329028.920200746543	2031.0703129973
0	4004	329809.704583045132	2335.1795833558
0	4011	330524.246279010586	2152.5771795306
0	4018	330922.632635012306	1893.7124342658
0	4031	331794.452210795171	1984.74762775
0	4038	332493.131381180174	1917.4000671599
0	4045	332805.336683895476	1612.2076636646
0	4054	333429.238171130456	1634.7859603353
0	4067	334792.305598827116	2172.4609428551
0	4076	335536.889686435498	2232.4792311061
0	4085	336404.108222527466	2405.8799251914
0	4094	337265.430321497879	2473.1247226708
0	4103	338122.45714939203	2585.5674629565
0	4112	338999.236780637911	2595.1285581104
0	4117	339330.326149519569	2064.8958280217
0	4130	340659.441788541189	2536.9846391492
0	4137	341462.401810381598	2463.1650297437
0	4148	342024.515856010876	2159.7582519986
0	4153	342596.998510742597	1937.5567222014
0	4162	343068.355878023467	1523.999117827
0	4171	344029.518102854527	2005.0022468437
0	4184	345216.376087255812	2300.9789742529
0	4193	346050.141279911659	2454.3907920364
0	4202	346434.808626864142	1945.3446232248
0	4207	346843.039524508677	1626.6634372529
0	4218	347533.908662293143	1483.7673823815
0	4225	348083.646968286521	1648.8383414224
0	4238	349051.382825151122	2096.3002382778
0	4247	349745.303298812396	2140.2970526833
0	4252	350100.30229319822	1871.3397800457
0	4261	350832.888560788743	1781.5057356376
0	4270	351648.199449945278	1902.8961511329
0	4279	352514.35700249862	1892.1718481462
0	4290	353554.630678659343	2176.3451450039
0	4297	353907.736635720395	1753.1017673202
0	4310	355235.298844333776	2338.1544695701
0	4319	356010.352643625849	2438.1663656328
0	4326	356702.126887533852	2358.7305141147
0	4337	357556.572665926107	2321.2738215923
0	4346	358399.076059972905	2388.7234163471
0	4351	358770.658611785658	1990.8950127661
0	4364	360037.561990041323	2480.9893241152
0	4371	360488.748201588206	2089.6721416153
0	4378	361316.907009808384	2157.4408609886
0	4387	361756.820490304419	1719.2585002631
0	4400	362817.629582667761	2067.024222482
0	4407	363391.184879886024	1925.5806625821
0	4416	364020.716039277651	2032.4492753483
0	4427	365005.369096482211	2187.7395138144
0	4432	365601.873274007851	2082.1402268484
0	4441	366328.763320902401	1996.6989147943
0	4454	367162.152970768549	2156.7838742863
0	4461	367788.789020106234	2024.682185892
0	4468	368548.749193036966	2057.9133315012
0	4479	369511.340198060536	2349.187227292
0	4488	370405.858704540916	2519.3743442651
0	4499	371234.988912893497	2504.9189931247
0	4506	371994.490556744896	2374.1165935993
0	4517	372970.99483204078	2563.8432443608
0	4524	373420.830217050426	2185.8413041569
0	4535	374395.144732017108	2322.4626876879
0	4542	374969.869281817266	1998.8744497765
0	4551	375610.109363962002	1910.0790036377
0	4560	376665.031069703437	2269.8863376863
0	4567	377139.139896025919	1996.6739807278
0	4578	378221.351356292181	2324.0309426095
0	4589	379154.417346138545	2439.3294860143
0	4594	379762.858928600364	2170.4838654958
0	4607	380754.760097572618	2489.603919955
0	4612	381317.538848239967	2163.1215021014
0	4623	382292.214124649801	2413.4668149054
0	4630	383140.308211511038	2385.5481139384
0	4639	383626.377881784029	2018.4761244804
0	4652	384653.468605689741	2248.4193655662
0	4661	385418.050021072886	2200.3138008993
0	4666	385826.00280884657	1751.4523210935
0	4679	387146.548202214799	2493.0795965251
0	4684	387690.770448977164	2272.7204279043
0	4693	388299.767548637501	2012.1886521578
0	4702	388992.291793925724	1845.7435917109
0	4711	389617.490429012141	1644.6317712776
0	4722	390685.114710917732	2322.0913512167
0	4731	391305.637998227066	2125.3753879108
0	4742	392033.211322361639	1965.335629927
0	4749	392789.411638258061	1895.2512652148
0	4760	393668.938938668034	2262.7067542635
0	4769	394350.260368594936	2317.0490462333
0	4778	395183.473494183308	2362.0565523393
0	4787	396070.178937865457	2401.2399991974
0	4792	396444.745908491349	2094.4855398964
0	4801	397192.135408474169	2008.6619142909
0	4814	398031.582849612495	1961.403911747
0	4819	398448.796475725284	1554.10050801
0	4828	399170.72436609309	1665.9277007449
0	4841	400286.43865124326	2254.8558016308
0	4850	401065.535444766318	2208.4052982274
0	4857	401787.379832100158	2251.3312526979
0	4866	402648.266633274069	2361.8279820308
0	4875	403112.06122655425	2046.5257817879
0	4886	403878.958273865318	2062.8314263187
0	4895	404704.026239924168	2007.4577656109
0	4904	405382.632286101615	2182.6241731178
0	4909	405863.311190530693	1984.3529166654
0	4920	406815.548947686365	2111.5227077622
0	4931	407391.719940165093	2009.0876540635
0	4936	407841.49662405256	1644.9950932525
0	4945	408753.486437955906	1914.1824773513
0	4954	409372.074945643579	1980.3550054785
0	4965	410429.138055257534	2261.0810812097
0	4974	411292.227949993719	2241.3895302918
0	4981	411903.662524139543	2006.9883244112
0	4992	412772.033803118428	2304.4230449013
0	5001	413438.639897899737	2098.4038203489
0	5010	414444.48155430149	2280.2169639152
0	5017	414760.986490454559	1733.5192352068
0	5030	415836.40587930571	1959.5873144455
0	5039	416571.103741228615	2000.529500423
0	5048	417459.793405048584	2313.2307136897
0	5053	417862.263942835887	2025.8580635302
0	5062	418282.793031586369	1711.6892903578
0	5067	418708.27427306216	1248.4808680136
0	5080	419754.9658365548	1777.6129498612
0	5091	420990.765090426464	2231.3675687648
0	5102	422102.114126645063	2512.3107943218
0	5107	422892.186471540515	2536.3992137834
0	5118	423789.181415643578	2579.9297746271
0	5127	424350.908471038599	2248.7943443935
0	5136	425168.07322413664	2229.597642459
0	5147	425736.957000754808	1941.8827600311
0	5154	426373.12639583837	1972.1945981495
0	5163	427025.800106674468	1784.7844415344
0	5170	427962.828296609257	2225.8712958544
0	5181	428605.451346421648	1982.3622041848
0	5188	429046.17275395434	1674.8059276957
0	5197	429735.523528000374	1522.3729601596
0	5206	430875.309022888576	1992.0463421848
0	5215	431789.445719635148	2258.804693073
0	5228	432622.167213074897	2312.3780214228
0	5233	433160.044848080759	2022.6301114541
0	5242	433631.545626092736	1767.8466225509
0	5253	434800.448641553555	2178.2814284787
0	5262	435362.493622116778	1980.5998190772
0	5273	436268.83091507483	2104.0202390403
0	5278	436577.012500818853	1732.6411758084
0	5291	437884.130546730046	2258.4698642604
0	5300	438750.928020849858	2482.097105775
0	5309	439574.928111629595	2448.0667923577
0	5318	440426.450343523209	2542.3197967932
0	5325	441269.155308930238	2518.2272880804
0	5334	441815.655529825052	2240.7274181955
0	5345	442903.231845237349	2476.7815017141
0	5354	443563.95294182006	2263.7008319143
0	5359	444016.526336688583	1899.4634044357
0	5368	444681.648838240688	1778.4169930033
0	5379	445503.345481865143	1939.3925400451
0	5386	446183.724803198164	1802.1518704947
0	5395	446686.913111759384	1755.7561424095
0	5404	447550.962405977805	1857.2256722488
0	5415	448251.101860217784	1830.1838975865
0	5426	449085.608002357219	1931.3754470553
0	5433	449719.384462293272	2055.020219693
0	5440	450101.179592404549	1840.2914048173
0	5449	450722.718169866164	1637.1101675089
0	5462	451924.958890909364	2089.9925813545
0	5471	452810.726628731971	2216.6073279921
0	5480	453689.166720164975	2605.2151714917
0	5487	454151.543686771801	2226.5847958624
0	5496	455194.499536743423	2383.7729080115
0	5507	456174.744619941374	2485.5778997764
0	5514	456898.587532807177	2323.0389132164
0	5521	457602.552725141904	2225.5658322014
0	5530	458219.975983304938	2045.2313633636
0	5541	459008.210917795112	1943.2388110086
0	5550	460022.765186335926	2069.1400872543
0	5561	460629.702254897018	2201.1435180902
0	5566	461203.924465505441	1928.5157674458
0	5579	462105.133150611107	1955.7334441692
0	5584	462455.930425459553	1826.2281705625
0	5593	463019.974697800387	1558.8374640327
0	5602	463931.969185592641	1826.8360349815
0	5613	464738.664605375414	1784.8897037096
0	5620	465352.974349027534	1654.2594484985
0	5633	466469.601784413715	2296.5847890358
0	5642	467059.651634283398	2141.8075588066
0	5647	467436.732115550001	1765.6689911149
0	5656	467851.232974743505	1381.6311903298
0	5665	468635.188446985592	1575.5368127022
0	5678	469637.302794400637	2176.9252751023
0	5683	469955.479811271687	2036.8807826657
0	5694	470915.374890994315	2146.4174467139
0	5705	472296.030550589819	2658.7277561892
0	5712	472915.542060323094	2396.9462701119
0	5719	473384.455297188868	1982.138048904
0	5728	474017.277867905831	1721.247317316
0	5737	474703.609970212017	1695.7568539772
0	5748	475412.649113126133	1733.2985645626
0	5757	476620.054424693842	2239.7182781249
0	5766	477233.055079216172	2180.6257436983
0	5775	478030.043760873412	2108.4478908218
0	5778	478409.883280517568	1652.9987633228
0	5795	479909.939094493199	2305.5259844754
0	5802	480251.617357274551	1755.2454164252
0	5813	481193.617381760884	2038.0855795462
0	5820	481682.463580369983	1772.5244858768
0	5827	482538.194889854674	1948.6498827115
0	5836	483313.539636461098	2119.9222547002
0	5845	483708.891777601127	1697.4556127563
0	5854	484382.501755747978	1604.2095412966
0	5865	485211.314358562266	1859.896922484
0	5872	485677.80138147067	1822.1085960511
0	5883	486380.062182247673	1836.685642926
0	5890	486899.211682565545	1560.8127462678
0	5903	488294.254431640764	2353.9722501766
0	5910	488938.847181759809	2172.0345118549
0	5917	489686.768864700605	2121.5705203358
0	5930	490760.199258383397	2465.9448267426
0	5939	491595.561722572926	2482.4339952786
0	5946	492216.917542275075	2260.6520919129
0	5953	492942.22285235304	2182.0235939696
0	5966	493899.995369045097	2304.4336464722
0	5971	494242.006797390092	2002.0826976746
0	5980	494702.40504490215	1580.7163557038
0	5989	495430.083900550413	1530.0885315053
0	6002	496742.482960224184	2128.6066361703
0	6009	497304.271426331284	2139.9763799272
0	6018	498045.939050149205	2030.0994912162
0	6027	498646.055356739122	1903.5723965149
0	6034	499044.778441032428	1487.8397887107
0	6043	499804.937548516351	1645.5412992742
0	6054	500757.485233247313	2078.1553685199
0	6063	501586.832324462045	2322.0655366313
0	6072	502261.167770577628	2129.6829432249
0	6083	503096.650480711866	2137.3689746484
0	6092	503953.181016398627	2355.0858294591
0	6101	504730.225959559936	2334.9477105774
0	6108	505363.819594681296	2267.1691139694
0	6119	506224.640448577736	2271.4594321791
0	6126	506746.914788335596	2016.6888287757
0	6135	507486.068850522895	2026.5065318439
0	6142	508192.492091562633	1967.8516429849
0	6153	509014.677953068201	2020.0289013796
0	6160	509532.187909120728	1660.5317061301
0	6173	510819.471913436462	2274.9772357754
0	6182	511607.278182311018	2291.0744790919
0	6191	512419.865715550293	2345.030600857
0	6196	513027.575146174093	2208.1032327376
0	6207	513597.798272827674	1990.5200905167
0	6218	514441.895773401518	2022.0300578512
0	6223	514889.80878721926	1679.5703762211
0	6236	515799.38769936565	2173.5178960953
0	6245	516618.131258804385	2176.2354854029
0	6252	517145.771087659557	2082.2510667611
0	6261	517970.624314527993	2171.2366151623
0	6272	518813.106583803926	2194.9753249995
0	6277	519185.900743911077	1674.0813825745
0	6282	519564.816126599941	1521.6913808137
0	6299	521249.628980085288	2436.5223962814
0	6308	521768.221476953511	2100.0208334997
0	6317	522529.724508896504	2107.2543670423
0	6322	522993.704641750116	1744.0756616648
0	6335	524171.052478859235	2402.8310019057
0	6344	525045.543764345382	2515.8192554489
0	6351	525578.48139284182	2180.1406983286
0	6362	526456.481576291878	2285.4290974326
0	6367	527067.701717186753	2022.1579528414
0	6378	527822.010880848427	1971.3927256409
0	6385	528713.206215575372	2256.7246392835
0	6394	529217.854384984856	1863.9426714275
0	6407	530235.737549839576	2172.9433405213
0	6416	531130.527224019205	2258.5338490549
0	6421	531458.502673544025	2029.1119247675
0	6432	532572.37158841457	2336.634038575
0	6443	533441.006363416125	2310.4791393969
0	6452	534339.320186432485	2397.0951197203
0	6461	535167.360467836295	2558.7243406568
0	6466	535489.179599192028	2048.1732357759
0	6477	536579.369839327444	2240.049652895
0	6486	537308.648484572802	2141.2880167365
0	6493	537769.57978648137	1841.4457360748
0	6506	539148.55830590244	2463.8811654411
0	6511	539670.314654102582	2127.319731703
0	6522	540510.156904812935	2181.8598432932
0	6531	541422.598522575605	2274.0402166732
0	6542	542243.955229455638	2243.2317689527
0	6549	542940.171823510933	2365.4141858686
0	6560	543953.463966306332	2486.2913053483
0	6567	544572.899649012867	2328.9444195572
0	6574	545176.620718231458	2049.0621296223
0	6587	545940.384745784138	1986.9207794778
0	6596	546832.908968534355	2094.3896443583
0	6601	547301.872474886511	1949.5909986086
0	6610	548015.33369449902	2074.9489487149
0	6619	549010.910504730452	2178.0015361961
0	6628	549630.614886106957	2031.6128990147
0	6641	550711.471549188752	2346.5959891677
0	6648	551133.056551963125	2069.1246202681
0	6655	551867.383407801424	1918.1962374598
0	6666	552787.888870574568	2076.4173213858
0	6673	553505.767407082055	1932.1988373064
0	6682	554229.23990101557	1852.074576728
0	6691	554948.897437518497	2000.0274098944
0	6704	555910.944749554654	2102.3117072415
0	6711	556561.558035062661	1915.5927976593
0	6718	557105.405823932996	1846.8910544179
0	6729	557931.125986296718	2020.1812367421
0	6740	558726.136304112187	2157.9360773787
0	6745	559153.61801628027	1722.7528647054
0	6758	560093.88097892519	2154.5888597611
0	6763	560549.079379672221	1822.94307556
0	6772	561308.217604039274	1848.3178760391
0	6785	562272.144138906187	2178.263159981
0	6790	562663.611839572004	1769.7083262261
0	6799	563278.205960523373	1624.4546688627
0	6812	563996.203074697441	1724.0589357913
0	6819	564511.087808618358	1723.4149825294
0	6822	564815.400436101517	1320.6011402886
0	6839	566152.375280438027	2156.1722057406
0	6844	566624.621365405655	1786.6927178577
0	6853	567544.899511663279	1910.274342075
0	6864	568180.40111227896	2028.0258318409
0	6871	568590.37723462101	1595.2822271269
0	6882	569546.72387684699	1714.3007107079
0	6889	569870.674661966077	1332.3280148674
0	6898	571106.930490816048	1950.6061987951
0	6909	571790.499398857392	2063.0077135284
0	6916	572663.964326167516	2325.9692376014
0	6929	573494.910933868997	2358.062657062
0	6938	574352.621426805891	2427.879420016
0	6943	574709.354848181866	1931.5286883619
0	6956	575995.990259433202	2501.0793255642
0	6961	576422.935208352319	2070.3137815464
0	6974	577603.878388088234	2475.2947074361
0	6983	578388.33341351714	2392.3431540839
0	6990	579142.464344808869	2348.9661427215
0	6997	579612.276304699518	2008.3979166113
0	7008	580709.595847735218	2321.2624342181
0	7019	581598.905707430132	2348.4666504432
0	7026	582021.689864946567	2072.7837440092
0	7033	582411.99425566014	1633.2762833219
0	7044	583312.499339226671	1713.5936317965
0	7053	584089.794928813391	1987.4757892918
0	7062	584420.695778215342	1638.3117367979
0	7071	585133.381330361628	1711.5278990474
0	7078	585646.839079773092	1531.4729609527
0	7089	586732.323895627672	2162.0391758624
0	7098	587612.867829389909	2352.9413987417
0	7109	588496.943349950054	2393.2417219039
0	7116	589009.213975723871	2103.1125170644
0	7125	589628.19265150469	1976.0775472037
0	7134	590551.000359049106	2054.0570090991
0	7143	591472.615256393367	2294.2132457625
0	7154	592329.697166662702	2465.9531393554
0	7161	592732.311035133937	2072.0418708399
0	7168	593191.556086856911	1702.0186850801
0	7179	594016.414560377637	1686.7173937149
0	7190	594957.719700504133	2168.5263549909
0	7195	595416.349082021081	2115.0098608341
0	7206	596453.80436950367	2314.3860312179
0	7217	597511.193283973301	2553.4735834692
0	7222	597829.429545253555	2035.5432892218
0	7235	598918.458457198033	2278.965287609
0	7240	599328.323019621933	1817.1297356486
0	7249	600061.821492388883	1810.2130395826
0	7260	601056.491341441909	2138.0328842439
0	7271	602257.578763179521	2471.4171695989
0	7276	602590.780967054929	2005.7598763146
0	7285	603552.99309734259	2124.8900146689
0	7298	604501.398140704299	2243.8193775248
1	3176	260794.514863612161	351
1	3185	261609.708598488973	352
1	3194	262291.084019048171	353
1	3199	262623.621690552713	354
1	3212	263812.792553287031	355
1	3219	264482.392969261886	356
1	3230	265276.064897747742	357
1	3235	265671.846905211018	358
1	3244	266545.467079058321	359
1	3257	267777.781330095636	360
1	3262	268089.829069795119	361
1	3275	269247.095581842619	362
1	3284	270023.358825361389	363
1	3293	270879.028578009489	364
1	3300	271474.314625142175	365
1	3309	272155.996541306409	366
1	3318	273232.006911467793	367
1	3327	273760.407986724781	368
1	3338	274700.617580255526	369
1	3347	275321.57025584023	370
1	3356	275911.208614613894	371
1	3363	276374.030957417596	372
1	3372	277600.915896752882	373
1	3379	278084.315586229819	374
1	3392	279064.077186305109	375
1	3401	279845.893255993757	376
1	3406	280318.929828889701	377
1	3417	281294.117823103476	378
1	3424	281889.854227099602	379
1	3437	282888.198717869853	380
1	3446	283531.082908669521	381
1	3455	284307.830691430752	382
1	3464	285095.181436976452	383
1	3471	285584.417014522512	384
1	3482	286786.442193388974	385
1	3491	287627.01541059654	386
1	3496	288125.958360778203	387
1	3507	288904.963438399171	388
1	3514	289387.721838802134	389
1	3525	290428.025074163487	390
1	3534	291112.935330905056	391
1	3541	291469.914745492896	392
1	3552	292702.80609768819	393
1	3561	293443.192878132722	394
1	3572	294311.301312781906	395
1	3579	294943.356353044546	396
1	3590	295640.776269463858	397
1	3597	296365.590357128567	398
1	3606	297052.427384443617	399
1	3615	297661.901265475935	400
1	3622	298151.431866176462	401
1	3633	298948.870791262052	402
1	3642	299814.100201847068	403
1	3649	300292.363500595129	404
1	3662	301551.587527105622	405
1	3669	302302.639925619625	406
1	3678	303034.941364266016	407
1	3685	303790.372882224657	408
1	3698	304913.750858232416	409
1	3703	305358.01235544499	410
1	3716	306461.211857758499	411
1	3723	307064.884848380498	412
1	3734	307834.978191135488	413
1	3741	308229.426580946929	414
1	3748	308548.614928498901	415
1	3759	309519.047259260007	416
1	3766	310362.490052729882	417
1	3777	311344.586466439105	418
1	3784	312012.053082184902	419
1	3793	312507.300140569022	420
1	3804	313655.173920281267	421
1	3813	314256.451679952478	422
1	3824	315104.611105565017	423
1	3833	316004.366218065878	424
1	3840	316788.27032949779	425
1	3849	317232.32574644502	426
1	3858	317916.637650970404	427
1	3865	318899.47011256594	428
1	3878	319856.42421226952	429
1	3887	320719.545247592067	430
1	3896	321282.886646362057	431
1	3905	321833.508893055877	432
1	3910	322344.878501957318	433
1	3921	323152.328825416079	434
1	3930	324328.539373911953	435
1	3937	324933.709985436907	436
1	3950	325657.889000885224	437
1	3955	325960.408971319011	438
1	3964	326385.745594929939	439
1	3973	327231.734460080078	440
1	3982	327888.847204064986	441
1	3995	329028.920200746543	442
1	4004	329809.704583045132	443
1	4011	330524.246279010586	444
1	4018	330922.632635012306	445
1	4031	331794.452210795171	446
1	4038	332493.131381180174	447
1	4045	332805.336683895476	448
1	4054	333429.238171130456	449
1	4067	334792.305598827116	450
1	4076	335536.889686435498	451
1	4085	336404.108222527466	452
1	4094	337265.430321497879	453
1	4103	338122.45714939203	454
1	4112	338999.236780637911	455
1	4117	339330.326149519569	456
1	4130	340659.441788541189	457
1	4137	341462.401810381598	458
1	4148	342024.515856010876	459
1	4153	342596.998510742597	460
1	4162	343068.355878023467	461
1	4171	344029.518102854527	462
1	4184	345216.376087255812	463
1	4193	346050.141279911659	464
1	4202	346434.808626864142	465
1	4207	346843.039524508677	466
1	4218	347533.908662293143	467
1	4225	348083.646968286521	468
1	4238	349051.382825151122	469
1	4247	349745.303298812396	470
1	4252	350100.30229319822	471
1	4261	350832.888560788743	472
1	4270	351648.199449945278	473
1	4279	352514.35700249862	474
1	4290	353554.630678659343	475
1	4297	353907.736635720395	476
1	4310	355235.298844333776	477
1	4319	356010.352643625849	478
1	4326	356702.126887533852	479
1	4337	357556.572665926107	480
1	4346	358399.076059972905	481
1	4351	358770.658611785658	482
1	4364	360037.561990041323	483
1	4371	360488.748201588206	484
1	4378	361316.907009808384	485
1	4387	361756.820490304419	486
1	4400	362817.629582667761	487
1	4407	363391.184879886024	488
1	4416	364020.716039277651	489
1	4427	365005.369096482211	490
1	4432	365601.873274007851	491
1	4441	366328.763320902401	492
1	4454	367162.152970768549	493
1	4461	367788.789020106234	494
1	4468	368548.749193036966	495
1	4479	369511.340198060536	496
1	4488	370405.858704540916	497
1	4499	371234.988912893497	498
1	4506	371994.490556744896	499
1	4517	372970.99483204078	500
1	4524	373420.830217050426	501
1	4535	374395.144732017108	502
1	4542	374969.869281817266	503
1	4551	375610.109363962002	504
1	4560	376665.031069703437	505
1	4567	377139.139896025919	506
1	4578	378221.351356292181	507
1	4589	379154.417346138545	508
1	4594	379762.858928600364	509
1	4607	380754.760097572618	510
1	4612	381317.538848239967	511
1	4623	382292.214124649801	512
1	4630	383140.308211511038	513
1	4639	383626.377881784029	514
1	4652	384653.468605689741	515
1	4661	385418.050021072886	516
1	4666	385826.00280884657	517
1	4679	387146.548202214799	518
1	4684	387690.770448977164	519
1	4693	388299.767548637501	520
1	4702	388992.291793925724	521
1	4711	389617.490429012141	522
1	4722	390685.114710917732	523
1	4731	391305.637998227066	524
1	4742	392033.211322361639	525
1	4749	392789.411638258061	526
1	4760	393668.938938668034	527
1	4769	394350.260368594936	528
1	4778	395183.473494183308	529
1	4787	396070.178937865457	530
1	4792	396444.745908491349	531
1	4801	397192.135408474169	532
1	4814	398031.582849612495	533
1	4819	398448.796475725284	534
1	4828	399170.72436609309	535
1	4841	400286.43865124326	536
1	4850	401065.535444766318	537
1	4857	401787.379832100158	538
1	4866	402648.266633274069	539
1	4875	403112.06122655425	540
1	4886	403878.958273865318	541
1	4895	404704.026239924168	542
1	4904	405382.632286101615	543
1	4909	405863.311190530693	544
1	4920	406815.548947686365	545
1	4931	407391.719940165093	546
1	4936	407841.49662405256	547
1	4945	408753.486437955906	548
1	4954	409372.074945643579	549
1	4965	410429.138055257534	550
1	4974	411292.227949993719	551
1	4981	411903.662524139543	552
1	4992	412772.033803118428	553
1	5001	413438.639897899737	554
1	5010	414444.48155430149	555
1	5017	414760.986490454559	556
1	5030	415836.40587930571	557
1	5039	416571.103741228615	558
1	5048	417459.793405048584	559
1	5053	417862.263942835887	560
1	5062	418282.793031586369	561
1	5067	418708.27427306216	562
1	5080	419754.9658365548	563
1	5091	420990.765090426464	564
1	5102	422102.114126645063	565
1	5107	422892.186471540515	566
1	5118	423789.181415643578	567
1	5127	424350.908471038599	568
1	5136	425168.07322413664	569
1	5147	425736.957000754808	570
1	5154	426373.12639583837	571
1	5163	427025.800106674468	572
1	5170	427962.828296609257	573
1	5181	428605.451346421648	574
1	5188	429046.17275395434	575
1	5197	429735.523528000374	576
1	5206	430875.309022888576	577
1	5215	431789.445719635148	578
1	5228	432622.167213074897	579
1	5233	433160.044848080759	580
1	5242	433631.545626092736	581
1	5253	434800.448641553555	582
1	5262	435362.493622116778	583
1	5273	436268.83091507483	584
1	5278	436577.012500818853	585
1	5291	437884.130546730046	586
1	5300	438750.928020849858	587
1	5309	439574.928111629595	588
1	5318	440426.450343523209	589
1	5325	441269.155308930238	590
1	5334	441815.655529825052	591
1	5345	442903.231845237349	592
1	5354	443563.95294182006	593
1	5359	444016.526336688583	594
1	5368	444681.648838240688	595
1	5379	445503.345481865143	596
1	5386	446183.724803198164	597
1	5395	446686.913111759384	598
1	5404	447550.962405977805	599
1	5415	448251.101860217784	600
1	5426	449085.608002357219	601
1	5433	449719.384462293272	602
1	5440	450101.179592404549	603
1	5449	450722.718169866164	604
1	5462	451924.958890909364	605
1	5471	452810.726628731971	606
1	5480	453689.166720164975	607
1	5487	454151.543686771801	608
1	5496	455194.499536743423	609
1	5507	456174.744619941374	610
1	5514	456898.587532807177	611
1	5521	457602.552725141904	612
1	5530	458219.975983304938	613
1	5541	459008.210917795112	614
1	5550	460022.765186335926	615
1	5561	460629.702254897018	616
1	5566	461203.924465505441	617
1	5579	462105.133150611107	618
1	5584	462455.930425459553	619
1	5593	463019.974697800387	620
1	5602	463931.969185592641	621
1	5613	464738.664605375414	622
1	5620	465352.974349027534	623
1	5633	466469.601784413715	624
1	5642	467059.651634283398	625
1	5647	467436.732115550001	626
1	5656	467851.232974743505	627
1	5665	468635.188446985592	628
1	5678	469637.302794400637	629
1	5683	469955.479811271687	630
1	5694	470915.374890994315	631
1	5705	472296.030550589819	632
1	5712	472915.542060323094	633
1	5719	473384.455297188868	634
1	5728	474017.277867905831	635
1	5737	474703.609970212017	636
1	5748	475412.649113126133	637
1	5757	476620.054424693842	638
1	5766	477233.055079216172	639
1	5775	478030.043760873412	640
1	5778	478409.883280517568	641
1	5795	479909.939094493199	642
1	5802	480251.617357274551	643
1	5813	481193.617381760884	644
1	5820	481682.463580369983	645
1	5827	482538.194889854674	646
1	5836	483313.539636461098	647
1	5845	483708.891777601127	648
1	5854	484382.501755747978	649
1	5865	485211.314358562266	650
1	5872	485677.80138147067	651
1	5883	486380.062182247673	652
1	5890	486899.211682565545	653
1	5903	488294.254431640764	654
1	5910	488938.847181759809	655
1	5917	489686.768864700605	656
1	5930	490760.199258383397	657
1	5939	491595.561722572926	658
1	5946	492216.917542275075	659
1	5953	492942.22285235304	660
1	5966	493899.995369045097	661
1	5971	494242.006797390092	662
1	5980	494702.40504490215	663
1	5989	495430.083900550413	664
1	6002	496742.482960224184	665
1	6009	497304.271426331284	666
1	6018	498045.939050149205	667
1	6027	498646.055356739122	668
1	6034	499044.778441032428	669
1	6043	499804.937548516351	670
1	6054	500757.485233247313	671
1	6063	501586.832324462045	672
1	6072	502261.167770577628	673
1	6083	503096.650480711866	674
1	6092	503953.181016398627	675
1	6101	504730.225959559936	676
1	6108	505363.819594681296	677
1	6119	506224.640448577736	678
1	6126	506746.914788335596	679
1	6135	507486.068850522895	680
1	6142	508192.492091562633	681
1	6153	509014.677953068201	682
1	6160	509532.187909120728	683
1	6173	510819.471913436462	684
1	6182	511607.278182311018	685
1	6191	512419.865715550293	686
1	6196	513027.575146174093	687
1	6207	513597.798272827674	688
1	6218	514441.895773401518	689
1	6223	514889.80878721926	690
1	6236	515799.38769936565	691
1	6245	516618.131258804385	692
1	6252	517145.771087659557	693
1	6261	517970.624314527993	694
1	6272	518813.106583803926	695
1	6277	519185.900743911077	696
1	6282	519564.816126599941	697
1	6299	521249.628980085288	698
1	6308	521768.221476953511	699
1	6317	522529.724508896504	700
1	6322	522993.704641750116	701
1	6335	524171.052478859235	702
1	6344	525045.543764345382	703
1	6351	525578.48139284182	704
1	6362	526456.481576291878	705
1	6367	527067.701717186753	706
1	6378	527822.010880848427	707
1	6385	528713.206215575372	708
1	6394	529217.854384984856	709
1	6407	530235.737549839576	710
1	6416	531130.527224019205	711
1	6421	531458.502673544025	712
1	6432	532572.37158841457	713
1	6443	533441.006363416125	714
1	6452	534339.320186432485	715
1	6461	535167.360467836295	716
1	6466	535489.179599192028	717
1	6477	536579.369839327444	718
1	6486	537308.648484572802	719
1	6493	537769.57978648137	720
1	6506	539148.55830590244	721
1	6511	539670.314654102582	722
1	6522	540510.156904812935	723
1	6531	541422.598522575605	724
1	6542	542243.955229455638	725
1	6549	542940.171823510933	726
1	6560	543953.463966306332	727
1	6567	544572.899649012867	728
1	6574	545176.620718231458	729
1	6587	545940.384745784138	730
1	6596	546832.908968534355	731
1	6601	547301.872474886511	732
1	6610	548015.33369449902	733
1	6619	549010.910504730452	734
1	6628	549630.614886106957	735
1	6641	550711.471549188752	736
1	6648	551133.056551963125	737
1	6655	551867.383407801424	738
1	6666	552787.888870574568	739
1	6673	553505.767407082055	740
1	6682	554229.23990101557	741
1	6691	554948.897437518497	742
1	6704	555910.944749554654	743
1	6711	556561.558035062661	744
1	6718	557105.405823932996	745
1	6729	557931.125986296718	746
1	6740	558726.136304112187	747
1	6745	559153.61801628027	748
1	6758	560093.88097892519	749
1	6763	560549.079379672221	750
1	6772	561308.217604039274	751
1	6785	562272.144138906187	752
1	6790	562663.611839572004	753
1	6799	563278.205960523373	754
1	6812	563996.203074697441	755
1	6819	564511.087808618358	756
1	6822	564815.400436101517	757
1	6839	566152.375280438027	758
1	6844	566624.621365405655	759
1	6853	567544.899511663279	760
1	6864	568180.40111227896	761
1	6871	568590.37723462101	762
1	6882	569546.72387684699	763
1	6889	569870.674661966077	764
1	6898	571106.930490816048	765
1	6909	571790.499398857392	766
1	6916	572663.964326167516	767
1	6929	573494.910933868997	768
1	6938	574352.621426805891	769
1	6943	574709.354848181866	770
1	6956	575995.990259433202	771
1	6961	576422.935208352319	772
1	6974	577603.878388088234	773
1	6983	578388.33341351714	774
1	6990	579142.464344808869	775
1	6997	579612.276304699518	776
1	7008	580709.595847735218	777
1	7019	581598.905707430132	778
1	7026	582021.689864946567	779
1	7033	582411.99425566014	780
1	7044	583312.499339226671	781
1	7053	584089.794928813391	782
1	7062	584420.695778215342	783
1	7071	585133.381330361628	784
1	7078	585646.839079773092	785
1	7089	586732.323895627672	786
1	7098	587612.867829389909	787
1	7109	588496.943349950054	788
1	7116	589009.213975723871	789
1	7125	589628.19265150469	790
1	7134	590551.000359049106	791
1	7143	591472.615256393367	792
1	7154	592329.697166662702	793
1	7161	592732.311035133937	794
1	7168	593191.556086856911	795
1	7179	594016.414560377637	796
1	7190	594957.719700504133	797
1	7195	595416.349082021081	798
1	7206	596453.80436950367	799
1	7217	597511.193283973301	800
1	7222	597829.429545253555	801
1	7235	598918.458457198033	802
1	7240	599328.323019621933	803
1	7249	600061.821492388883	804
1	7260	601056.491341441909	805
1	7271	602257.578763179521	806
1	7276	602590.780967054929	807
1	7285	603552.99309734259	808
1	7298	604501.398140704299	809

