version 2
run Pipelined_3Teachers-62-20190105-10:57:32-6436
attr configname Pipelined_3Teachers
attr datetime 20190105-10:57:32
attr experiment Pipelined_3Teachers
attr inifile ../simulations/omnetpp.ini
attr iterationvars "$0=\"uniform\""
attr iterationvarsf uniform-
attr measurement "$0=\"uniform\""
attr network PipelinedExamSession
attr processid 6436
attr repetition 62
attr replication #62
attr resultdir results
attr runnumber 62
attr seedset 62
param **.teachersNumber 3
param **.answerTimeDistribution "\"uniform\""
param **.minUniform 300
param **.maxUniform 900
param **.scaleLognormal 6.2854
param **.shapeLognormal 0.4724

vector 0 PipelinedExamSession examinationTime:vector ETV
attr source examFinished
vector 1 PipelinedExamSession studentID:vector ETV
attr source student
0	3190	260338.319383654765	2115.2241089847
0	3199	261261.871304316468	2225.0928430818
0	3212	262272.819947311677	2356.4157406334
0	3217	262782.179710920922	2054.299181141
0	3226	263566.550552705326	2037.5214644708
0	3235	264204.322757665091	1931.5028103534
0	3244	265175.946111744293	2215.7872629818
0	3257	266226.943987095751	2368.1924005039
0	3264	266888.600486610107	2374.2594751529
0	3273	267774.128324305661	2392.1241005883
0	3282	268571.240415517263	2344.2964284215
0	3289	268912.434007599972	1829.4835747685
0	3300	269985.945800598733	2139.7610720247
0	3307	270772.997547872387	2157.9745757394
0	3320	271495.379983820044	2189.0057190321
0	3327	271964.359800377884	1945.6234635785
0	3336	272848.903656564676	1954.8446194734
0	3343	273236.943374108546	1741.5633902885
0	3354	274088.113866839581	2010.9120617621
0	3361	274606.794072641083	1671.4397967327
0	3370	275281.57163942235	1913.7387449853
0	3381	276286.171874497109	2041.5486044716
0	3388	276790.377577487404	1737.7450203057
0	3397	277304.589214269096	1595.5099360552
0	3410	278247.560462867865	1810.2415597066
0	3415	278968.191244080687	1978.4565540031
0	3428	279713.015494728485	1966.8125159573
0	3437	280452.09772093224	2204.5372580644
0	3442	280780.75260710905	1681.9598122034
0	3451	281198.8883557264	1485.8728609979
0	3460	282262.078816071177	1809.9810951389
0	3471	282825.128229707504	2010.7064992189
0	3478	283470.084947347666	1777.0684603136
0	3487	284560.250396188373	2090.2194024995
0	3500	285437.074545538078	2283.9023566805
0	3505	285832.85478050823	1807.5080806855
0	3518	286571.920922957386	1913.0686688237
0	3523	286932.654558029051	1495.580012491
0	3534	287930.829244712393	1778.9648476057
0	3541	288289.255730481844	1717.3348075245
0	3554	289850.303445803028	2520.7028609701
0	3561	290229.070624988553	2064.0074102674
0	3568	290789.297059737173	1735.5863290373
0	3581	291785.633055120733	1935.3296093177
0	3586	292274.083577608716	1821.5756443329
0	3599	293345.64242600466	2012.7806687728
0	3608	294142.615110101205	2356.9820549805
0	3613	294673.111807554987	2127.5900388602
0	3622	295201.514695538235	1855.8722695336
0	3631	296183.248642645804	2040.6335325446
0	3642	297041.609664587332	2106.7021239549
0	3651	297496.843709796695	1757.5397661421
0	3658	298001.166247716201	1560.1380076725
0	3669	299231.522565800724	2158.2830167841
0	3676	299651.86061505231	1804.2535160668
0	3685	300252.081823954387	1791.7628795374
0	3698	301348.194203060149	2036.0869296826
0	3703	301900.545777892723	2127.4135813583
0	3712	302757.383736781805	2166.6705796961
0	3721	303683.270809287235	2335.0766062271
0	3730	304383.977502398223	2135.9177555423
0	3741	305522.602837951884	2375.6964599714
0	3752	306245.221400214389	2257.5826691464
0	3761	306719.994642818376	1892.3453534022
0	3768	307283.683633804351	1586.3921453711
0	3777	307654.704826092377	1409.483425878
0	3786	308676.582762273058	1956.5881194547
0	3793	309323.789810808405	2030.6331422646
0	3806	310545.05446194674	2590.1635260321
0	3813	311186.264924146264	2337.955932878
0	3820	311662.677283119439	1945.8319515456
0	3831	312723.706916347174	2178.6524544004
0	3840	313461.966574424906	2157.5408837758
0	3849	314407.350878929748	2468.0082579609
0	3860	315334.638957213638	2537.6589568332
0	3867	315891.448236722527	2239.9316728581
0	3874	316306.789670465542	1823.8294449169
0	3885	316788.692837907029	1454.0538806934
0	3896	317513.530866242973	1602.3960999213
0	3905	318281.961834663553	1935.0769049954
0	3912	318928.401168063311	2080.9206697159
0	3919	319382.755947578726	1869.2250813358
0	3930	320258.93689021471	1976.9750555512
0	3937	320828.458941774471	1753.0972966924
0	3946	321765.383784519537	2150.6731457077
0	3955	322126.109540462522	1704.6234474052
0	3964	323098.71841301213	1894.0511701629
0	3977	324263.045584922685	2454.0367988404
0	3982	324703.044503973826	1999.0709521808
0	3995	325558.148110751091	2121.0523626767
0	4004	326312.085604900523	2049.0400199778
0	4009	326876.244597137003	1990.6362226233
0	4018	327482.486669858946	1924.3385591079
0	4031	328559.7182421014	2247.6326372009
0	4036	328877.181201009109	1711.1214111093
0	4045	329923.377089621528	1903.9828120731
0	4058	331128.761215042351	2569.042972941
0	4067	331961.816413002117	2517.1802736819
0	4074	332636.579855298652	2359.324481478
0	4085	333311.412981245695	2182.6517662033
0	4090	333653.846946079312	1692.0305330772
0	4103	334877.867395430832	2178.4219156019
0	4108	335190.487057669117	1879.0740764234
0	4117	336017.733307415648	1828.0276891775
0	4128	336910.976343182875	2033.108947752
0	4139	337567.333112983061	1794.1491017584
0	4144	337877.280741138412	1499.6266054921
0	4157	339254.516053805156	2286.7529522628
0	4164	340112.847997248201	2545.5148842651
0	4173	340820.947574917255	2447.455404466
0	4182	341673.433277662871	2418.9172238577
0	4193	342564.013452781393	2442.9279451724
0	4200	343411.002960987418	2417.5104187801
0	4209	344196.595922391891	2379.1109911166
0	4218	345082.795254467085	2518.7818016857
0	4225	345460.80462927933	2011.1869109329
0	4236	346417.31991386044	2148.6270963214
0	4247	347099.345734762057	1933.3701399621
0	4256	347934.647011337831	2189.2463559285
0	4261	348246.905185841053	1638.5274710599
0	4270	349266.311101103231	2166.9653663412
0	4281	349952.031990978896	2017.3849796411
0	4288	350525.757379783347	1724.8160332907
0	4299	351225.483365217253	1691.4888437837
0	4310	352273.13484409827	2268.1823015213
0	4315	352575.792296882749	1875.487774238
0	4324	353243.827006174281	1748.3330029529
0	4333	353958.707467094093	1685.5726229958
0	4344	354864.137433003664	2063.0690068938
0	4351	355259.636208834156	1608.6388296448
0	4356	355602.026405464888	1290.8123054076
0	4369	356573.252798616916	1630.0108947326
0	4378	357472.24214784804	1747.0976904966
0	4387	358512.810910586298	2161.711796606
0	4400	359426.698031416194	2192.4037984572
0	4407	360118.283671746062	2226.3935050461
0	4418	360866.262356936963	2242.8176112939
0	4425	361567.431825539129	2140.7337941229
0	4436	362276.42133976336	2097.3059058655
0	4445	363143.63162177618	2277.3692648392
0	4452	363829.915889259459	2245.3656376339
0	4459	364491.926007717879	2215.5046679545
0	4468	365116.332946624639	1972.7013248485
0	4477	365716.262615332411	1702.8093128465
0	4488	366705.540087679432	1896.8492123298
0	4497	367464.074470242516	2052.4831566028
0	4506	368109.490597480939	1889.6848354954
0	4515	368849.70476855527	1864.6571687423
0	4524	369543.214248307081	1885.5064784177
0	4531	370152.715445123645	1985.7831073925
0	4542	370975.162398582356	1939.2674091272
0	4551	371766.442942433091	1969.7346505243
0	4558	372340.913341892915	2091.7349627707
0	4571	373148.271632753344	2086.6378746461
0	4578	373670.525413937898	1767.7801667713
0	4585	374038.936018478157	1590.8988222945
0	4594	375195.479646138878	2047.2080133855
0	4603	375622.33665464449	1897.7573774289
0	4616	376758.004244137587	2221.4496340603
0	4621	377241.585223423349	1949.7804521117
0	4630	378004.761764500322	2034.1758176219
0	4643	379129.703879635813	2371.6996354982
0	4652	380021.531978203016	2380.0879837945
0	4661	380760.638960637185	2438.8538366184
0	4666	381200.368133420157	2070.6642537843
0	4677	381900.730717834118	1879.1987396311
0	4688	382643.153585353899	1882.5146247167
0	4695	383493.123597605187	1950.3464207053
0	4702	383996.561384573612	2067.9901876487
0	4711	384578.066273499313	1934.9126881454
0	4720	385411.790505750138	1916.7386521585
0	4729	386081.784238480065	1850.2088529523
0	4738	386669.507569307495	1558.9213041589
0	4749	387511.995702423188	1808.414857043
0	4758	388088.76769691709	1756.6194053739
0	4765	388750.737491715733	1717.9292051587
0	4778	389735.900357225943	2065.5385001097
0	4785	390496.125519275699	2065.8256438561
0	4792	390836.905106389929	1551.216346398
0	4801	391423.12853895131	1687.2281817254
0	4810	392174.816494993898	1545.4868473113
0	4821	392987.356967479024	1875.8359112777
0	4830	393799.692560685831	1962.2999978252
0	4837	394565.392435574937	1923.9900053479
0	4846	395059.680801769752	1748.9602241199
0	4855	395663.355291914228	1708.6859963369
0	4864	396545.540534053031	1819.8140464257
0	4873	397196.158557152408	1832.9758167733
0	4882	397739.787776302579	1553.3672433347
0	4895	399132.486955029922	2271.0061966907
0	4900	399456.034173723342	1874.7472036164
0	4911	400538.56582855809	2080.0404793583
0	4918	401003.707368252831	1871.2204132229
0	4927	401901.242591114747	1927.4953125045
0	4940	403126.645211270112	2439.8502898403
0	4947	403874.118717899579	2396.2600545958
0	4956	404759.801798220757	2452.6372756809
0	4963	405269.188597658682	2142.5433863886
0	4972	406440.470549510826	2506.0493549332
0	4983	407327.110267477144	2493.8602520619
0	4992	407862.751570064607	2158.6727940012
0	5003	408657.150292117181	2101.1826643255
0	5008	408984.26706385802	1609.7076842096
0	5017	409466.97200839411	1359.8780309781
0	5028	410428.448479156974	1771.2981870398
0	5037	411143.109944136846	1790.287079243
0	5048	412006.847452651742	2308.4841641597
0	5055	412584.768036520141	2000.9017854463
0	5064	413380.834744032505	2100.0381125137
0	5073	414207.490136101875	2200.6426834501
0	5084	415193.174337130073	2353.4632528201
0	5089	415703.565537650171	2094.524500519
0	5102	416831.554060103405	2488.0137213506
0	5111	417581.109229568425	2387.9348924384
0	5118	418077.828026516396	2114.7520909086
0	5127	419238.115266803685	2406.5612067003
0	5134	420089.836876653168	2508.7276470847
0	5143	420586.501471884582	2143.6676999554
0	5154	421514.533115224946	2203.772366792
0	5161	422031.325766583938	1830.4146694019
0	5170	422678.99840245958	1733.6975251324
0	5181	423288.710432918776	1620.7333798986
0	5190	423973.562807170708	1666.3891696371
0	5197	424619.785158382763	1768.2241860777
0	5206	425216.585049033198	1907.5569639914
0	5219	425887.823566887561	1853.2491888385
0	5224	426342.277425248209	1538.1276522763
0	5237	427253.549258597229	1968.3957253117
0	5242	427642.735284380649	1754.9117174931
0	5255	428862.208982929622	2341.6362439748
0	5262	429601.283400272985	2347.7341416758
0	5273	430185.020012129133	2218.3538912795
0	5278	430502.911201771384	1640.7022188418
0	5287	431285.074521414971	1568.1824221741
0	5296	431727.612813189661	1542.5928010605
0	5305	432725.235009100323	1903.2686501741
0	5314	433826.691696094384	2325.1527640969
0	5323	434716.674528736656	2390.4235828668
0	5332	435126.654605800321	1923.159293225
0	5343	436011.153030255844	1946.7007524334
0	5350	436767.566552991082	2007.0075435564
0	5361	437577.855096012389	1931.9524167571
0	5370	438196.924132620951	2029.4713119976
0	5377	438679.597204690834	1649.3434632663
0	5388	439996.321552712504	2287.7880059648
0	5397	440708.293443080073	2253.5717911553
0	5404	441106.381222000381	1803.0568651389
0	5415	441910.348844993895	1844.7035608348
0	5426	443081.154298642685	2288.8943149243
0	5433	443838.749809702893	2421.3662508409
0	5444	444699.466657312621	2479.4663543813
0	5451	445027.207013312761	1946.0527146701
0	5460	446073.043605778401	2222.5111871492
0	5471	447158.760453667526	2459.2937963549
0	5478	447958.75592110682	2420.5932978541
0	5489	448499.089954001864	2074.8712906614
0	5494	449181.345322262531	2022.584868595
0	5505	449798.566597653588	1785.1857444271
0	5512	450297.87101866681	1798.7810646649
0	5521	451220.331699773705	1843.9993982669
0	5530	451567.023609671778	1596.199821448
0	5541	452789.580886485091	2025.3796875011
0	5552	453585.776568716428	2337.5869521406
0	5561	454451.759714121035	2449.4686665013
0	5570	455323.855219641736	2443.8759725075
0	5575	455722.701471671498	2136.9249029551
0	5586	456685.826125089115	2234.0664109681
0	5593	457016.336992476171	1692.4817728344
0	5604	457919.193552061952	1731.8401669152
0	5611	458613.791252626143	1813.4815089405
0	5622	459594.498589821196	2266.613137722
0	5631	460405.451036710329	2433.2984785549
0	5640	461054.733441257886	2192.6129884087
0	5649	461903.053236147426	2179.6951800585
0	5656	462565.317399054803	2032.2903769556
0	5665	463255.700496118553	1903.4079543315
0	5674	464062.236783932932	2005.4987027775
0	5685	464916.413183324077	1969.6011606138
0	5694	465442.251853505187	1859.3706540763
0	5701	466133.336817473211	1913.5546120349
0	5710	467015.649220626839	1988.7310913298
0	5721	467483.662042161487	1673.1813048944
0	5732	468476.506897620895	2090.3353597037
0	5739	468963.47147785131	1909.5863364637
0	5746	469733.671076595822	2039.2033669632
0	5755	470153.816193295681	1677.3092956748
0	5764	470976.942289760374	1758.1186629832
0	5773	471836.295479396397	2024.4118660223
0	5782	472616.834000079	1919.876168808
0	5795	473467.210922995621	2043.5089951381
0	5802	474249.127330491358	1984.1251570266
0	5809	474554.504246916661	1833.6377296597
0	5818	475084.189841011578	1616.978918016
0	5827	475752.202658588107	1446.3635323104
0	5836	476547.325937077443	1869.8987506796
0	5845	477193.529777554835	1717.3357080203
0	5858	478665.515314461703	2474.2831258569
0	5863	478981.943578692193	1971.0998266004
0	5876	480313.979431707452	2510.8210599516
0	5881	480654.698430234606	1989.1831157729
0	5892	481769.981626980047	2228.8932788651
0	5901	482615.86064225998	2301.8812105525
0	5908	483160.468420526052	1963.6866071261
0	5917	484142.7283004858	2211.4419223275
0	5930	484891.000150004441	2081.9120545406
0	5939	485780.137480096931	2237.7412296832
0	5946	486117.244913941289	1843.4841460548
0	5957	487161.087853414978	2270.0877034105
0	5966	487854.941735509823	2074.8042554129
0	5973	488510.6584831607	2118.5868033674
0	5982	489051.728927716653	1890.6410743017
0	5989	489605.626485636498	1750.6847501267
0	5998	490622.72162726153	2104.2659018654
0	6007	491129.271447379183	1978.5654310137
0	6016	492219.443415664177	2188.7789916247
0	6025	492795.271271746646	2029.9650123809
0	6036	493685.48934138384	2024.909878755
0	6043	494327.938050963025	2058.4232753143
0	6054	495183.882164536085	2219.9362258427
0	6065	496163.981862785335	2423.0955258943
0	6072	496881.09123101462	2319.3476059008
0	6083	497645.13526512314	2357.543657301
0	6090	498516.049728775438	2352.0678659901
0	6101	499153.05090788756	2142.7175350953
0	6110	499684.340964350891	2039.2056992278
0	6119	500320.618041884196	1793.3211395983
0	6128	501154.108649957967	2001.0577420704
0	6133	501624.600615911228	1940.2596515603
0	6146	502549.892497714651	2229.2744558305
0	6153	503041.811655834359	1887.7030058764
0	6160	503576.3938962948	1801.7852121033
0	6173	504621.68811815795	2071.7956204433
0	6182	505433.014023676556	2341.1274924874
0	6187	505873.95081552681	2010.8692039736
0	6198	506556.875758292195	1935.1876401342
0	6205	507101.156708132517	1668.142684456
0	6214	507857.751256926027	1792.4122605007
0	6225	508769.699656264898	2083.575351024
0	6232	509459.718919219491	1902.0330687985
0	6245	510436.372549133418	2093.6250412837
0	6254	511190.631004655776	2023.1670624577
0	6259	511606.95631625135	1751.8968575634
0	6270	512131.041900906755	1694.6693517733
0	6277	512721.593448054089	1530.9624433983
0	6286	513292.424467485441	1582.387349708
0	6295	514177.042734855829	1825.3419832326
0	6306	514913.90721201901	1876.8482788
0	6309	515346.3784642518	1616.3368645124
0	6322	516659.531058417677	2050.6529170554
0	6331	517561.365544935732	2060.3860243689
0	6342	518410.495791491164	2104.6605060808
0	6349	519007.650149054868	1923.5928023234
0	6358	519650.443438813133	1699.69814918
0	6367	520298.404771881222	1733.1473261118
0	6376	521150.715964660093	1829.4478019234
0	6389	522141.929074376866	2117.383420933
0	6394	522786.702871788338	2111.8106395472
0	6405	523518.213451746896	2136.0531292856
0	6412	524240.174363739833	2098.245289363
0	6421	524789.572082273706	1791.9791751076
0	6430	525855.123129487083	2108.5058812983
0	6443	526863.590595033065	2226.354942983
0	6448	527648.78756362018	2357.8409590758
0	6457	528298.613035585777	2153.2681027427
0	6468	529096.090079471515	2232.4994844385
0	6475	530110.857775155501	2394.5560976397
0	6484	530588.97053073165	1980.027510412
0	6495	531595.859840931417	2167.6921775099
0	6504	532238.191144773783	1996.3844987098
0	6511	533006.482933508279	1914.4405884203
0	6524	534112.406389229046	2242.8356260993
0	6529	534510.2929017507	1921.3869702537
0	6538	535196.221757121431	1761.8506719824
0	6551	536463.055333681451	2350.6489444524
0	6558	537218.792463652836	2326.4594903681
0	6567	538023.293658066587	2370.5109243281
0	6576	538734.71205225219	2271.6567185707
0	6583	539538.278543064417	2265.6698552426
0	6592	540395.193297509151	2244.9925480876
0	6603	540973.333776975097	1933.5185809527
0	6612	541642.065205145673	1868.599107815
0	6621	542439.483599877031	1868.3158337139
0	6628	542949.661895306827	1884.5770070795
0	6637	543971.414085198241	2303.0193117913
0	6646	544542.405947903218	2047.9456370696
0	6659	545790.209839493083	2428.4694756847
0	6666	546174.858399806591	1936.9338311255
0	6677	546889.522602176341	1860.3173500858
0	6684	547718.662493303465	1928.4526538104
0	6695	548459.402847988578	2141.8383976445
0	6702	549032.721847342374	2143.199245166
0	6711	549824.128248821992	2098.1807566714
0	6718	550240.494610788348	1781.0917627998
0	6727	550653.700798982802	1510.0246827118
0	6736	551469.989459216643	1557.0935682859
0	6745	552252.716270741123	1823.5348361079
0	6754	552939.291417365942	1868.1236535776
0	6763	553378.120406856809	1667.392117437
0	6768	554025.864829542164	1754.1851503775
0	6783	555690.238831937361	2522.7294097189
0	6792	556256.242182757753	2221.526488848
0	6803	557284.710920043338	2358.9901763946
0	6808	557679.576447699267	1904.4090433046
0	6819	558592.228421056691	2140.0352549739
0	6828	559336.15776398224	2051.4468439389
0	6839	559916.807380691219	1879.2775750626
0	6848	560603.235594369519	1832.300888747
0	6857	561119.76570789707	1720.9300708026
0	6866	561805.46820326713	1888.6608225759
0	6873	562290.322308288935	1687.0867139194
0	6880	562843.937149643946	1724.1714417469
0	6891	563813.60441772272	2008.1362144556
0	6900	564532.352708280134	1991.0168000031
0	6909	565248.354665329727	2046.183025511
0	6920	566121.613710327121	2276.2736186385
0	6925	566428.988746041479	1836.2939804792
0	6934	567363.55070499708	1877.0254667848
0	6943	567772.493375558453	1650.8796652313
0	6952	568731.63961311807	1853.7224308122
0	6965	569728.770325100097	2289.6609501913
0	6972	570252.648537280086	1951.6180397943
0	6979	570754.110673628795	1573.7244729884
0	6992	571501.329452544498	1772.5591274444
0	7001	572400.514294160577	1990.8157713711
0	7008	573038.820256898227	2161.0287727788
0	7017	573860.813080659184	2359.4836281147
0	7028	575023.813448287594	2623.299154127
0	7035	575661.722220992717	2364.9694916792
0	7042	576245.051134005237	2078.4722251352
0	7051	576619.524689158473	1595.7112408709
0	7062	577739.462929917547	1932.3985277675
0	7069	578056.219450570691	1631.2361969613
0	7078	579066.991168353755	1758.6376862135
0	7089	579977.678212663207	2190.8836615272
0	7096	580501.331422152046	1823.9043823443
0	7109	581541.746976692278	1981.0129588936
0	7118	581940.740719623912	1625.8149515837
0	7123	582522.466086549733	1540.4044736177
0	7134	583602.723107859541	2060.9761311673
0	7145	584496.230899030391	2555.4901794065
0	7152	585282.422480452854	2445.7389552612
0	7159	585696.739411773208	2046.1039284244
0	7172	586947.343536419843	2451.1126373895
0	7179	587642.102198302795	2246.1560889613
0	7188	588053.748171497186	1878.653923329
0	7195	588561.720989691143	1614.3774532713
0	7204	589768.07353310292	2043.7966542318
0	7213	590270.8913667128	1876.8791827373
0	7222	591242.00166282249	2005.667465413
0	7233	592229.815517691946	2245.6176002976
0	7244	592873.729586508175	2066.534936009
0	7253	593590.011908439969	1929.3768033385
0	7258	594035.179843520795	1640.0167409331
0	7269	594749.111001100441	1875.3814145923
0	7278	595264.86970782285	1674.8577993829
0	7289	596327.795506222223	2009.2421080917
0	7298	597209.093659557452	2450.9249748196
0	7303	597808.966986229693	2321.4587868657
0	7312	598213.786560762724	1885.9910545405
0	7325	599036.083361785908	1826.9897022285
0	7330	599339.609838556547	1281.9281883538
0	7343	600516.594172362287	2010.0780396257
0	7348	601209.427265916069	2173.3439041302
0	7359	602173.430058639546	2335.3297675028
0	7366	602933.469043811833	2416.8748714495
0	7375	603469.324728380939	2057.3134491686
0	7384	604203.605158394253	1959.3086278997
1	3190	260338.319383654765	353
1	3199	261261.871304316468	354
1	3212	262272.819947311677	355
1	3217	262782.179710920922	356
1	3226	263566.550552705326	357
1	3235	264204.322757665091	358
1	3244	265175.946111744293	359
1	3257	266226.943987095751	360
1	3264	266888.600486610107	361
1	3273	267774.128324305661	362
1	3282	268571.240415517263	363
1	3289	268912.434007599972	364
1	3300	269985.945800598733	365
1	3307	270772.997547872387	366
1	3320	271495.379983820044	367
1	3327	271964.359800377884	368
1	3336	272848.903656564676	369
1	3343	273236.943374108546	370
1	3354	274088.113866839581	371
1	3361	274606.794072641083	372
1	3370	275281.57163942235	373
1	3381	276286.171874497109	374
1	3388	276790.377577487404	375
1	3397	277304.589214269096	376
1	3410	278247.560462867865	377
1	3415	278968.191244080687	378
1	3428	279713.015494728485	379
1	3437	280452.09772093224	380
1	3442	280780.75260710905	381
1	3451	281198.8883557264	382
1	3460	282262.078816071177	383
1	3471	282825.128229707504	384
1	3478	283470.084947347666	385
1	3487	284560.250396188373	386
1	3500	285437.074545538078	387
1	3505	285832.85478050823	388
1	3518	286571.920922957386	389
1	3523	286932.654558029051	390
1	3534	287930.829244712393	391
1	3541	288289.255730481844	392
1	3554	289850.303445803028	393
1	3561	290229.070624988553	394
1	3568	290789.297059737173	395
1	3581	291785.633055120733	396
1	3586	292274.083577608716	397
1	3599	293345.64242600466	398
1	3608	294142.615110101205	399
1	3613	294673.111807554987	400
1	3622	295201.514695538235	401
1	3631	296183.248642645804	402
1	3642	297041.609664587332	403
1	3651	297496.843709796695	404
1	3658	298001.166247716201	405
1	3669	299231.522565800724	406
1	3676	299651.86061505231	407
1	3685	300252.081823954387	408
1	3698	301348.194203060149	409
1	3703	301900.545777892723	410
1	3712	302757.383736781805	411
1	3721	303683.270809287235	412
1	3730	304383.977502398223	413
1	3741	305522.602837951884	414
1	3752	306245.221400214389	415
1	3761	306719.994642818376	416
1	3768	307283.683633804351	417
1	3777	307654.704826092377	418
1	3786	308676.582762273058	419
1	3793	309323.789810808405	420
1	3806	310545.05446194674	421
1	3813	311186.264924146264	422
1	3820	311662.677283119439	423
1	3831	312723.706916347174	424
1	3840	313461.966574424906	425
1	3849	314407.350878929748	426
1	3860	315334.638957213638	427
1	3867	315891.448236722527	428
1	3874	316306.789670465542	429
1	3885	316788.692837907029	430
1	3896	317513.530866242973	431
1	3905	318281.961834663553	432
1	3912	318928.401168063311	433
1	3919	319382.755947578726	434
1	3930	320258.93689021471	435
1	3937	320828.458941774471	436
1	3946	321765.383784519537	437
1	3955	322126.109540462522	438
1	3964	323098.71841301213	439
1	3977	324263.045584922685	440
1	3982	324703.044503973826	441
1	3995	325558.148110751091	442
1	4004	326312.085604900523	443
1	4009	326876.244597137003	444
1	4018	327482.486669858946	445
1	4031	328559.7182421014	446
1	4036	328877.181201009109	447
1	4045	329923.377089621528	448
1	4058	331128.761215042351	449
1	4067	331961.816413002117	450
1	4074	332636.579855298652	451
1	4085	333311.412981245695	452
1	4090	333653.846946079312	453
1	4103	334877.867395430832	454
1	4108	335190.487057669117	455
1	4117	336017.733307415648	456
1	4128	336910.976343182875	457
1	4139	337567.333112983061	458
1	4144	337877.280741138412	459
1	4157	339254.516053805156	460
1	4164	340112.847997248201	461
1	4173	340820.947574917255	462
1	4182	341673.433277662871	463
1	4193	342564.013452781393	464
1	4200	343411.002960987418	465
1	4209	344196.595922391891	466
1	4218	345082.795254467085	467
1	4225	345460.80462927933	468
1	4236	346417.31991386044	469
1	4247	347099.345734762057	470
1	4256	347934.647011337831	471
1	4261	348246.905185841053	472
1	4270	349266.311101103231	473
1	4281	349952.031990978896	474
1	4288	350525.757379783347	475
1	4299	351225.483365217253	476
1	4310	352273.13484409827	477
1	4315	352575.792296882749	478
1	4324	353243.827006174281	479
1	4333	353958.707467094093	480
1	4344	354864.137433003664	481
1	4351	355259.636208834156	482
1	4356	355602.026405464888	483
1	4369	356573.252798616916	484
1	4378	357472.24214784804	485
1	4387	358512.810910586298	486
1	4400	359426.698031416194	487
1	4407	360118.283671746062	488
1	4418	360866.262356936963	489
1	4425	361567.431825539129	490
1	4436	362276.42133976336	491
1	4445	363143.63162177618	492
1	4452	363829.915889259459	493
1	4459	364491.926007717879	494
1	4468	365116.332946624639	495
1	4477	365716.262615332411	496
1	4488	366705.540087679432	497
1	4497	367464.074470242516	498
1	4506	368109.490597480939	499
1	4515	368849.70476855527	500
1	4524	369543.214248307081	501
1	4531	370152.715445123645	502
1	4542	370975.162398582356	503
1	4551	371766.442942433091	504
1	4558	372340.913341892915	505
1	4571	373148.271632753344	506
1	4578	373670.525413937898	507
1	4585	374038.936018478157	508
1	4594	375195.479646138878	509
1	4603	375622.33665464449	510
1	4616	376758.004244137587	511
1	4621	377241.585223423349	512
1	4630	378004.761764500322	513
1	4643	379129.703879635813	514
1	4652	380021.531978203016	515
1	4661	380760.638960637185	516
1	4666	381200.368133420157	517
1	4677	381900.730717834118	518
1	4688	382643.153585353899	519
1	4695	383493.123597605187	520
1	4702	383996.561384573612	521
1	4711	384578.066273499313	522
1	4720	385411.790505750138	523
1	4729	386081.784238480065	524
1	4738	386669.507569307495	525
1	4749	387511.995702423188	526
1	4758	388088.76769691709	527
1	4765	388750.737491715733	528
1	4778	389735.900357225943	529
1	4785	390496.125519275699	530
1	4792	390836.905106389929	531
1	4801	391423.12853895131	532
1	4810	392174.816494993898	533
1	4821	392987.356967479024	534
1	4830	393799.692560685831	535
1	4837	394565.392435574937	536
1	4846	395059.680801769752	537
1	4855	395663.355291914228	538
1	4864	396545.540534053031	539
1	4873	397196.158557152408	540
1	4882	397739.787776302579	541
1	4895	399132.486955029922	542
1	4900	399456.034173723342	543
1	4911	400538.56582855809	544
1	4918	401003.707368252831	545
1	4927	401901.242591114747	546
1	4940	403126.645211270112	547
1	4947	403874.118717899579	548
1	4956	404759.801798220757	549
1	4963	405269.188597658682	550
1	4972	406440.470549510826	551
1	4983	407327.110267477144	552
1	4992	407862.751570064607	553
1	5003	408657.150292117181	554
1	5008	408984.26706385802	555
1	5017	409466.97200839411	556
1	5028	410428.448479156974	557
1	5037	411143.109944136846	558
1	5048	412006.847452651742	559
1	5055	412584.768036520141	560
1	5064	413380.834744032505	561
1	5073	414207.490136101875	562
1	5084	415193.174337130073	563
1	5089	415703.565537650171	564
1	5102	416831.554060103405	565
1	5111	417581.109229568425	566
1	5118	418077.828026516396	567
1	5127	419238.115266803685	568
1	5134	420089.836876653168	569
1	5143	420586.501471884582	570
1	5154	421514.533115224946	571
1	5161	422031.325766583938	572
1	5170	422678.99840245958	573
1	5181	423288.710432918776	574
1	5190	423973.562807170708	575
1	5197	424619.785158382763	576
1	5206	425216.585049033198	577
1	5219	425887.823566887561	578
1	5224	426342.277425248209	579
1	5237	427253.549258597229	580
1	5242	427642.735284380649	581
1	5255	428862.208982929622	582
1	5262	429601.283400272985	583
1	5273	430185.020012129133	584
1	5278	430502.911201771384	585
1	5287	431285.074521414971	586
1	5296	431727.612813189661	587
1	5305	432725.235009100323	588
1	5314	433826.691696094384	589
1	5323	434716.674528736656	590
1	5332	435126.654605800321	591
1	5343	436011.153030255844	592
1	5350	436767.566552991082	593
1	5361	437577.855096012389	594
1	5370	438196.924132620951	595
1	5377	438679.597204690834	596
1	5388	439996.321552712504	597
1	5397	440708.293443080073	598
1	5404	441106.381222000381	599
1	5415	441910.348844993895	600
1	5426	443081.154298642685	601
1	5433	443838.749809702893	602
1	5444	444699.466657312621	603
1	5451	445027.207013312761	604
1	5460	446073.043605778401	605
1	5471	447158.760453667526	606
1	5478	447958.75592110682	607
1	5489	448499.089954001864	608
1	5494	449181.345322262531	609
1	5505	449798.566597653588	610
1	5512	450297.87101866681	611
1	5521	451220.331699773705	612
1	5530	451567.023609671778	613
1	5541	452789.580886485091	614
1	5552	453585.776568716428	615
1	5561	454451.759714121035	616
1	5570	455323.855219641736	617
1	5575	455722.701471671498	618
1	5586	456685.826125089115	619
1	5593	457016.336992476171	620
1	5604	457919.193552061952	621
1	5611	458613.791252626143	622
1	5622	459594.498589821196	623
1	5631	460405.451036710329	624
1	5640	461054.733441257886	625
1	5649	461903.053236147426	626
1	5656	462565.317399054803	627
1	5665	463255.700496118553	628
1	5674	464062.236783932932	629
1	5685	464916.413183324077	630
1	5694	465442.251853505187	631
1	5701	466133.336817473211	632
1	5710	467015.649220626839	633
1	5721	467483.662042161487	634
1	5732	468476.506897620895	635
1	5739	468963.47147785131	636
1	5746	469733.671076595822	637
1	5755	470153.816193295681	638
1	5764	470976.942289760374	639
1	5773	471836.295479396397	640
1	5782	472616.834000079	641
1	5795	473467.210922995621	642
1	5802	474249.127330491358	643
1	5809	474554.504246916661	644
1	5818	475084.189841011578	645
1	5827	475752.202658588107	646
1	5836	476547.325937077443	647
1	5845	477193.529777554835	648
1	5858	478665.515314461703	649
1	5863	478981.943578692193	650
1	5876	480313.979431707452	651
1	5881	480654.698430234606	652
1	5892	481769.981626980047	653
1	5901	482615.86064225998	654
1	5908	483160.468420526052	655
1	5917	484142.7283004858	656
1	5930	484891.000150004441	657
1	5939	485780.137480096931	658
1	5946	486117.244913941289	659
1	5957	487161.087853414978	660
1	5966	487854.941735509823	661
1	5973	488510.6584831607	662
1	5982	489051.728927716653	663
1	5989	489605.626485636498	664
1	5998	490622.72162726153	665
1	6007	491129.271447379183	666
1	6016	492219.443415664177	667
1	6025	492795.271271746646	668
1	6036	493685.48934138384	669
1	6043	494327.938050963025	670
1	6054	495183.882164536085	671
1	6065	496163.981862785335	672
1	6072	496881.09123101462	673
1	6083	497645.13526512314	674
1	6090	498516.049728775438	675
1	6101	499153.05090788756	676
1	6110	499684.340964350891	677
1	6119	500320.618041884196	678
1	6128	501154.108649957967	679
1	6133	501624.600615911228	680
1	6146	502549.892497714651	681
1	6153	503041.811655834359	682
1	6160	503576.3938962948	683
1	6173	504621.68811815795	684
1	6182	505433.014023676556	685
1	6187	505873.95081552681	686
1	6198	506556.875758292195	687
1	6205	507101.156708132517	688
1	6214	507857.751256926027	689
1	6225	508769.699656264898	690
1	6232	509459.718919219491	691
1	6245	510436.372549133418	692
1	6254	511190.631004655776	693
1	6259	511606.95631625135	694
1	6270	512131.041900906755	695
1	6277	512721.593448054089	696
1	6286	513292.424467485441	697
1	6295	514177.042734855829	698
1	6306	514913.90721201901	699
1	6309	515346.3784642518	700
1	6322	516659.531058417677	701
1	6331	517561.365544935732	702
1	6342	518410.495791491164	703
1	6349	519007.650149054868	704
1	6358	519650.443438813133	705
1	6367	520298.404771881222	706
1	6376	521150.715964660093	707
1	6389	522141.929074376866	708
1	6394	522786.702871788338	709
1	6405	523518.213451746896	710
1	6412	524240.174363739833	711
1	6421	524789.572082273706	712
1	6430	525855.123129487083	713
1	6443	526863.590595033065	714
1	6448	527648.78756362018	715
1	6457	528298.613035585777	716
1	6468	529096.090079471515	717
1	6475	530110.857775155501	718
1	6484	530588.97053073165	719
1	6495	531595.859840931417	720
1	6504	532238.191144773783	721
1	6511	533006.482933508279	722
1	6524	534112.406389229046	723
1	6529	534510.2929017507	724
1	6538	535196.221757121431	725
1	6551	536463.055333681451	726
1	6558	537218.792463652836	727
1	6567	538023.293658066587	728
1	6576	538734.71205225219	729
1	6583	539538.278543064417	730
1	6592	540395.193297509151	731
1	6603	540973.333776975097	732
1	6612	541642.065205145673	733
1	6621	542439.483599877031	734
1	6628	542949.661895306827	735
1	6637	543971.414085198241	736
1	6646	544542.405947903218	737
1	6659	545790.209839493083	738
1	6666	546174.858399806591	739
1	6677	546889.522602176341	740
1	6684	547718.662493303465	741
1	6695	548459.402847988578	742
1	6702	549032.721847342374	743
1	6711	549824.128248821992	744
1	6718	550240.494610788348	745
1	6727	550653.700798982802	746
1	6736	551469.989459216643	747
1	6745	552252.716270741123	748
1	6754	552939.291417365942	749
1	6763	553378.120406856809	750
1	6768	554025.864829542164	751
1	6783	555690.238831937361	752
1	6792	556256.242182757753	753
1	6803	557284.710920043338	754
1	6808	557679.576447699267	755
1	6819	558592.228421056691	756
1	6828	559336.15776398224	757
1	6839	559916.807380691219	758
1	6848	560603.235594369519	759
1	6857	561119.76570789707	760
1	6866	561805.46820326713	761
1	6873	562290.322308288935	762
1	6880	562843.937149643946	763
1	6891	563813.60441772272	764
1	6900	564532.352708280134	765
1	6909	565248.354665329727	766
1	6920	566121.613710327121	767
1	6925	566428.988746041479	768
1	6934	567363.55070499708	769
1	6943	567772.493375558453	770
1	6952	568731.63961311807	771
1	6965	569728.770325100097	772
1	6972	570252.648537280086	773
1	6979	570754.110673628795	774
1	6992	571501.329452544498	775
1	7001	572400.514294160577	776
1	7008	573038.820256898227	777
1	7017	573860.813080659184	778
1	7028	575023.813448287594	779
1	7035	575661.722220992717	780
1	7042	576245.051134005237	781
1	7051	576619.524689158473	782
1	7062	577739.462929917547	783
1	7069	578056.219450570691	784
1	7078	579066.991168353755	785
1	7089	579977.678212663207	786
1	7096	580501.331422152046	787
1	7109	581541.746976692278	788
1	7118	581940.740719623912	789
1	7123	582522.466086549733	790
1	7134	583602.723107859541	791
1	7145	584496.230899030391	792
1	7152	585282.422480452854	793
1	7159	585696.739411773208	794
1	7172	586947.343536419843	795
1	7179	587642.102198302795	796
1	7188	588053.748171497186	797
1	7195	588561.720989691143	798
1	7204	589768.07353310292	799
1	7213	590270.8913667128	800
1	7222	591242.00166282249	801
1	7233	592229.815517691946	802
1	7244	592873.729586508175	803
1	7253	593590.011908439969	804
1	7258	594035.179843520795	805
1	7269	594749.111001100441	806
1	7278	595264.86970782285	807
1	7289	596327.795506222223	808
1	7298	597209.093659557452	809
1	7303	597808.966986229693	810
1	7312	598213.786560762724	811
1	7325	599036.083361785908	812
1	7330	599339.609838556547	813
1	7343	600516.594172362287	814
1	7348	601209.427265916069	815
1	7359	602173.430058639546	816
1	7366	602933.469043811833	817
1	7375	603469.324728380939	818
1	7384	604203.605158394253	819

