version 2
run Pipelined_3Teachers-64-20190105-10:57:32-21408
attr configname Pipelined_3Teachers
attr datetime 20190105-10:57:32
attr experiment Pipelined_3Teachers
attr inifile ../simulations/omnetpp.ini
attr iterationvars "$0=\"uniform\""
attr iterationvarsf uniform-
attr measurement "$0=\"uniform\""
attr network PipelinedExamSession
attr processid 21408
attr repetition 64
attr replication #64
attr resultdir results
attr runnumber 64
attr seedset 64
param **.teachersNumber 3
param **.answerTimeDistribution "\"uniform\""
param **.minUniform 300
param **.maxUniform 900
param **.scaleLognormal 6.2854
param **.shapeLognormal 0.4724

vector 0 PipelinedExamSession examinationTime:vector ETV
attr source examFinished
vector 1 PipelinedExamSession studentID:vector ETV
attr source student
0	3194	260363.194893160863	2490.5605419539
0	3201	261200.993377435981	2506.2555535231
0	3212	262096.110345236986	2590.9814760089
0	3217	262514.196294453024	2151.0014012922
0	3230	263183.988145273207	1968.5363566037
0	3235	263497.881610784708	1401.7712655477
0	3244	263987.501316424487	1369.6290273685
0	3257	265011.720178881688	1827.7320336085
0	3262	265347.076346492423	1749.4507330935
0	3273	266107.39770135845	1728.6063509993
0	3284	266971.504395408583	1959.7842165269
0	3289	267405.695717269582	1881.1812614556
0	3300	268318.555809650598	2167.7981979679
0	3307	268987.492100056289	2015.9877046477
0	3318	269749.176371516687	2024.3528146762
0	3325	270171.229237737162	1720.910061663
0	3330	270588.840712001575	1544.4892355707
0	3345	271802.891832450433	1986.0947511625
0	3352	272307.251714542536	1669.7628797963
0	3363	273346.19915736842	2160.8282386791
0	3370	273936.125256121187	2020.3797344584
0	3379	274791.649026889381	1990.5319362413
0	3388	275376.467926148353	1816.5711515117
0	3397	276379.283566866097	1997.7385033853
0	3408	277730.024147266549	2461.7654284928
0	3417	278619.4457930513	2461.8613047525
0	3428	279426.942998031181	2440.6454973388
0	3433	279749.256511917365	1883.3683758974
0	3444	280994.967174623188	2309.5473008696
0	3453	281780.949549470124	2354.0065514389
0	3460	282550.305697275353	2311.3124785479
0	3471	283208.089413307635	2082.3236206546
0	3480	283947.870148904649	2068.3848235756
0	3489	284622.249791957465	1927.3938604631
0	3498	285204.480913281468	1746.5988683514
0	3505	285615.468606585664	1630.887615541
0	3514	286689.951885491638	1993.8653144985
0	3523	287250.348562141908	1671.8715534545
0	3532	287853.981977468385	1624.0757706575
0	3541	288566.485970607056	1546.2492466439
0	3550	289172.877909522532	1792.5400695764
0	3561	290604.844140121742	2512.1690369211
0	3568	291019.466689601569	2102.2397057153
0	3581	292064.113288885011	2304.9708499108
0	3586	292387.616313993959	1755.9424141422
0	3599	293283.377487352146	2089.1820251942
0	3606	293720.182287460221	1656.0689985752
0	3613	294327.793617825983	1875.3492817283
0	3626	295415.12651578526	2131.7490284331
0	3631	295948.918770393385	1862.4107987154
0	3640	296295.318550709663	1529.2855566368
0	3649	297240.43273036371	1825.3062145784
0	3662	298544.773490633844	2504.2728370987
0	3671	299376.915461104392	2439.6369146649
0	3678	299844.775179075106	2118.6473003123
0	3687	300605.635963892593	2060.8624732587
0	3694	301044.9712048285	1668.0557437241
0	3703	302057.34577383849	2061.623871373
0	3708	302443.911386327847	1577.9066399205
0	3721	303205.773113993956	1588.4980968665
0	3730	304000.597232300817	1546.7014645692
0	3739	304930.260102823405	2029.7952750698
0	3752	305884.995660139276	2273.5905133188
0	3759	306767.449124297155	2315.0592670776
0	3766	307151.194068929209	1983.9007508475
0	3775	307793.466980801924	1908.4713206626
0	3784	308425.283894548222	1640.626683645
0	3793	309550.273015257	1909.0900990181
0	3804	310307.45269646871	1907.0656069089
0	3811	310696.144402166857	1652.5339842774
0	3824	311902.996129961714	2093.4270347469
0	3829	312388.797528203606	1836.6244224831
0	3838	313319.018742861256	2151.0372092016
0	3847	313725.911361258507	1822.9152312968
0	3852	314222.793327597931	1500.7819761056
0	3867	315595.658808527545	2095.7290927414
0	3876	316336.860131425814	2029.3288799934
0	3887	317107.714609243007	2114.330539573
0	3896	317807.243616040827	2112.8284106031
0	3903	318416.553390584917	1957.9845948145
0	3910	319040.803201217235	1933.0885919742
0	3923	320100.579588487775	2293.3359724469
0	3930	320931.15370636809	2411.6602046415
0	3939	321799.986072443457	2565.6156215351
0	3950	322571.399327041612	2470.8197385538
0	3957	323110.76399087909	2129.1892372537
0	3964	323467.71802310835	1634.3948299997
0	3975	324448.840413847969	1877.4410868064
0	3982	324827.396405953945	1527.9430564027
0	3993	325841.759557183863	1895.8783201408
0	4000	326352.423606673287	1880.4012462962
0	4011	327495.634444104539	2143.908424722
0	4022	328063.947279704767	2068.9068682026
0	4031	328737.152393069151	2051.5575908124
0	4036	329064.854524238068	1557.8133735806
0	4049	329998.061060998621	1934.1137812939
0	4058	330722.477722400832	1985.3253293317
0	4063	331058.461172226849	1820.6685292069
0	4076	332108.00154693428	2109.9404859357
0	4085	332890.324930613894	2167.8472082131
0	4090	333330.493921274353	1986.3484071102
0	4099	333870.826074248214	1762.8245273139
0	4108	334832.300258986686	1941.9753283728
0	4119	335736.25043886717	2051.5032482799
0	4126	336366.167982341755	1801.2225663755
0	4135	337092.876603361253	1774.011909496
0	4144	337710.314029455218	1544.8032039218
0	4155	338933.283963426981	2130.3282625973
0	4162	339637.615911103819	2197.5117358379
0	4171	340144.440564047578	1901.0458835866
0	4180	341168.510024249587	2035.0811161101
0	4193	342360.026012593913	2437.4665474053
0	4202	343185.730292508411	2400.4523035604
0	4209	343680.459215585175	2093.8484008424
0	4218	344308.02185777578	1947.9958451819
0	4227	345064.245567144858	1878.5152746364
0	4234	345605.921747814896	1730.1812055521
0	4243	346518.868071399662	1961.8190728594
0	4252	347301.708585117045	1941.5991540067
0	4261	347817.268200684372	1614.7079885937
0	4270	349026.577591616694	2090.3659061529
0	4283	349885.10131677616	2081.6445783712
0	4292	350750.910992408205	2087.0632971637
0	4297	351182.94704309668	1898.7093062606
0	4306	351828.686006460372	1943.5846896842
0	4319	352921.378035703709	2170.4670432955
0	4324	353534.690385684406	1954.1081417352
0	4333	354042.422747472336	1850.6084723398
0	4344	355051.496130880004	2130.1180951763
0	4351	355757.590201729944	2098.7690188922
0	4360	356102.123068319669	1668.7356712762
0	4369	356924.413886619767	1724.9867899809
0	4380	357860.336683318055	2060.0025988184
0	4387	358260.366544174067	1659.5138181467
0	4400	359648.464028025081	2238.1437211297
0	4409	360328.044614614954	2393.593657203
0	4414	360831.641037203407	2040.9560394008
0	4425	361779.325272096356	2130.8612440713
0	4434	362565.098523488303	2237.0539088733
0	4443	363303.239156166127	2158.5076766554
0	4450	363773.760280804744	1921.2394488975
0	4459	364497.833947604557	1765.8126535825
0	4468	365077.095736283845	1714.0226321295
0	4477	366066.113574709779	1862.9971371498
0	4488	367030.181070696599	2045.1408279128
0	4499	367726.267868047616	2129.1935905349
0	4508	368402.854328742287	2067.729903711
0	4513	368952.789933839849	1900.9547478519
0	4524	369762.248581834174	2035.9807137866
0	4533	370476.433990057594	2073.5796613153
0	4544	371224.177031870968	1987.2477632482
0	4553	371879.255109373517	1949.6546145994
0	4562	372747.667952952943	2148.6921309493
0	4567	373228.995622415132	2004.8185905442
0	4580	374196.417047828473	2317.161938455
0	4587	374786.812872067131	2039.1449191142
0	4594	375141.437799437009	1842.868463695
0	4605	376077.819837117605	1881.4027892891
0	4616	376757.457706471943	1950.0268806238
0	4623	377460.742984106802	1803.5768084228
0	4630	377960.344387125261	1629.0059509221
0	4643	378796.765295416154	2039.3075889442
0	4650	379356.984524661712	1823.4309431165
0	4657	379725.231670355461	1527.9985156842
0	4666	380685.522369062565	1888.7570736464
0	4675	381371.925291186235	1752.6081415359
0	4686	382446.491655707396	2154.408113379
0	4693	382915.713399834968	1794.1910787486
0	4702	383787.625406216867	1873.6998626031
0	4711	384767.548864055462	2075.1078137197
0	4720	385290.242484770752	1748.9667350426
0	4729	386144.191466504745	1726.581129944
0	4738	387042.089723981954	1952.9666420538
0	4747	387810.181457782201	1823.949871771
0	4758	388468.464874802196	1739.2016555183
0	4769	389253.091818653086	1799.9800348654
0	4776	390115.488868206778	2106.4622443635
0	4783	390573.992626369038	2038.8111809269
0	4792	391369.505381025413	2116.4135623723
0	4805	392687.795063853303	2568.274197774
0	4814	393384.891457529778	2392.8358570207
0	4819	393753.769922023679	1956.9085677154
0	4828	394585.216928366611	1897.4218645133
0	4837	395416.534348251337	2031.6428907216
0	4846	396345.870665693695	2096.7865198385
0	4855	397147.872958425472	2182.0892812684
0	4864	397740.915750246534	1940.2852145489
0	4873	398447.977961087638	1805.0519167911
0	4882	399166.258584475185	1813.4336472955
0	4893	400011.729277018497	1793.9874422271
0	4900	400339.319722820113	1526.7365429085
0	4911	401649.441122403408	2265.8419473097
0	4922	402389.857138646807	2200.7135052234
0	4927	402909.26038697366	2035.4496512096
0	4936	403491.057645203586	1718.3620115742
0	4945	404302.15489268307	1912.2977540363
0	4950	404734.202890656928	1523.5919998493
0	4965	406107.232326082925	2054.9371303059
0	4976	406889.161470439325	2133.9915743563
0	4983	407570.356753561686	2060.0223284215
0	4994	408593.202331289689	2436.7409029976
0	5003	409449.831863539333	2560.6703931
0	5008	409928.342138975898	2181.56064176
0	5019	410826.354418834711	2233.152087545
0	5028	411706.794245867098	2256.9623823278
0	5035	412020.779011119196	1682.9697484151
0	5046	413384.142341371665	2258.4023403469
0	5057	414214.75954754282	2263.3775283583
0	5062	414642.716630967373	1799.138748832
0	5075	415259.406332345719	1711.020609783
0	5082	415665.351983718614	1450.5924361758
0	5089	416365.372040122787	1469.3929653615
0	5098	417341.594893718178	2082.1885613725
0	5109	418477.687506331171	2454.1352754459
0	5116	419259.434714214916	2443.4868520126
0	5125	419813.651497475843	2168.4488729574
0	5134	420244.366464531089	1749.682864733
0	5147	421350.58263335381	2011.8894511834
0	5152	421683.08797669601	1587.7060997766
0	5163	422479.794139042537	1780.7782530785
0	5174	423533.26611975212	2182.6834863983
0	5183	424199.734574742656	2272.7592728566
0	5188	424843.926641671028	2023.4362239484
0	5197	425578.420798340853	2045.1546785887
0	5206	426442.263116268482	2242.5285415258
0	5219	427260.046036820899	2358.8148884475
0	5226	427952.837431803386	2165.6696448103
0	5233	428652.397551946382	2091.7042868212
0	5242	429256.452356698032	1996.4063198771
0	5255	430209.360464522656	2082.6854215935
0	5262	430912.496373150539	2084.8758494016
0	5269	431480.611971952063	1942.4776482862
0	5278	432339.319503866177	2129.9590393435
0	5289	433452.305721491616	2449.1662837565
0	5300	434266.647810023319	2380.4790948518
0	5305	434910.470459796529	2128.3314221073
0	5316	435729.520666692447	2088.8704276644
0	5323	436234.269441990223	1967.6216319669
0	5334	437133.127283630933	2003.0302200001
0	5343	437774.211065238382	1935.5774022639
0	5354	438627.417726209428	1953.59572093
0	5359	438992.484769737389	1779.2922714259
0	5368	439760.397866880563	1687.6366454177
0	5377	440539.110965654295	1911.6932394449
0	5386	441263.936719251837	1840.0150550064
0	5391	441648.208187520544	1395.9899526089
0	5404	442663.023069407831	1725.1413866412
0	5417	443749.22333364379	2083.7672071997
0	5426	444255.730259651359	1849.0618038923
0	5435	445147.684185393195	2200.8201801684
0	5444	445944.030110584612	2194.8067769408
0	5453	446615.425672894384	2359.695413243
0	5462	447271.673975000198	2123.989789607
0	5469	447862.172019062604	1918.141908478
0	5476	448415.592358913313	1800.1666860189
0	5487	449656.804797425907	2385.1308224257
0	5496	450267.361203907099	2160.1911384612
0	5505	450920.398415112908	1927.1235123742
0	5512	451309.405974950681	1439.8903132416
0	5521	452188.00336048011	1650.6728254259
0	5530	452688.941404921974	1521.419030847
0	5539	453662.97603235584	1850.4881301429
0	5548	455032.222923869308	2409.500617208
0	5557	455645.852910680737	2164.3429060467
0	5566	456714.371652714949	2429.7287010122
0	5577	457628.979843109887	2448.2686326373
0	5588	458417.359009897377	2411.9957308285
0	5597	459240.822496963706	2349.9081008602
0	5602	459773.505337256979	2041.5052007418
0	5613	460429.124598065433	2011.7655881681
0	5624	461321.301481034649	2080.4789840709
0	5629	461655.914496677039	1577.9809366912
0	5642	462689.617484528614	2064.7583588026
0	5649	463164.168525533793	1842.8670444991
0	5656	463755.969483498527	1771.0286049172
0	5669	464666.026725852905	1976.4092413243
0	5676	465449.773861281617	2278.9170169272
0	5685	466136.625838698863	2234.511822788
0	5694	466632.807416841432	1966.7806909885
0	5705	467715.541113540573	2209.3775467481
0	5714	468555.211547669066	2389.7658145521
0	5721	469309.923556214241	2364.9249794427
0	5730	469879.662667075215	2164.1215535346
0	5737	470720.931555144532	2165.7200074755
0	5750	471814.960287977054	2382.3735706508
0	5755	472365.486946469217	2185.5535486713
0	5764	472747.528040176301	1830.666385917
0	5775	474068.370405770882	2253.4101177938
0	5782	474650.47175008808	2160.4236739688
0	5791	475134.632568899586	1774.2695940658
0	5800	476092.608731053813	1842.7465251647
0	5811	476988.787540700331	2000.8701321669
0	5820	477745.735309179917	1983.7870011572
0	5827	478050.273903971583	1621.4298927225
0	5838	479369.005024200349	2044.1664883867
0	5845	479727.97389859338	1961.9564672001
0	5854	480596.776787331373	1935.1516729686
0	5867	481751.217737747402	2199.2833188269
0	5872	482061.711956374393	1891.9211823028
0	5885	483318.085417198063	2326.8479590304
0	5892	483843.477188888983	2092.2594511416
0	5901	484465.558434231253	2004.760783352
0	5910	485068.762410013052	1750.676992815
0	5919	485828.891167463782	1971.357395919
0	5928	486629.325954616117	2058.092391165
0	5935	487230.6125809439	2083.8351981249
0	5946	487996.458737505648	2162.3248580843
0	5953	488507.863035472158	1845.3541425057
0	5966	489318.828750774312	1911.3555201329
0	5973	489874.102115677717	1687.4781789724
0	5980	490611.068238643977	1977.9553272296
0	5989	491448.575589805889	2129.7468390316
0	6002	492459.394987346653	2255.3327989765
0	6009	493257.618786860306	2176.4962158166
0	6016	493625.832231296275	1931.6782272421
0	6029	494556.420409306933	2097.0254219603
0	6038	495030.857661785607	1769.8973518331
0	6043	495453.845862625216	1660.2157571353
0	6052	496058.414639392917	1501.994230086
0	6057	496468.453388242101	1437.5957264565
0	6070	497695.881352387419	1897.0845800824
0	6081	498675.519891874915	1989.008753188
0	6092	499565.416758041879	2112.0326647069
0	6097	499935.811860580047	1713.6822673492
0	6110	500813.669263897514	2058.6845829617
0	6117	501681.046423874846	2115.629665833
0	6124	502018.050117977014	1727.2189058829
0	6135	502813.698269147477	2000.02900525
0	6144	503629.691925365529	1928.4641191363
0	6151	504250.907732360116	1825.5023845006
0	6162	505310.499571077577	2343.7612684909
0	6171	506165.589819056965	2319.5518640801
0	6178	506707.312247576244	1981.2927437481
0	6191	507629.421661002612	2068.5154889245
0	6198	508274.443354457667	1895.9215408657
0	6207	509056.808113027414	2173.9953228738
0	6218	509902.645925944721	2273.2242649421
0	6223	510551.053922390615	2116.4957331028
0	6236	511629.460734268701	2505.945226131
0	6243	512344.249752536467	2441.6038265917
0	6254	513225.043956795758	2432.5001039542
0	6263	513951.426908746412	2321.9661744777
0	6270	514687.288496643355	2186.9065077044
0	6277	514995.289817685312	1770.2458608896
0	6286	515890.996919944933	1939.5700111985
0	6295	516813.287247531167	2049.3507436942
0	6308	517568.626609398102	2223.7012466881
0	6317	518383.240428194454	2156.5629573539
0	6324	519254.806123953363	2128.8089607842
0	6331	519661.251702904752	2092.6250935067
0	6344	520811.689887475273	2428.4494592808
0	6353	521617.611455870843	2357.1925920434
0	6362	522468.649011198482	2352.3912431672
0	6369	523124.959708470902	2313.2698209956
0	6378	523737.503843754581	2119.8923878837
0	6385	524340.852664690516	1872.203653492
0	6398	525071.558612957647	1842.8854054771
0	6405	525477.538357442295	1520.8945757244
0	6416	526341.195505717819	1961.2475909293
0	6421	526822.765019768899	1751.2064068113
0	6434	527893.886678572794	2410.1908123121
0	6441	528403.753455402379	2062.5579496846
0	6450	529067.284339573285	2027.0849616732
0	6457	529775.884802453271	1881.9981238805
0	6468	530538.810293516195	2035.5597785208
0	6479	531409.943794598854	2195.4183069058
0	6484	531819.059484964288	1863.6309395079
0	6497	532808.260782016492	2116.6264835279
0	6502	533326.815550960651	1916.8717563618
0	6515	534381.915276171691	2280.2536007948
0	6524	535050.537841999955	2242.2770599835
0	6531	535625.13275658717	2030.9095809236
0	6538	536276.104533439554	1894.1892572679
0	6547	536822.978507308342	1772.4406653084
0	6558	537837.865839991771	1887.7343903761
0	6569	538662.122981669434	2185.4104152415
0	6574	539205.294714309328	2080.0551830325
0	6583	540018.801958719321	2105.326876184
0	6592	540509.490657225304	1847.3676755559
0	6601	541523.166349344009	2078.1516986433
0	6610	542483.426019502857	2223.4822988044
0	6619	542864.560243673675	1753.3460511826
0	6630	543947.318546986261	1950.2633390017
0	6641	544703.988758800605	1899.692775635
0	6646	545091.000420413965	1629.7430120409
0	6655	546040.942043205777	1878.4097097348
0	6664	546810.698119550998	2106.7093607504
0	6673	547698.762952303568	2126.1119384319
0	6678	548135.919327987412	1703.2110165339
0	6693	549453.863987373242	2125.0114648137
0	6702	550119.617901602814	1911.9540398475
0	6709	550500.122530013377	1469.9309804477
0	6718	551307.124360604266	1676.3030296192
0	6727	552033.668346097747	1872.971298499
0	6736	552739.350912021528	1850.7570100017
0	6745	553450.284744892323	1663.048294466
0	6756	554594.028111035058	1972.4758073688
0	6765	555156.795763084718	1736.0053592362
0	6774	555889.927927125299	1987.7750521526
0	6781	556248.489446193034	1528.5891892388
0	6792	557063.00856303429	1777.0575132687
0	6799	557648.175374139154	1594.1366148647
0	6810	558664.2629822251	2227.081404347
0	6817	559145.104637369568	1851.4816735871
0	6830	559958.851089142317	1908.4243787918
0	6839	560578.86938801972	1790.2788873296
0	6846	561328.84483225649	2038.3334811777
0	6855	562158.856572909334	2200.005483767
0	6862	562617.317364178651	2038.4479761589
0	6871	563450.628730002844	1983.8048920501
0	6882	564672.853345563688	2388.9142907225
0	6891	565637.927874969372	2505.9563315939
0	6902	566529.793483112061	2614.034792874
0	6907	567135.332084773162	2361.6143274587
0	6920	568026.5931397677	2383.5813857149
0	6925	568409.116770280578	1879.3232871685
0	6936	569120.627193292656	1784.5494561363
0	6943	570040.319555997902	2013.7264162302
0	6954	570555.962461279759	1860.0773295388
0	6961	571176.481001358533	1591.2806424312
0	6970	571840.502594551125	1725.9419846814
0	6983	573097.135471226701	2213.4731269442
0	6988	573444.333270471597	1833.8658505585
0	6997	574154.960885876843	1918.4943932109
0	7006	574721.531259315143	1624.3957880884
0	7017	575893.145539239103	2137.6260105986
0	7024	576288.644459657425	1948.3317999635
0	7037	577481.754213944132	2258.6174213793
0	7046	578333.718135254512	2279.8381892033
0	7051	579095.315711153726	2201.3671335764
0	7060	579510.571926506291	2028.8177125622
0	7069	580360.479153972173	2026.7610187177
0	7078	580934.510228550116	1709.5947877038
0	7087	581498.529855720753	1678.4604159649
0	7096	582300.279437005575	1766.4782652631
0	7105	582978.610652033294	1698.1341225095
0	7118	584173.899934720303	2189.6962068044
0	7123	584661.541140591781	1996.7304721009
0	7134	585491.791354073267	2067.4614826217
0	7143	586444.756846921574	2270.8569122013
0	7150	586926.333491457682	1922.7826670744
0	7163	588132.042224379312	2263.2653242908
0	7170	588789.853867655676	2134.5543470699
0	7177	589278.558202413898	1939.6476710681
0	7190	590376.749958889615	2244.7077345103
0	7197	591122.920683911126	2203.7742045242
0	7204	591569.010380096789	1974.7387305368
0	7213	592497.250773338656	2120.500814449
0	7222	592959.348111134078	1709.1894858051
0	7231	593898.774188943263	1839.1807140782
0	7244	595018.910515029039	2194.7320248932
0	7253	595866.03307574993	2169.0312484279
0	7258	596179.187895683628	1696.9953155145
0	7269	597440.256469789949	2421.3459547609
0	7278	597978.408836480287	2112.3757607304
0	7285	598470.81119357614	1728.8981250487
0	7296	599536.200169008282	1965.804219665
0	7303	600324.233510484976	1911.5713185165
0	7312	601019.308326859084	1910.8332271222
0	7321	601764.550203178134	1804.6785954852
0	7330	602163.676123693643	1454.2076658458
0	7339	602966.007550433335	1769.3570948672
0	7350	603594.415977364463	1698.6121192574
0	7361	604757.21456268808	2451.3209132943
1	3194	260363.194893160863	353
1	3201	261200.993377435981	354
1	3212	262096.110345236986	355
1	3217	262514.196294453024	356
1	3230	263183.988145273207	357
1	3235	263497.881610784708	358
1	3244	263987.501316424487	359
1	3257	265011.720178881688	360
1	3262	265347.076346492423	361
1	3273	266107.39770135845	362
1	3284	266971.504395408583	363
1	3289	267405.695717269582	364
1	3300	268318.555809650598	365
1	3307	268987.492100056289	366
1	3318	269749.176371516687	367
1	3325	270171.229237737162	368
1	3330	270588.840712001575	369
1	3345	271802.891832450433	370
1	3352	272307.251714542536	371
1	3363	273346.19915736842	372
1	3370	273936.125256121187	373
1	3379	274791.649026889381	374
1	3388	275376.467926148353	375
1	3397	276379.283566866097	376
1	3408	277730.024147266549	377
1	3417	278619.4457930513	378
1	3428	279426.942998031181	379
1	3433	279749.256511917365	380
1	3444	280994.967174623188	381
1	3453	281780.949549470124	382
1	3460	282550.305697275353	383
1	3471	283208.089413307635	384
1	3480	283947.870148904649	385
1	3489	284622.249791957465	386
1	3498	285204.480913281468	387
1	3505	285615.468606585664	388
1	3514	286689.951885491638	389
1	3523	287250.348562141908	390
1	3532	287853.981977468385	391
1	3541	288566.485970607056	392
1	3550	289172.877909522532	393
1	3561	290604.844140121742	394
1	3568	291019.466689601569	395
1	3581	292064.113288885011	396
1	3586	292387.616313993959	397
1	3599	293283.377487352146	398
1	3606	293720.182287460221	399
1	3613	294327.793617825983	400
1	3626	295415.12651578526	401
1	3631	295948.918770393385	402
1	3640	296295.318550709663	403
1	3649	297240.43273036371	404
1	3662	298544.773490633844	405
1	3671	299376.915461104392	406
1	3678	299844.775179075106	407
1	3687	300605.635963892593	408
1	3694	301044.9712048285	409
1	3703	302057.34577383849	410
1	3708	302443.911386327847	411
1	3721	303205.773113993956	412
1	3730	304000.597232300817	413
1	3739	304930.260102823405	414
1	3752	305884.995660139276	415
1	3759	306767.449124297155	416
1	3766	307151.194068929209	417
1	3775	307793.466980801924	418
1	3784	308425.283894548222	419
1	3793	309550.273015257	420
1	3804	310307.45269646871	421
1	3811	310696.144402166857	422
1	3824	311902.996129961714	423
1	3829	312388.797528203606	424
1	3838	313319.018742861256	425
1	3847	313725.911361258507	426
1	3852	314222.793327597931	427
1	3867	315595.658808527545	428
1	3876	316336.860131425814	429
1	3887	317107.714609243007	430
1	3896	317807.243616040827	431
1	3903	318416.553390584917	432
1	3910	319040.803201217235	433
1	3923	320100.579588487775	434
1	3930	320931.15370636809	435
1	3939	321799.986072443457	436
1	3950	322571.399327041612	437
1	3957	323110.76399087909	438
1	3964	323467.71802310835	439
1	3975	324448.840413847969	440
1	3982	324827.396405953945	441
1	3993	325841.759557183863	442
1	4000	326352.423606673287	443
1	4011	327495.634444104539	444
1	4022	328063.947279704767	445
1	4031	328737.152393069151	446
1	4036	329064.854524238068	447
1	4049	329998.061060998621	448
1	4058	330722.477722400832	449
1	4063	331058.461172226849	450
1	4076	332108.00154693428	451
1	4085	332890.324930613894	452
1	4090	333330.493921274353	453
1	4099	333870.826074248214	454
1	4108	334832.300258986686	455
1	4119	335736.25043886717	456
1	4126	336366.167982341755	457
1	4135	337092.876603361253	458
1	4144	337710.314029455218	459
1	4155	338933.283963426981	460
1	4162	339637.615911103819	461
1	4171	340144.440564047578	462
1	4180	341168.510024249587	463
1	4193	342360.026012593913	464
1	4202	343185.730292508411	465
1	4209	343680.459215585175	466
1	4218	344308.02185777578	467
1	4227	345064.245567144858	468
1	4234	345605.921747814896	469
1	4243	346518.868071399662	470
1	4252	347301.708585117045	471
1	4261	347817.268200684372	472
1	4270	349026.577591616694	473
1	4283	349885.10131677616	474
1	4292	350750.910992408205	475
1	4297	351182.94704309668	476
1	4306	351828.686006460372	477
1	4319	352921.378035703709	478
1	4324	353534.690385684406	479
1	4333	354042.422747472336	480
1	4344	355051.496130880004	481
1	4351	355757.590201729944	482
1	4360	356102.123068319669	483
1	4369	356924.413886619767	484
1	4380	357860.336683318055	485
1	4387	358260.366544174067	486
1	4400	359648.464028025081	487
1	4409	360328.044614614954	488
1	4414	360831.641037203407	489
1	4425	361779.325272096356	490
1	4434	362565.098523488303	491
1	4443	363303.239156166127	492
1	4450	363773.760280804744	493
1	4459	364497.833947604557	494
1	4468	365077.095736283845	495
1	4477	366066.113574709779	496
1	4488	367030.181070696599	497
1	4499	367726.267868047616	498
1	4508	368402.854328742287	499
1	4513	368952.789933839849	500
1	4524	369762.248581834174	501
1	4533	370476.433990057594	502
1	4544	371224.177031870968	503
1	4553	371879.255109373517	504
1	4562	372747.667952952943	505
1	4567	373228.995622415132	506
1	4580	374196.417047828473	507
1	4587	374786.812872067131	508
1	4594	375141.437799437009	509
1	4605	376077.819837117605	510
1	4616	376757.457706471943	511
1	4623	377460.742984106802	512
1	4630	377960.344387125261	513
1	4643	378796.765295416154	514
1	4650	379356.984524661712	515
1	4657	379725.231670355461	516
1	4666	380685.522369062565	517
1	4675	381371.925291186235	518
1	4686	382446.491655707396	519
1	4693	382915.713399834968	520
1	4702	383787.625406216867	521
1	4711	384767.548864055462	522
1	4720	385290.242484770752	523
1	4729	386144.191466504745	524
1	4738	387042.089723981954	525
1	4747	387810.181457782201	526
1	4758	388468.464874802196	527
1	4769	389253.091818653086	528
1	4776	390115.488868206778	529
1	4783	390573.992626369038	530
1	4792	391369.505381025413	531
1	4805	392687.795063853303	532
1	4814	393384.891457529778	533
1	4819	393753.769922023679	534
1	4828	394585.216928366611	535
1	4837	395416.534348251337	536
1	4846	396345.870665693695	537
1	4855	397147.872958425472	538
1	4864	397740.915750246534	539
1	4873	398447.977961087638	540
1	4882	399166.258584475185	541
1	4893	400011.729277018497	542
1	4900	400339.319722820113	543
1	4911	401649.441122403408	544
1	4922	402389.857138646807	545
1	4927	402909.26038697366	546
1	4936	403491.057645203586	547
1	4945	404302.15489268307	548
1	4950	404734.202890656928	549
1	4965	406107.232326082925	550
1	4976	406889.161470439325	551
1	4983	407570.356753561686	552
1	4994	408593.202331289689	553
1	5003	409449.831863539333	554
1	5008	409928.342138975898	555
1	5019	410826.354418834711	556
1	5028	411706.794245867098	557
1	5035	412020.779011119196	558
1	5046	413384.142341371665	559
1	5057	414214.75954754282	560
1	5062	414642.716630967373	561
1	5075	415259.406332345719	562
1	5082	415665.351983718614	563
1	5089	416365.372040122787	564
1	5098	417341.594893718178	565
1	5109	418477.687506331171	566
1	5116	419259.434714214916	567
1	5125	419813.651497475843	568
1	5134	420244.366464531089	569
1	5147	421350.58263335381	570
1	5152	421683.08797669601	571
1	5163	422479.794139042537	572
1	5174	423533.26611975212	573
1	5183	424199.734574742656	574
1	5188	424843.926641671028	575
1	5197	425578.420798340853	576
1	5206	426442.263116268482	577
1	5219	427260.046036820899	578
1	5226	427952.837431803386	579
1	5233	428652.397551946382	580
1	5242	429256.452356698032	581
1	5255	430209.360464522656	582
1	5262	430912.496373150539	583
1	5269	431480.611971952063	584
1	5278	432339.319503866177	585
1	5289	433452.305721491616	586
1	5300	434266.647810023319	587
1	5305	434910.470459796529	588
1	5316	435729.520666692447	589
1	5323	436234.269441990223	590
1	5334	437133.127283630933	591
1	5343	437774.211065238382	592
1	5354	438627.417726209428	593
1	5359	438992.484769737389	594
1	5368	439760.397866880563	595
1	5377	440539.110965654295	596
1	5386	441263.936719251837	597
1	5391	441648.208187520544	598
1	5404	442663.023069407831	599
1	5417	443749.22333364379	600
1	5426	444255.730259651359	601
1	5435	445147.684185393195	602
1	5444	445944.030110584612	603
1	5453	446615.425672894384	604
1	5462	447271.673975000198	605
1	5469	447862.172019062604	606
1	5476	448415.592358913313	607
1	5487	449656.804797425907	608
1	5496	450267.361203907099	609
1	5505	450920.398415112908	610
1	5512	451309.405974950681	611
1	5521	452188.00336048011	612
1	5530	452688.941404921974	613
1	5539	453662.97603235584	614
1	5548	455032.222923869308	615
1	5557	455645.852910680737	616
1	5566	456714.371652714949	617
1	5577	457628.979843109887	618
1	5588	458417.359009897377	619
1	5597	459240.822496963706	620
1	5602	459773.505337256979	621
1	5613	460429.124598065433	622
1	5624	461321.301481034649	623
1	5629	461655.914496677039	624
1	5642	462689.617484528614	625
1	5649	463164.168525533793	626
1	5656	463755.969483498527	627
1	5669	464666.026725852905	628
1	5676	465449.773861281617	629
1	5685	466136.625838698863	630
1	5694	466632.807416841432	631
1	5705	467715.541113540573	632
1	5714	468555.211547669066	633
1	5721	469309.923556214241	634
1	5730	469879.662667075215	635
1	5737	470720.931555144532	636
1	5750	471814.960287977054	637
1	5755	472365.486946469217	638
1	5764	472747.528040176301	639
1	5775	474068.370405770882	640
1	5782	474650.47175008808	641
1	5791	475134.632568899586	642
1	5800	476092.608731053813	643
1	5811	476988.787540700331	644
1	5820	477745.735309179917	645
1	5827	478050.273903971583	646
1	5838	479369.005024200349	647
1	5845	479727.97389859338	648
1	5854	480596.776787331373	649
1	5867	481751.217737747402	650
1	5872	482061.711956374393	651
1	5885	483318.085417198063	652
1	5892	483843.477188888983	653
1	5901	484465.558434231253	654
1	5910	485068.762410013052	655
1	5919	485828.891167463782	656
1	5928	486629.325954616117	657
1	5935	487230.6125809439	658
1	5946	487996.458737505648	659
1	5953	488507.863035472158	660
1	5966	489318.828750774312	661
1	5973	489874.102115677717	662
1	5980	490611.068238643977	663
1	5989	491448.575589805889	664
1	6002	492459.394987346653	665
1	6009	493257.618786860306	666
1	6016	493625.832231296275	667
1	6029	494556.420409306933	668
1	6038	495030.857661785607	669
1	6043	495453.845862625216	670
1	6052	496058.414639392917	671
1	6057	496468.453388242101	672
1	6070	497695.881352387419	673
1	6081	498675.519891874915	674
1	6092	499565.416758041879	675
1	6097	499935.811860580047	676
1	6110	500813.669263897514	677
1	6117	501681.046423874846	678
1	6124	502018.050117977014	679
1	6135	502813.698269147477	680
1	6144	503629.691925365529	681
1	6151	504250.907732360116	682
1	6162	505310.499571077577	683
1	6171	506165.589819056965	684
1	6178	506707.312247576244	685
1	6191	507629.421661002612	686
1	6198	508274.443354457667	687
1	6207	509056.808113027414	688
1	6218	509902.645925944721	689
1	6223	510551.053922390615	690
1	6236	511629.460734268701	691
1	6243	512344.249752536467	692
1	6254	513225.043956795758	693
1	6263	513951.426908746412	694
1	6270	514687.288496643355	695
1	6277	514995.289817685312	696
1	6286	515890.996919944933	697
1	6295	516813.287247531167	698
1	6308	517568.626609398102	699
1	6317	518383.240428194454	700
1	6324	519254.806123953363	701
1	6331	519661.251702904752	702
1	6344	520811.689887475273	703
1	6353	521617.611455870843	704
1	6362	522468.649011198482	705
1	6369	523124.959708470902	706
1	6378	523737.503843754581	707
1	6385	524340.852664690516	708
1	6398	525071.558612957647	709
1	6405	525477.538357442295	710
1	6416	526341.195505717819	711
1	6421	526822.765019768899	712
1	6434	527893.886678572794	713
1	6441	528403.753455402379	714
1	6450	529067.284339573285	715
1	6457	529775.884802453271	716
1	6468	530538.810293516195	717
1	6479	531409.943794598854	718
1	6484	531819.059484964288	719
1	6497	532808.260782016492	720
1	6502	533326.815550960651	721
1	6515	534381.915276171691	722
1	6524	535050.537841999955	723
1	6531	535625.13275658717	724
1	6538	536276.104533439554	725
1	6547	536822.978507308342	726
1	6558	537837.865839991771	727
1	6569	538662.122981669434	728
1	6574	539205.294714309328	729
1	6583	540018.801958719321	730
1	6592	540509.490657225304	731
1	6601	541523.166349344009	732
1	6610	542483.426019502857	733
1	6619	542864.560243673675	734
1	6630	543947.318546986261	735
1	6641	544703.988758800605	736
1	6646	545091.000420413965	737
1	6655	546040.942043205777	738
1	6664	546810.698119550998	739
1	6673	547698.762952303568	740
1	6678	548135.919327987412	741
1	6693	549453.863987373242	742
1	6702	550119.617901602814	743
1	6709	550500.122530013377	744
1	6718	551307.124360604266	745
1	6727	552033.668346097747	746
1	6736	552739.350912021528	747
1	6745	553450.284744892323	748
1	6756	554594.028111035058	749
1	6765	555156.795763084718	750
1	6774	555889.927927125299	751
1	6781	556248.489446193034	752
1	6792	557063.00856303429	753
1	6799	557648.175374139154	754
1	6810	558664.2629822251	755
1	6817	559145.104637369568	756
1	6830	559958.851089142317	757
1	6839	560578.86938801972	758
1	6846	561328.84483225649	759
1	6855	562158.856572909334	760
1	6862	562617.317364178651	761
1	6871	563450.628730002844	762
1	6882	564672.853345563688	763
1	6891	565637.927874969372	764
1	6902	566529.793483112061	765
1	6907	567135.332084773162	766
1	6920	568026.5931397677	767
1	6925	568409.116770280578	768
1	6936	569120.627193292656	769
1	6943	570040.319555997902	770
1	6954	570555.962461279759	771
1	6961	571176.481001358533	772
1	6970	571840.502594551125	773
1	6983	573097.135471226701	774
1	6988	573444.333270471597	775
1	6997	574154.960885876843	776
1	7006	574721.531259315143	777
1	7017	575893.145539239103	778
1	7024	576288.644459657425	779
1	7037	577481.754213944132	780
1	7046	578333.718135254512	781
1	7051	579095.315711153726	782
1	7060	579510.571926506291	783
1	7069	580360.479153972173	784
1	7078	580934.510228550116	785
1	7087	581498.529855720753	786
1	7096	582300.279437005575	787
1	7105	582978.610652033294	788
1	7118	584173.899934720303	789
1	7123	584661.541140591781	790
1	7134	585491.791354073267	791
1	7143	586444.756846921574	792
1	7150	586926.333491457682	793
1	7163	588132.042224379312	794
1	7170	588789.853867655676	795
1	7177	589278.558202413898	796
1	7190	590376.749958889615	797
1	7197	591122.920683911126	798
1	7204	591569.010380096789	799
1	7213	592497.250773338656	800
1	7222	592959.348111134078	801
1	7231	593898.774188943263	802
1	7244	595018.910515029039	803
1	7253	595866.03307574993	804
1	7258	596179.187895683628	805
1	7269	597440.256469789949	806
1	7278	597978.408836480287	807
1	7285	598470.81119357614	808
1	7296	599536.200169008282	809
1	7303	600324.233510484976	810
1	7312	601019.308326859084	811
1	7321	601764.550203178134	812
1	7330	602163.676123693643	813
1	7339	602966.007550433335	814
1	7350	603594.415977364463	815
1	7361	604757.21456268808	816

