version 2
run Pipelined_3Teachers-59-20190105-10:57:31-13896
attr configname Pipelined_3Teachers
attr datetime 20190105-10:57:31
attr experiment Pipelined_3Teachers
attr inifile ../simulations/omnetpp.ini
attr iterationvars "$0=\"uniform\""
attr iterationvarsf uniform-
attr measurement "$0=\"uniform\""
attr network PipelinedExamSession
attr processid 13896
attr repetition 59
attr replication #59
attr resultdir results
attr runnumber 59
attr seedset 59
param **.teachersNumber 3
param **.answerTimeDistribution "\"uniform\""
param **.minUniform 300
param **.maxUniform 900
param **.scaleLognormal 6.2854
param **.shapeLognormal 0.4724

vector 0 PipelinedExamSession examinationTime:vector ETV
attr source examFinished
vector 1 PipelinedExamSession studentID:vector ETV
attr source student
0	3147	260609.178072446974	1849.1071251221
0	3156	261258.183074835705	1869.8317823466
0	3165	261910.367734450864	1872.701237211
0	3174	262525.34576738255	1680.9558433481
0	3183	263444.137434940802	2126.6613833606
0	3192	264046.798890084046	1981.006538216
0	3203	265090.802885592002	2308.2285848446
0	3212	265781.864346144739	2306.1643611174
0	3219	266566.301877005044	2357.3281086981
0	3226	267080.685043986905	1989.8821583949
0	3237	267807.757942657936	2025.8935965132
0	3246	268587.868458777684	1937.4329946935
0	3253	269082.085715280864	1738.0880619865
0	3266	270149.96102512816	2078.6615230143
0	3271	270657.86227849314	1907.0730661042
0	3284	271628.359636617844	2250.368217146
0	3289	272051.455770107006	1901.4947449788
0	3298	272688.436579378341	1756.1458947603
0	3307	273433.899590279926	1805.5399536621
0	3316	274252.078835712765	1883.2226777449
0	3325	274929.54653520139	1979.9084505066
0	3338	275875.823502475415	2118.7157449778
0	3345	276515.628604777177	1962.275498081
0	3354	276967.422078503316	1879.4520718977
0	3361	277533.129779761677	1657.3062772863
0	3372	278296.797690494005	1671.5986699797
0	3379	278934.352436475475	1827.1220118273
0	3388	279598.910809261743	1757.5430114754
0	3397	280455.287695722673	1822.6550141349
0	3408	281605.979730002601	2312.6843641978
0	3417	282449.190862476845	2455.9536912013
0	3428	283331.729760719483	2514.2057126854
0	3437	283989.510627044385	2343.9235756639
0	3444	284792.609923705479	2295.5349743832
0	3453	285541.088778711876	2209.3590179924
0	3464	286104.782290197929	2115.2716631535
0	3471	286676.234754687195	1824.9864926096
0	3478	287058.74658850955	1440.114563657
0	3489	288006.117002014091	1901.3347118162
0	3498	288513.462147954872	1714.1738927923
0	3509	289725.258959876394	2325.3271730617
0	3516	290400.48310328277	2384.1606853064
0	3523	290926.695342175683	2036.5612874273
0	3534	291564.205314684679	1838.9463548083
0	3541	292171.844050521051	1553.9159315173
0	3552	292980.978484964019	1917.3493668437
0	3563	293753.721144469476	2040.554213617
0	3570	294446.224571345395	1923.8749898504
0	3579	295075.354239949978	1970.8529521711
0	3586	295403.484665695599	1649.7635212261
0	3597	296498.603045241929	1871.2869705632
0	3608	297445.59178655038	2121.5918687638
0	3617	298294.040443701692	2280.0985273439
0	3626	299190.196258714445	2506.3652758487
0	3635	299752.121346350782	2306.5295598004
0	3640	300078.081799624511	1784.0413559228
0	3653	301392.915746709354	2202.7194879949
0	3658	301722.621426824502	1970.5000804737
0	3667	302779.534574970625	2235.9421603382
0	3678	303665.46278446915	2272.5470377598
0	3685	304221.21511702428	1955.1347322296
0	3698	304873.449865914904	1933.1275281496
0	3705	305504.623954184376	1835.1114654914
0	3714	305995.388688845583	1714.9399561342
0	3723	306793.726805085339	1920.2769391704
0	3730	307541.808651667112	2033.0012944993
0	3739	308022.240692703076	1819.9840622954
0	3752	309087.681994820036	2130.3475908469
0	3761	309964.868568442784	2266.5853698738
0	3766	310299.995210906513	1920.2923512552
0	3777	311310.726866684876	2223.0448718648
0	3784	311838.40581206607	1873.5372436233
0	3793	312877.74033606986	2163.8640882913
0	3804	313974.301682598911	2458.2903653383
0	3813	314598.553760536037	2355.9717517812
0	3822	315300.105880200885	2221.4978847653
0	3831	316178.608833113707	2202.4160276167
0	3840	316794.632752239726	2078.9280271623
0	3847	317221.633227774895	1767.7457295824
0	3856	318659.72313755194	2312.7995599061
0	3869	319733.893123408801	2523.6556974705
0	3876	320446.451831376202	2382.3478676844
0	3885	321249.580113077558	2369.1613272764
0	3892	321682.06258211287	1948.1694587041
0	3903	322537.067769421287	1959.3945725821
0	3914	323405.837835045554	2079.6128676273
0	3921	324205.698840273567	2097.1915924922
0	3928	324901.006352528953	2286.1461146269
0	3937	325500.587946362816	2094.7501113173
0	3946	326044.033958623209	1820.4103442375
0	3955	326689.949069917226	1695.6173292361
0	3966	327572.761007118994	1900.2957676537
0	3973	327916.092589963251	1651.1531617027
0	3982	328650.481572886953	1617.7707449533
0	3995	329807.828966528201	2001.5802995302
0	4004	330661.905413819501	2284.1842653695
0	4011	331153.847597865412	2232.3407983873
0	4018	331619.887394271815	1812.0584277436
0	4027	332455.170912807831	1793.2654989883
0	4038	333197.349693160528	2024.5961639564
0	4049	334037.727170716996	2006.3502321951
0	4056	334629.351177625383	1831.7519632168
0	4067	335746.639465028445	2418.8981551677
0	4072	336379.659424535955	2341.932253819
0	4083	337033.683034870798	2179.5728366822
0	4092	337931.820116937186	2185.1806519087
0	4099	338623.199534788753	2067.5092065241
0	4112	339569.116826495181	2227.8919980861
0	4117	340093.447610037427	2076.1450754944
0	4126	340878.644894342895	2134.3564465642
0	4135	341511.47904451939	1942.3622180242
0	4144	342314.760754164334	1987.9762439523
0	4157	343420.104983076478	2228.0310465954
0	4164	344135.614826437111	2349.9356207438
0	4171	344611.038032406966	2048.5844286159
0	4180	345542.944982182259	2122.8399991058
0	4191	346080.523121869217	1860.5687563308
0	4198	346582.326954603221	1524.5908711106
0	4211	347755.866722250383	2056.2238549814
0	4220	348439.48059151883	2118.6896250118
0	4227	349189.850624743875	2296.1901040748
0	4234	349641.911523928892	1886.0448016785
0	4243	350372.34931318092	1932.8687216621
0	4254	351208.27838759872	1984.6819115337
0	4263	351742.330221785259	1729.4568120036
0	4274	352468.220363790195	1916.4555371739
0	4279	352876.157481735598	1585.6709176674
0	4288	353670.794709585633	1814.2606989015
0	4297	354395.991834159966	1927.7714703698
0	4302	354800.510917743693	1568.6927621718
0	4317	356147.787478286799	2134.7857982386
0	4324	356654.615213256355	1753.5559165757
0	4333	357370.796229131545	1605.5603781715
0	4344	358180.675109289613	1801.9486026373
0	4351	358717.617848888066	1672.1708617173
0	4364	360000.760853150886	2253.7131656427
0	4373	360610.4413638823	2086.8373186793
0	4380	361336.709005013135	2139.4628662616
0	4391	362161.486897012246	2160.7260438614
0	4398	362796.479534218115	2186.0381703358
0	4409	363444.619723828537	1973.8706486765
0	4414	363969.974281825153	1808.4873848129
0	4423	364679.861466446919	1800.231486652
0	4436	365449.823988648159	2005.2042648196
0	4443	365931.41376385468	1608.9842689689
0	4454	367028.727627312792	2047.7440384682
0	4459	367392.228661710424	1942.4046730623
0	4470	368301.626594318105	1966.1564384121
0	4477	369232.316928310348	2203.5893009976
0	4488	370004.717103811009	2156.4157698769
0	4499	370800.881956843687	2317.5601718947
0	4504	371466.699190903483	2110.4609880131
0	4515	372066.468184394789	1969.336518785
0	4524	372712.533912900862	1911.6519560572
0	4531	373514.748461684239	1949.6063402854
0	4542	374196.578598115621	1950.6129800342
0	4551	375034.545917389942	2141.8267462403
0	4560	376030.820231465651	2446.2555942591
0	4571	376939.925120305297	2490.9265879076
0	4580	377754.036981286508	2461.9784222916
0	4585	378282.190554449362	2227.1639056038
0	4598	379334.868753980872	2394.9436336756
0	4607	380154.530611541149	2400.4936302546
0	4616	380859.483353141722	2420.3628828283
0	4625	381620.033477665883	2285.164723685
0	4634	382404.481970798251	2249.9513592571
0	4641	382860.353914741454	2000.8705615997
0	4650	383518.502995977206	1898.4695183113
0	4661	384208.033050131081	1803.5510793328
0	4666	384598.768971813871	1715.8586880192
0	4677	385439.547691773652	1883.0199256539
0	4688	386202.213890058948	1994.1808399279
0	4697	386923.332584649353	1995.6183089409
0	4706	387645.485296100407	2170.5658398103
0	4713	388030.35520389679	1828.1413138378
0	4720	388562.294250866427	1638.9616662171
0	4729	389321.217760350585	1675.7324642502
0	4738	389997.340302960976	1792.8430352826
0	4749	390980.244254227757	1958.1701088231
0	4756	391444.238853966847	1623.3688469511
0	4765	392338.768100179762	1855.6997916196
0	4776	393211.628380604118	2115.1796700899
0	4783	393946.503100404546	2061.132858647
0	4792	394285.677419789166	1656.5435692202
0	4801	395246.456471225277	1736.4741979167
0	4810	395617.8146851715	1662.882198533
0	4821	396511.775944987342	1913.1316846702
0	4830	397266.719068028063	1961.2933844794
0	4839	397920.792487124011	1876.5080669895
0	4846	398513.483356498212	1908.7616946548
0	4855	399134.630635427342	1683.732758509
0	4868	400360.635310644315	2420.374329295
0	4873	400865.06575131792	2102.6125235483
0	4884	401542.115401010992	1937.6847123262
0	4891	402453.499825950742	2092.8645153064
0	4902	403168.474439252198	2089.1096672975
0	4913	404060.853227041692	2269.1910578404
0	4918	404432.31902201663	1779.8938902095
0	4927	405076.391425821961	1715.9861960448
0	4936	405597.341712797092	1536.4884857554
0	4949	406824.329669773609	2108.8583626784
0	4956	407599.951659562097	2376.2529734988
0	4965	408317.437318665937	2372.682589246
0	4972	408644.371062330932	1820.0413925573
0	4985	410037.014012318134	2423.9674433134
0	4994	410549.2796737701	2185.9635758679
0	4999	410946.579485898867	1724.7316128574
0	5010	411965.735505335063	1928.7214930169
0	5021	412878.663488477499	2329.3838147074
0	5026	413219.025978958265	1810.5449611321
0	5037	414231.775968382166	2093.1982445531
0	5044	414828.109668334977	1949.4461798575
0	5055	415759.276044694738	1982.7527318615
0	5062	416447.505891043724	2065.5200564303
0	5075	417579.101501684668	2347.2071606666
0	5082	418018.379237875375	1970.3669722192
0	5089	418509.158538747612	1662.7528552897
0	5100	419492.591024749013	1913.4895230643
0	5107	420407.871089363504	2122.3991101608
0	5118	421410.607079789076	2312.4454609584
0	5125	422046.580654755268	2111.2986654975
0	5134	422527.017445676061	1855.6362180971
0	5143	423288.423802144859	1736.1547314562
0	5152	423743.424120638552	1436.1167395022
0	5165	424805.153124081004	1812.2113611549
0	5170	425113.288288749788	1741.4586297702
0	5179	425957.823373144526	1862.7297207713
0	5188	426781.718593742732	1976.5654696617
0	5199	427847.794060455669	2172.8451156523
0	5206	428453.384156758	2117.9215480573
0	5215	428892.007137648795	1687.3489448335
0	5224	429764.959605596993	1790.7151169144
0	5233	430628.844437515397	2117.9945830721
0	5242	431467.851478513363	2112.7328356728
0	5253	432408.61601410437	2360.2887627203
0	5264	433164.936156291548	2234.0850885026
0	5269	433639.347267011214	1811.3584519364
0	5282	434675.472527649287	1968.0971398484
0	5287	435232.01912697408	2067.0829706825
0	5296	436078.933600941707	2093.060998572
0	5305	436929.176047258112	2253.7035196088
0	5316	437917.214289866421	2424.9827566557
0	5323	438539.794082986224	2183.0468597822
0	5334	439389.760232716832	2263.0130725913
0	5341	439709.173164842684	1683.4569102153
0	5352	440426.862941589239	1736.836837884
0	5363	441431.534731853786	1901.1523911729
0	5370	442112.163969827849	2029.6475183219
0	5379	442874.717011442441	2302.7671865188
0	5388	443735.498430999029	2303.9636991452
0	5395	444070.547662815112	1751.2633277569
0	5404	444623.190379142794	1489.0380370896
0	5413	445433.657428761977	1623.1544123031
0	5424	446326.302029751274	1905.6633003987
0	5427	446660.87601296607	1512.9915109836
0	5444	448058.065727446261	2249.9371005222
0	5453	448854.100501583922	2186.6168087348
0	5462	449586.339447135139	2396.1343771778
0	5467	450016.423223633352	1958.3574961871
0	5480	451161.555243004147	2307.4547414202
0	5485	451559.819486271624	1973.4800391365
0	5494	452450.532452389632	2001.2208019383
0	5503	453030.019484600086	1868.4642415959
0	5512	454175.963454740156	2390.4264321551
0	5523	454928.925505885888	2280.0995024387
0	5532	455583.346594590727	2141.777906986
0	5541	456412.160590337623	2099.6358700097
0	5548	457216.351380664889	2268.2768866885
0	5559	458186.09545337971	2358.8632581756
0	5566	458682.103267405215	2105.9972937685
0	5575	459372.528052283485	1912.7019590233
0	5588	460112.872324883972	1866.8555451091
0	5597	460777.951968787272	1799.0867814515
0	5604	461392.044240329449	1738.9722710475
0	5611	462298.988428758491	2186.1161038745
0	5624	463064.497162029181	2286.5451932419
0	5631	463873.441817471791	2414.8913500831
0	5638	464275.407022750039	1944.3916606251
0	5647	465261.021588742767	2196.5244267136
0	5656	465688.228447688777	1731.1231632717
0	5669	466887.269847281311	2067.9446378723
0	5674	467187.729117879678	1697.6854083594
0	5687	468478.829328110475	2160.978721641
0	5694	469316.251547494937	2428.9817002136
0	5705	470046.10313912857	2438.8415769674
0	5714	470658.906530309503	2180.077202199
0	5723	471358.727749111165	2039.6120382473
0	5730	471810.267345607315	1764.1642064787
0	5737	472343.685511406545	1684.778981097
0	5750	473606.617233110627	2247.8894839995
0	5755	473920.507018687239	1832.2929263581
0	5764	474860.866606654635	2099.8278417159
0	5773	475646.354431752151	2039.7371986415
0	5782	476055.530484532973	1712.7185014542
0	5791	476814.788017468562	1626.1666252278
0	5802	478387.524456298014	2461.014935514
0	5811	478947.460105363315	2232.0569337811
0	5818	479440.942273847794	1924.9173465651
0	5831	480491.335297934746	2099.1781787015
0	5840	481244.031772390043	2270.1019186992
0	5845	481829.05731867071	2110.8974014409
0	5854	482272.180474223604	1780.8451762889
0	5863	482947.210664022749	1703.1788916327
0	5876	483862.174068996718	1946.2747834157
0	5885	484578.079388011282	1913.9960736036
0	5892	485193.803239194711	2110.4762798175
0	5899	485847.591355908697	1985.417286912
0	5912	487050.231398642099	2472.1520106308
0	5917	487653.068595472759	2269.9168771505
0	5928	488233.114596968553	2081.1982013751
0	5935	488685.618080757594	1635.3866821155
0	5946	489694.432741776145	1900.9558215737
0	5953	490146.99322194796	1782.3024129029
0	5962	490954.28728535775	1944.9628531002
0	5971	491507.746628159694	1650.1077200286
0	5980	491955.366418277881	1477.7886374854
0	5991	493011.990279285273	1667.8153595421
0	5998	493741.866665007582	1908.2005613018
0	6009	494701.130911940745	2079.5058080927
0	6016	495347.589491307772	2055.8071870822
0	6025	495958.216942241452	1787.5852430239
0	6036	496881.286224955729	1974.7668403666
0	6043	497426.154521573371	1878.9246403612
0	6052	498116.408131504468	1808.349431958
0	6065	499411.168156703971	2323.8545633387
0	6074	500266.175560606681	2472.9853497818
0	6079	500827.285112533756	2295.9090043791
0	6090	501737.459927424826	2326.2917707209
0	6101	502375.627942057364	2109.4523814507
0	6106	502844.940157234706	1686.1409952398
0	6117	503616.672095563301	1843.9485065639
0	6126	504500.223596161269	2124.5956541039
0	6137	505441.39963891361	2367.8416924551
0	6144	505808.695220248812	1864.0615227632
0	6153	506745.398338465058	1998.7881202251
0	6160	507147.969795763531	1706.5701568499
0	6171	508400.996342254842	2216.2821206264
0	6178	509082.646450633221	2041.0060012713
0	6187	510072.756992094257	2155.3214502521
0	6200	510775.506864348465	2057.8913520556
0	6209	511553.664048481771	1989.9585309438
0	6216	512108.210845850447	2000.7726035547
0	6223	512743.069150624835	1967.5622862764
0	6232	513550.427536480167	1996.7634879984
0	6245	514551.564088230992	2259.8614341114
0	6254	515150.290480116422	2026.0482107755
0	6261	515690.156418504233	1785.5417840648
0	6272	516535.936502181033	1984.37241395
0	6281	517381.241263635496	2230.9507835191
0	6286	517682.495731255079	1935.9805835411
0	6295	518451.667500380467	1915.7309981994
0	6304	519034.380543837363	1653.1392802019
0	6313	519726.922027766745	1849.8478911817
0	6322	520445.358129451091	1691.4551060647
0	6335	521733.072758931707	2322.7179723792
0	6342	522527.845699992071	2468.5830331407
0	6351	523072.218533372547	2232.8910091426
0	6358	523463.817315828096	1730.7445568964
0	6369	524710.331391217228	2133.2405218855
0	6376	525195.753063540947	2027.0288206637
0	6385	525847.730180528056	1804.3398169801
0	6394	526634.164432715666	1812.8462769091
0	6403	527159.376343572553	1488.4279801045
0	6412	528311.633565695997	1826.0903340764
0	6423	529246.672672871541	2120.1443269383
0	6434	530043.109660735395	2037.9919795319
0	6441	530671.324344864156	2105.3956142161
0	6448	531202.871965477284	1864.1709017102
0	6457	532121.743805380579	2078.6341446452
0	6468	533322.578923450824	2444.4170162547
0	6479	534175.961294537451	2398.4701980371
0	6488	535046.349493274506	2471.968420269
0	6495	535722.467269795056	2381.4524288289
0	6504	536284.41510424022	2108.4538097028
0	6511	536671.401411714073	1625.0519184396
0	6520	537585.34946604636	1761.5709421691
0	6533	538830.901519814547	2209.1127657797
0	6540	539498.797004437115	1985.3295198642
0	6549	540314.79958696295	1947.4113278557
0	6558	541076.253960281652	2245.3524404671
0	6565	541406.67613791306	1763.0915240385
0	6576	542642.466737190303	2148.3673267532
0	6587	543530.661903927144	2327.6726298966
0	6592	544054.238667665091	2217.3250466119
0	6601	544715.157722868067	2020.2077713329
0	6614	545966.847077803728	2436.1851738766
0	6619	546405.287971068215	2014.8868397344
0	6628	546837.859247624915	1725.5393746309
0	6639	547795.493500633207	1828.6464228295
0	6646	548410.064622899559	1815.5071514659
0	6659	549491.221716860351	2054.5810188632
0	6664	550011.73342773695	1741.4511971176
0	6673	550705.159316025716	1823.556973692
0	6684	551369.903844594998	1878.6821277346
0	6691	551871.895758574871	1541.8726426084
0	6700	552512.286184961019	1768.0282198358
0	6709	553428.63372517754	2048.7975446507
0	6720	554129.212079197211	1979.3418750633
0	6727	554594.300428032918	1598.62099397
0	6736	555293.812351813583	1616.5630174801
0	6749	556174.678287003233	2001.9230203237
0	6754	556897.631491161927	2216.3059660234
0	6763	557307.047934969931	1826.3587111607
0	6774	558432.567240111574	2257.8889531083
0	6781	559032.640256127387	2042.587852478
0	6790	559681.988057680471	1915.6387511641
0	6799	560087.766295205845	1608.2527330611
0	6812	561543.67174250078	2279.8981558532
0	6817	561850.263826455964	1888.3371405769
0	6826	562832.92995602828	2110.7089104597
0	6835	563740.640227496667	2196.9684849959
0	6844	564244.235987076579	2067.4223479349
0	6855	564792.633353266908	1784.0219333768
0	6864	565444.436511118008	1537.1299827006
0	6871	566071.550425607754	1731.9041769952
0	6884	567317.338614491789	2321.1834548973
0	6889	567618.253972241698	1906.1898880173
0	6900	568322.894921014129	1825.7052064408
0	6911	569075.450032437264	1758.1114179455
0	6916	569562.663626018955	1777.7800101321
0	6927	570734.030998824208	2368.9682470635
0	6936	571236.222620448142	2160.7725880109
0	6943	572013.776206551164	2065.575031098
0	6952	572381.443047383844	1604.3384714518
0	6965	573736.203282885298	2161.0304047354
0	6974	574373.870936315551	2217.4213218503
0	6981	574922.793548880189	2063.2411607075
0	6988	575786.038830969527	2049.8355480842
0	7001	576708.043502317786	2334.1725660022
0	7008	577452.243254240647	2327.6592248585
0	7019	578124.035083875105	2213.3154496551
0	7024	578697.097481042192	1989.0539787244
0	7037	579546.921593695924	1989.3063497264
0	7044	580389.366799593017	2265.3317157179
0	7051	580990.537701454058	2091.979491245
0	7064	581912.646743282721	2365.7251495868
0	7071	582301.974352961451	1906.7313088104
0	7078	582716.04505735454	1641.2994283251
0	7087	584004.364855494396	2091.7181122117
0	7098	584880.853954749228	2205.806835182
0	7107	585328.856920078443	1820.7928106189
0	7114	585697.190818609716	1392.7447424736
0	7125	586975.407928973481	2092.5623525865
0	7136	587650.357911642686	2125.1124966424
0	7141	587960.979200759948	1716.1921051797
0	7154	589278.213474992708	2276.2584311888
0	7161	590017.96740442519	2367.6094927825
0	7170	590719.640100840525	2276.3378532138
0	7177	591048.001741105736	1769.788266113
0	7186	591860.510763432877	1780.4178358521
0	7195	592652.454709075438	1739.5495283883
0	7204	593657.7910100576	2000.2449015621
0	7213	594287.171118194284	1912.357267784
0	7226	595290.575592219875	2163.6636324227
0	7233	595855.664417613343	1999.6015559882
0	7240	596391.959132440434	1789.4735209644
0	7249	596819.159891037317	1528.5842988174
0	7258	598044.425844680565	1957.510411134
0	7269	598719.901415286632	1919.5033675991
0	7278	599245.094751706393	1657.2505173739
0	7289	600379.634360829415	2214.5570768975
0	7296	601125.440734997439	2315.8719648141
0	7305	601733.543945197063	2143.5576656833
0	7316	602559.957947814884	2180.3235869855
0	7323	603311.377858137759	2106.1692828778
0	7330	603644.169944291982	1863.2818237413
0	7339	604734.501199610578	2174.5432517957
1	3147	260609.178072446974	348
1	3156	261258.183074835705	349
1	3165	261910.367734450864	350
1	3174	262525.34576738255	351
1	3183	263444.137434940802	352
1	3192	264046.798890084046	353
1	3203	265090.802885592002	354
1	3212	265781.864346144739	355
1	3219	266566.301877005044	356
1	3226	267080.685043986905	357
1	3237	267807.757942657936	358
1	3246	268587.868458777684	359
1	3253	269082.085715280864	360
1	3266	270149.96102512816	361
1	3271	270657.86227849314	362
1	3284	271628.359636617844	363
1	3289	272051.455770107006	364
1	3298	272688.436579378341	365
1	3307	273433.899590279926	366
1	3316	274252.078835712765	367
1	3325	274929.54653520139	368
1	3338	275875.823502475415	369
1	3345	276515.628604777177	370
1	3354	276967.422078503316	371
1	3361	277533.129779761677	372
1	3372	278296.797690494005	373
1	3379	278934.352436475475	374
1	3388	279598.910809261743	375
1	3397	280455.287695722673	376
1	3408	281605.979730002601	377
1	3417	282449.190862476845	378
1	3428	283331.729760719483	379
1	3437	283989.510627044385	380
1	3444	284792.609923705479	381
1	3453	285541.088778711876	382
1	3464	286104.782290197929	383
1	3471	286676.234754687195	384
1	3478	287058.74658850955	385
1	3489	288006.117002014091	386
1	3498	288513.462147954872	387
1	3509	289725.258959876394	388
1	3516	290400.48310328277	389
1	3523	290926.695342175683	390
1	3534	291564.205314684679	391
1	3541	292171.844050521051	392
1	3552	292980.978484964019	393
1	3563	293753.721144469476	394
1	3570	294446.224571345395	395
1	3579	295075.354239949978	396
1	3586	295403.484665695599	397
1	3597	296498.603045241929	398
1	3608	297445.59178655038	399
1	3617	298294.040443701692	400
1	3626	299190.196258714445	401
1	3635	299752.121346350782	402
1	3640	300078.081799624511	403
1	3653	301392.915746709354	404
1	3658	301722.621426824502	405
1	3667	302779.534574970625	406
1	3678	303665.46278446915	407
1	3685	304221.21511702428	408
1	3698	304873.449865914904	409
1	3705	305504.623954184376	410
1	3714	305995.388688845583	411
1	3723	306793.726805085339	412
1	3730	307541.808651667112	413
1	3739	308022.240692703076	414
1	3752	309087.681994820036	415
1	3761	309964.868568442784	416
1	3766	310299.995210906513	417
1	3777	311310.726866684876	418
1	3784	311838.40581206607	419
1	3793	312877.74033606986	420
1	3804	313974.301682598911	421
1	3813	314598.553760536037	422
1	3822	315300.105880200885	423
1	3831	316178.608833113707	424
1	3840	316794.632752239726	425
1	3847	317221.633227774895	426
1	3856	318659.72313755194	427
1	3869	319733.893123408801	428
1	3876	320446.451831376202	429
1	3885	321249.580113077558	430
1	3892	321682.06258211287	431
1	3903	322537.067769421287	432
1	3914	323405.837835045554	433
1	3921	324205.698840273567	434
1	3928	324901.006352528953	435
1	3937	325500.587946362816	436
1	3946	326044.033958623209	437
1	3955	326689.949069917226	438
1	3966	327572.761007118994	439
1	3973	327916.092589963251	440
1	3982	328650.481572886953	441
1	3995	329807.828966528201	442
1	4004	330661.905413819501	443
1	4011	331153.847597865412	444
1	4018	331619.887394271815	445
1	4027	332455.170912807831	446
1	4038	333197.349693160528	447
1	4049	334037.727170716996	448
1	4056	334629.351177625383	449
1	4067	335746.639465028445	450
1	4072	336379.659424535955	451
1	4083	337033.683034870798	452
1	4092	337931.820116937186	453
1	4099	338623.199534788753	454
1	4112	339569.116826495181	455
1	4117	340093.447610037427	456
1	4126	340878.644894342895	457
1	4135	341511.47904451939	458
1	4144	342314.760754164334	459
1	4157	343420.104983076478	460
1	4164	344135.614826437111	461
1	4171	344611.038032406966	462
1	4180	345542.944982182259	463
1	4191	346080.523121869217	464
1	4198	346582.326954603221	465
1	4211	347755.866722250383	466
1	4220	348439.48059151883	467
1	4227	349189.850624743875	468
1	4234	349641.911523928892	469
1	4243	350372.34931318092	470
1	4254	351208.27838759872	471
1	4263	351742.330221785259	472
1	4274	352468.220363790195	473
1	4279	352876.157481735598	474
1	4288	353670.794709585633	475
1	4297	354395.991834159966	476
1	4302	354800.510917743693	477
1	4317	356147.787478286799	478
1	4324	356654.615213256355	479
1	4333	357370.796229131545	480
1	4344	358180.675109289613	481
1	4351	358717.617848888066	482
1	4364	360000.760853150886	483
1	4373	360610.4413638823	484
1	4380	361336.709005013135	485
1	4391	362161.486897012246	486
1	4398	362796.479534218115	487
1	4409	363444.619723828537	488
1	4414	363969.974281825153	489
1	4423	364679.861466446919	490
1	4436	365449.823988648159	491
1	4443	365931.41376385468	492
1	4454	367028.727627312792	493
1	4459	367392.228661710424	494
1	4470	368301.626594318105	495
1	4477	369232.316928310348	496
1	4488	370004.717103811009	497
1	4499	370800.881956843687	498
1	4504	371466.699190903483	499
1	4515	372066.468184394789	500
1	4524	372712.533912900862	501
1	4531	373514.748461684239	502
1	4542	374196.578598115621	503
1	4551	375034.545917389942	504
1	4560	376030.820231465651	505
1	4571	376939.925120305297	506
1	4580	377754.036981286508	507
1	4585	378282.190554449362	508
1	4598	379334.868753980872	509
1	4607	380154.530611541149	510
1	4616	380859.483353141722	511
1	4625	381620.033477665883	512
1	4634	382404.481970798251	513
1	4641	382860.353914741454	514
1	4650	383518.502995977206	515
1	4661	384208.033050131081	516
1	4666	384598.768971813871	517
1	4677	385439.547691773652	518
1	4688	386202.213890058948	519
1	4697	386923.332584649353	520
1	4706	387645.485296100407	521
1	4713	388030.35520389679	522
1	4720	388562.294250866427	523
1	4729	389321.217760350585	524
1	4738	389997.340302960976	525
1	4749	390980.244254227757	526
1	4756	391444.238853966847	527
1	4765	392338.768100179762	528
1	4776	393211.628380604118	529
1	4783	393946.503100404546	530
1	4792	394285.677419789166	531
1	4801	395246.456471225277	532
1	4810	395617.8146851715	533
1	4821	396511.775944987342	534
1	4830	397266.719068028063	535
1	4839	397920.792487124011	536
1	4846	398513.483356498212	537
1	4855	399134.630635427342	538
1	4868	400360.635310644315	539
1	4873	400865.06575131792	540
1	4884	401542.115401010992	541
1	4891	402453.499825950742	542
1	4902	403168.474439252198	543
1	4913	404060.853227041692	544
1	4918	404432.31902201663	545
1	4927	405076.391425821961	546
1	4936	405597.341712797092	547
1	4949	406824.329669773609	548
1	4956	407599.951659562097	549
1	4965	408317.437318665937	550
1	4972	408644.371062330932	551
1	4985	410037.014012318134	552
1	4994	410549.2796737701	553
1	4999	410946.579485898867	554
1	5010	411965.735505335063	555
1	5021	412878.663488477499	556
1	5026	413219.025978958265	557
1	5037	414231.775968382166	558
1	5044	414828.109668334977	559
1	5055	415759.276044694738	560
1	5062	416447.505891043724	561
1	5075	417579.101501684668	562
1	5082	418018.379237875375	563
1	5089	418509.158538747612	564
1	5100	419492.591024749013	565
1	5107	420407.871089363504	566
1	5118	421410.607079789076	567
1	5125	422046.580654755268	568
1	5134	422527.017445676061	569
1	5143	423288.423802144859	570
1	5152	423743.424120638552	571
1	5165	424805.153124081004	572
1	5170	425113.288288749788	573
1	5179	425957.823373144526	574
1	5188	426781.718593742732	575
1	5199	427847.794060455669	576
1	5206	428453.384156758	577
1	5215	428892.007137648795	578
1	5224	429764.959605596993	579
1	5233	430628.844437515397	580
1	5242	431467.851478513363	581
1	5253	432408.61601410437	582
1	5264	433164.936156291548	583
1	5269	433639.347267011214	584
1	5282	434675.472527649287	585
1	5287	435232.01912697408	586
1	5296	436078.933600941707	587
1	5305	436929.176047258112	588
1	5316	437917.214289866421	589
1	5323	438539.794082986224	590
1	5334	439389.760232716832	591
1	5341	439709.173164842684	592
1	5352	440426.862941589239	593
1	5363	441431.534731853786	594
1	5370	442112.163969827849	595
1	5379	442874.717011442441	596
1	5388	443735.498430999029	597
1	5395	444070.547662815112	598
1	5404	444623.190379142794	599
1	5413	445433.657428761977	600
1	5424	446326.302029751274	601
1	5427	446660.87601296607	602
1	5444	448058.065727446261	603
1	5453	448854.100501583922	604
1	5462	449586.339447135139	605
1	5467	450016.423223633352	606
1	5480	451161.555243004147	607
1	5485	451559.819486271624	608
1	5494	452450.532452389632	609
1	5503	453030.019484600086	610
1	5512	454175.963454740156	611
1	5523	454928.925505885888	612
1	5532	455583.346594590727	613
1	5541	456412.160590337623	614
1	5548	457216.351380664889	615
1	5559	458186.09545337971	616
1	5566	458682.103267405215	617
1	5575	459372.528052283485	618
1	5588	460112.872324883972	619
1	5597	460777.951968787272	620
1	5604	461392.044240329449	621
1	5611	462298.988428758491	622
1	5624	463064.497162029181	623
1	5631	463873.441817471791	624
1	5638	464275.407022750039	625
1	5647	465261.021588742767	626
1	5656	465688.228447688777	627
1	5669	466887.269847281311	628
1	5674	467187.729117879678	629
1	5687	468478.829328110475	630
1	5694	469316.251547494937	631
1	5705	470046.10313912857	632
1	5714	470658.906530309503	633
1	5723	471358.727749111165	634
1	5730	471810.267345607315	635
1	5737	472343.685511406545	636
1	5750	473606.617233110627	637
1	5755	473920.507018687239	638
1	5764	474860.866606654635	639
1	5773	475646.354431752151	640
1	5782	476055.530484532973	641
1	5791	476814.788017468562	642
1	5802	478387.524456298014	643
1	5811	478947.460105363315	644
1	5818	479440.942273847794	645
1	5831	480491.335297934746	646
1	5840	481244.031772390043	647
1	5845	481829.05731867071	648
1	5854	482272.180474223604	649
1	5863	482947.210664022749	650
1	5876	483862.174068996718	651
1	5885	484578.079388011282	652
1	5892	485193.803239194711	653
1	5899	485847.591355908697	654
1	5912	487050.231398642099	655
1	5917	487653.068595472759	656
1	5928	488233.114596968553	657
1	5935	488685.618080757594	658
1	5946	489694.432741776145	659
1	5953	490146.99322194796	660
1	5962	490954.28728535775	661
1	5971	491507.746628159694	662
1	5980	491955.366418277881	663
1	5991	493011.990279285273	664
1	5998	493741.866665007582	665
1	6009	494701.130911940745	666
1	6016	495347.589491307772	667
1	6025	495958.216942241452	668
1	6036	496881.286224955729	669
1	6043	497426.154521573371	670
1	6052	498116.408131504468	671
1	6065	499411.168156703971	672
1	6074	500266.175560606681	673
1	6079	500827.285112533756	674
1	6090	501737.459927424826	675
1	6101	502375.627942057364	676
1	6106	502844.940157234706	677
1	6117	503616.672095563301	678
1	6126	504500.223596161269	679
1	6137	505441.39963891361	680
1	6144	505808.695220248812	681
1	6153	506745.398338465058	682
1	6160	507147.969795763531	683
1	6171	508400.996342254842	684
1	6178	509082.646450633221	685
1	6187	510072.756992094257	686
1	6200	510775.506864348465	687
1	6209	511553.664048481771	688
1	6216	512108.210845850447	689
1	6223	512743.069150624835	690
1	6232	513550.427536480167	691
1	6245	514551.564088230992	692
1	6254	515150.290480116422	693
1	6261	515690.156418504233	694
1	6272	516535.936502181033	695
1	6281	517381.241263635496	696
1	6286	517682.495731255079	697
1	6295	518451.667500380467	698
1	6304	519034.380543837363	699
1	6313	519726.922027766745	700
1	6322	520445.358129451091	701
1	6335	521733.072758931707	702
1	6342	522527.845699992071	703
1	6351	523072.218533372547	704
1	6358	523463.817315828096	705
1	6369	524710.331391217228	706
1	6376	525195.753063540947	707
1	6385	525847.730180528056	708
1	6394	526634.164432715666	709
1	6403	527159.376343572553	710
1	6412	528311.633565695997	711
1	6423	529246.672672871541	712
1	6434	530043.109660735395	713
1	6441	530671.324344864156	714
1	6448	531202.871965477284	715
1	6457	532121.743805380579	716
1	6468	533322.578923450824	717
1	6479	534175.961294537451	718
1	6488	535046.349493274506	719
1	6495	535722.467269795056	720
1	6504	536284.41510424022	721
1	6511	536671.401411714073	722
1	6520	537585.34946604636	723
1	6533	538830.901519814547	724
1	6540	539498.797004437115	725
1	6549	540314.79958696295	726
1	6558	541076.253960281652	727
1	6565	541406.67613791306	728
1	6576	542642.466737190303	729
1	6587	543530.661903927144	730
1	6592	544054.238667665091	731
1	6601	544715.157722868067	732
1	6614	545966.847077803728	733
1	6619	546405.287971068215	734
1	6628	546837.859247624915	735
1	6639	547795.493500633207	736
1	6646	548410.064622899559	737
1	6659	549491.221716860351	738
1	6664	550011.73342773695	739
1	6673	550705.159316025716	740
1	6684	551369.903844594998	741
1	6691	551871.895758574871	742
1	6700	552512.286184961019	743
1	6709	553428.63372517754	744
1	6720	554129.212079197211	745
1	6727	554594.300428032918	746
1	6736	555293.812351813583	747
1	6749	556174.678287003233	748
1	6754	556897.631491161927	749
1	6763	557307.047934969931	750
1	6774	558432.567240111574	751
1	6781	559032.640256127387	752
1	6790	559681.988057680471	753
1	6799	560087.766295205845	754
1	6812	561543.67174250078	755
1	6817	561850.263826455964	756
1	6826	562832.92995602828	757
1	6835	563740.640227496667	758
1	6844	564244.235987076579	759
1	6855	564792.633353266908	760
1	6864	565444.436511118008	761
1	6871	566071.550425607754	762
1	6884	567317.338614491789	763
1	6889	567618.253972241698	764
1	6900	568322.894921014129	765
1	6911	569075.450032437264	766
1	6916	569562.663626018955	767
1	6927	570734.030998824208	768
1	6936	571236.222620448142	769
1	6943	572013.776206551164	770
1	6952	572381.443047383844	771
1	6965	573736.203282885298	772
1	6974	574373.870936315551	773
1	6981	574922.793548880189	774
1	6988	575786.038830969527	775
1	7001	576708.043502317786	776
1	7008	577452.243254240647	777
1	7019	578124.035083875105	778
1	7024	578697.097481042192	779
1	7037	579546.921593695924	780
1	7044	580389.366799593017	781
1	7051	580990.537701454058	782
1	7064	581912.646743282721	783
1	7071	582301.974352961451	784
1	7078	582716.04505735454	785
1	7087	584004.364855494396	786
1	7098	584880.853954749228	787
1	7107	585328.856920078443	788
1	7114	585697.190818609716	789
1	7125	586975.407928973481	790
1	7136	587650.357911642686	791
1	7141	587960.979200759948	792
1	7154	589278.213474992708	793
1	7161	590017.96740442519	794
1	7170	590719.640100840525	795
1	7177	591048.001741105736	796
1	7186	591860.510763432877	797
1	7195	592652.454709075438	798
1	7204	593657.7910100576	799
1	7213	594287.171118194284	800
1	7226	595290.575592219875	801
1	7233	595855.664417613343	802
1	7240	596391.959132440434	803
1	7249	596819.159891037317	804
1	7258	598044.425844680565	805
1	7269	598719.901415286632	806
1	7278	599245.094751706393	807
1	7289	600379.634360829415	808
1	7296	601125.440734997439	809
1	7305	601733.543945197063	810
1	7316	602559.957947814884	811
1	7323	603311.377858137759	812
1	7330	603644.169944291982	813
1	7339	604734.501199610578	814

