version 2
run Pipelined_3Teachers-50-20190105-10:57:29-16828
attr configname Pipelined_3Teachers
attr datetime 20190105-10:57:29
attr experiment Pipelined_3Teachers
attr inifile ../simulations/omnetpp.ini
attr iterationvars "$0=\"uniform\""
attr iterationvarsf uniform-
attr measurement "$0=\"uniform\""
attr network PipelinedExamSession
attr processid 16828
attr repetition 50
attr replication #50
attr resultdir results
attr runnumber 50
attr seedset 50
param **.teachersNumber 3
param **.answerTimeDistribution "\"uniform\""
param **.minUniform 300
param **.maxUniform 900
param **.scaleLognormal 6.2854
param **.shapeLognormal 0.4724

vector 0 PipelinedExamSession examinationTime:vector ETV
attr source examFinished
vector 1 PipelinedExamSession studentID:vector ETV
attr source student
0	3165	260395.102474512547	2179.420007905
0	3174	261204.29082862103	2092.1841595788
0	3181	261552.243251586348	1660.8954502735
0	3192	262978.711010562271	2451.5489920042
0	3201	263631.793865980596	2230.9203611221
0	3212	264545.782194659129	2282.1151291486
0	3217	264919.245031708867	1923.4151632525
0	3228	265927.542556542919	2161.808543466
0	3239	266749.331119889409	2203.5489252303
0	3248	267647.629088955016	2267.9391535465
0	3255	268349.134176224486	2302.574833855
0	3266	269329.03157570401	2579.7004558146
0	3275	270153.032444324361	2505.4033553693
0	3284	270719.405876426043	2261.974916188
0	3289	271069.987933617102	1740.9563579131
0	3298	271713.630439946445	1560.5979956221
0	3309	272959.809071151557	2240.4031947255
0	3320	273843.623081222194	2232.9308975022
0	3327	274358.407979691419	2019.502435578
0	3334	274831.923162471521	1606.3467838336
0	3343	275609.205642901378	1765.5825616792
0	3352	276217.821418773401	1585.621188255
0	3363	277151.962835015746	1828.3425556496
0	3374	278056.749068386869	1917.88738654
0	3381	278807.526805484684	2251.7291489057
0	3388	279555.76923312621	2178.452960914
0	3397	279959.509106213244	1902.7600378264
0	3408	280769.451690232398	1938.347996911
0	3417	281281.605312461051	1626.1871150695
0	3428	282177.542336192	1931.0495230369
0	3433	282649.32345561685	1785.6344038155
0	3442	283545.972904376704	2203.6718053278
0	3455	284444.18108020911	2266.6387440171
0	3460	285150.725342798997	2134.7281271126
0	3471	286064.516143128295	2187.7470455132
0	3480	286550.213116966207	2106.0320367571
0	3491	287440.813769912367	2125.9215133265
0	3498	287891.536387195831	1723.1575693935
0	3507	288665.439746528884	2075.8101456799
0	3514	289242.512697866207	1801.6989279538
0	3525	289989.026342192685	1901.0670108721
0	3532	290621.883501950672	1804.4823467731
0	3541	291327.141878614223	1774.8482027091
0	3554	292518.375706253594	2239.9397043977
0	3559	292940.448443871012	1889.5762758795
0	3570	293913.824170315659	2281.7979435436
0	3577	294294.596543395913	1776.2208371423
0	3586	295340.687257424018	2131.9178618956
0	3595	295720.454911189175	1612.5053571537
0	3604	296377.744700107745	1407.5848256238
0	3617	297333.38281097824	1839.0006946865
0	3622	297862.606854178033	1794.7019211017
0	3631	298592.729149013779	1979.2441472411
0	3640	299064.03961814942	1730.6568071712
0	3651	300536.79827344606	2411.3833371084
0	3662	301135.351927019677	2151.6835810617
0	3671	302024.924820615	2303.3515712712
0	3676	302343.875951645917	1733.3980405703
0	3689	303649.220953881762	2513.8690268621
0	3694	303952.462550858057	1927.5377302431
0	3707	305217.87914838644	2330.55636473
0	3714	305911.666095117128	2262.4451412354
0	3723	306602.306215837619	2167.3234739341
0	3732	307275.6552082021	2057.7760598157
0	3741	308452.076887199676	2465.6915429514
0	3748	308963.351352559424	2157.7838512603
0	3757	309720.891531324035	2072.0847092103
0	3766	310433.429780043683	1949.8600187246
0	3777	310978.64720723594	1758.5872571915
0	3784	311985.376129997916	1891.7501119897
0	3793	312381.19958303871	1891.7353419587
0	3802	312824.148384947352	1583.3614010364
0	3811	313525.090956408554	1504.7215465922
0	3822	314841.197748575383	2127.0474469755
0	3831	315501.408319640928	2105.0296664704
0	3840	316211.299721337878	1999.5254421607
0	3847	317012.917492305883	2096.8480354641
0	3856	317848.93532590943	2217.2657291405
0	3869	318998.481105035195	2593.5676423833
0	3876	319344.888354744786	2094.2798443604
0	3883	320014.754271693552	1904.6149275731
0	3892	320675.18833293582	1676.7072279006
0	3901	321551.806862326363	2149.0613340866
0	3910	322187.927943002457	2090.7826335635
0	3919	322763.238811539511	1869.0366157796
0	3928	323405.930912727515	1622.2429767251
0	3937	324200.482761254559	1793.2877188548
0	3946	325105.976425716678	1830.5644650478
0	3957	326234.082477120706	2490.5754148029
0	3966	327119.444191362733	2495.8501678426
0	3975	327868.022953905189	2442.9891397711
0	3986	328676.477216742957	2368.8682731707
0	3993	329189.293991262117	1994.8457867838
0	4000	329501.145140267932	1483.664611727
0	4013	330884.795483574296	2208.3182668313
0	4020	331624.226387590195	2176.9348099362
0	4031	332633.690666081409	2534.2828691471
0	4038	333249.095210060502	2364.2997264862
0	4045	333700.801979424457	1935.5512118898
0	4056	334873.370021441976	2239.6793553606
0	4063	335249.21189853924	1716.2900549825
0	4074	336348.855374660368	2218.7114374246
0	4083	337151.764613902221	2157.5834264047
0	4092	338374.775167414943	2481.8294350058
0	4101	339198.407257022361	2533.2053161226
0	4110	339839.508586004402	2287.193201948
0	4117	340613.581967353847	2190.0053822435
0	4130	341369.382800068732	2087.6821499784
0	4135	342069.123617140602	1959.6938554198
0	4148	342945.594345359157	2226.9840194844
0	4157	343836.696096556287	2467.3132964876
0	4162	344493.567528203156	2246.9685785472
0	4173	345256.489723362054	2310.8953780029
0	4180	345559.360082773517	1722.6639862172
0	4191	346906.494480790596	2260.7560018077
0	4200	347525.294663244884	1986.5469161421
0	4207	347832.771370885919	1796.191771701
0	4220	349240.034205978763	2304.5393470209
0	4225	349703.895151941132	2015.7850768883
0	4238	350564.544059755308	2095.7037845626
0	4245	351174.015519535196	1933.9813135564
0	4254	351920.727151259808	2018.976183515
0	4261	352602.393135800986	2037.8490760457
0	4274	353549.281294830171	2093.9931983594
0	4281	354204.435135936392	1863.8174012303
0	4292	355095.789019111571	2253.0479410663
0	4301	355844.917948264656	2295.6366534345
0	4310	356712.807717500282	2494.913319312
0	4319	357520.731904730228	2424.9428856187
0	4326	357925.494792731506	2080.5768444669
0	4333	358449.73656479272	1736.9288472924
0	4344	359606.781402882215	2086.049498152
0	4351	360200.767118576941	2072.9582504835
0	4362	361230.723820254233	2308.6331237108
0	4371	362301.381035707917	2488.2755680941
0	4378	362862.028573360319	2155.6936031207
0	4387	363384.653379488762	1893.0478664115
0	4400	364250.710643967639	1932.085481286
0	4407	364752.441579429458	1682.7481521294
0	4418	365949.268523789968	2251.1485041585
0	4423	366392.255891533594	2141.545247566
0	4432	366896.139077469732	1776.7115632072
0	4445	368045.969867287229	2096.7013434973
0	4452	368674.906814703743	1825.842407858
0	4463	369465.362277673582	1905.8642939664
0	4468	369863.823587168033	1817.8537198808
0	4477	370625.832050666237	1930.712771276
0	4486	371253.697238769406	1788.3349610958
0	4495	371768.171300785641	1630.2713981364
0	4504	372479.103124374549	1490.5801777728
0	4513	373291.848104400585	1842.392805079
0	4526	374223.263639258246	2036.2970993388
0	4531	374569.216277450348	1857.8244277742
0	4540	375002.811751607831	1480.7398298755
0	4549	376015.022253245141	1791.7586139869
0	4560	376879.339514253687	1981.4753166866
0	4569	377583.068058639791	1892.1911681537
0	4576	377974.412233941284	1591.2672820967
0	4589	379030.185726145309	2067.7815942094
0	4598	379745.350291114327	2139.9325580802
0	4605	380543.214660929543	2313.4443981573
0	4616	381312.929653935161	2282.7439277899
0	4623	381719.834951916736	1974.4846608024
0	4634	382964.579193759737	2349.5680605993
0	4643	383701.88270313668	2388.9530492015
0	4648	384332.262208079947	2240.0466285646
0	4657	385173.342156736208	2208.7629629765
0	4668	386064.970071427551	2363.0873682909
0	4675	386526.014609774602	1978.4657739568
0	4684	387164.641543803764	1748.1054535601
0	4693	388092.870605550734	1957.4948589318
0	4706	389227.613756479723	2472.8560223244
0	4711	389757.249276805697	2148.1974442955
0	4720	390205.090215615956	1795.8044509403
0	4731	391354.608338233111	2126.9945817534
0	4740	392244.157533533899	2343.1713959668
0	4747	392814.411115273861	2085.974050127
0	4758	393767.276845732732	2228.4974450245
0	4761	394122.990785306348	1714.641682338
0	4774	395142.178524937509	1837.3243697919
0	4787	395858.493877574829	1732.001332473
0	4796	396293.265416286913	1280.0154981203
0	4805	397115.724997362149	1703.9773503318
0	4812	397593.588516209302	1735.0946386345
0	4819	398478.59120252545	2185.3257862385
0	4828	398973.580653592972	1857.8556562308
0	4837	399750.466904556406	1982.6844626572
0	4850	400686.911757057561	2048.1054914184
0	4857	401378.571046516328	1868.8275713939
0	4864	401875.479755736916	1771.2098737713
0	4877	403002.70820762965	2315.7964505721
0	4886	403657.605058467045	2139.695455553
0	4893	404321.179201081425	1934.0934637003
0	4904	405320.129442214995	2317.4212345853
0	4909	406073.843378014892	2416.2383195478
0	4920	406586.271261284158	2104.053721251
0	4927	407065.565699106113	1745.4362568911
0	4938	408026.32632823664	1949.3409597315
0	4949	408474.413268500969	1796.2751242798
0	4954	408928.641891572654	1665.1533102617
0	4963	409401.834461884603	1335.9580355231
0	4976	410522.126928577229	2047.7136600763
0	4983	411187.006987212255	2162.0634937193
0	4994	412012.98776124607	2306.2602248043
0	4999	412391.448836401134	1869.3219078239
0	5010	413435.950835142314	2238.1330030505
0	5021	414169.917751243367	2156.9299899973
0	5026	414512.447051703959	1831.5249438398
0	5039	415906.23320415619	2397.9278270155
0	5044	416319.78101581338	2149.86326457
0	5055	417170.221639098629	2134.3265480362
0	5064	417858.547826204478	1952.3146220483
0	5075	418862.886139797078	2084.7999873105
0	5082	419640.482453489707	2273.011916969
0	5093	420489.132882747831	2257.7945760917
0	5102	421380.931705981525	2518.0455661844
0	5111	422057.515358878332	2329.2755632661
0	5116	422408.732111798632	1919.5992290508
0	5127	423352.027902239966	1971.0961962584
0	5136	424390.481379954177	2332.9660210758
0	5147	425528.456884017246	2651.8137325533
0	5156	426332.178983604567	2555.7458859868
0	5161	426902.482143742995	2258.4316155408
0	5170	427319.596544466944	1791.1396604497
0	5179	428423.503473680498	2091.3244900759
0	5190	429268.132002744855	2075.1864447724
0	5197	429697.427999647366	1768.7182792928
0	5202	430058.730667037922	1351.9603226334
0	5217	431202.972070919382	1813.2431639358
0	5224	431748.864439828354	1662.1697350871
0	5233	432392.425200110334	1788.9151532203
0	5244	433380.511951446566	2015.4329690617
0	5255	434633.018342591855	2425.5372229032
0	5264	435451.166692050207	2447.8926957585
0	5271	436127.943947631899	2257.2819391731
0	5282	437148.097669472951	2515.0793268811
0	5287	437797.896280372548	2346.7295883223
0	5296	438374.522034963626	2107.6377871446
0	5307	439108.031603135201	1959.9339336622
0	5314	439572.619877290013	1628.890440613
0	5327	440468.660742463577	1949.865177786
0	5332	441124.929068656671	1909.0948384255
0	5341	441723.394769383628	1815.097459266
0	5354	442815.134271187741	2346.4735287242
0	5363	443485.347922984544	2154.2938264087
0	5372	444307.571651274372	2225.5827683955
0	5379	444846.766578918357	2031.6323077306
0	5386	445224.574138736386	1739.2262157518
0	5395	445917.81702479351	1610.2453735191
0	5404	446515.317707648535	1352.559479652
0	5417	447361.250453442369	1647.5528949872
0	5426	448252.194931497831	1968.6765562277
0	5435	449042.027701623772	2089.7882740013
0	5440	449624.57667421553	2263.3262207732
0	5451	450223.875872232054	1971.6809407342
0	5462	451044.460002193262	2002.4323005695
0	5471	451755.098184663837	2092.3710343894
0	5476	452126.222978672047	1841.6429390665
0	5487	453247.222297824954	2202.7622956317
0	5496	454104.586660489475	2349.4884758256
0	5505	454945.949008595233	2490.11056046
0	5514	455595.958838425611	2299.1235081106
0	5525	456641.652927221765	2520.7378927153
0	5534	457438.984890421887	2474.149016384
0	5539	457763.594606844743	2006.1427534092
0	5550	458721.566842217033	2079.9139149953
0	5557	459187.678568763693	1748.6936783418
0	5566	459575.442174682427	1518.4233390726
0	5577	460538.750558299978	1581.9575338159
0	5586	460935.45128423724	1656.9134665187
0	5593	461436.841972963919	1556.7625544965
0	5604	462635.664701275562	2081.1336906161
0	5613	463567.343547614326	2221.9802211039
0	5620	463960.526949819212	1796.0642552935
0	5629	464820.43219590563	1863.2447771262
0	5638	465463.741356460411	1827.2032942157
0	5647	466388.680830784176	1989.4531174097
0	5660	467273.441913211753	2159.646034101
0	5669	468030.993194785004	2075.5691362079
0	5678	468694.835392897984	2117.2991094645
0	5687	469435.748399840703	2162.306486629
0	5696	470217.726720543613	2186.7335257586
0	5705	470968.749858951231	2273.9144660532
0	5712	471494.526626961341	2058.7782271206
0	5723	472292.09721568044	2074.3704951368
0	5732	472868.604104686563	1899.8542457353
0	5737	473514.114814857056	1909.4248416368
0	5746	474033.735601371188	1741.6383856907
0	5755	474878.462996799534	2009.858892113
0	5766	475380.900774383952	1658.5843948647
0	5773	475978.420888586004	1400.0853384845
0	5782	476621.3932948653	1581.9647838827
0	5793	477617.439949885045	2185.9717828687
0	5800	477981.575867207755	1669.6241539903
0	5809	478413.413050677661	1466.4817670826
0	5822	479896.009679278394	2223.5427349806
0	5831	480631.462732097169	2459.3246709555
0	5840	481357.538757612964	2327.2233107127
0	5849	481920.788672659581	2024.7789933812
0	5854	482340.341921104153	1708.879189007
0	5863	482765.207216190209	1407.6684585772
0	5876	483649.799243593624	1729.010570934
0	5885	484111.002964060789	1493.8786254264
0	5894	484959.371591359412	1795.4474194441
0	5899	485281.036196323147	1631.2369527295
0	5910	486424.751584231889	2313.7486201711
0	5917	487138.241990888527	2178.8703995291
0	5926	487699.103390425479	1937.3422182631
0	5937	488644.060010416469	2073.1616689358
0	5946	489150.77307047326	1869.5366344415
0	5953	489973.099569138176	1920.8211215213
0	5966	491108.724035276136	2429.9260742962
0	5973	491899.019873281977	2508.457080368
0	5982	492512.752107298038	2226.1624011677
0	5989	493113.159225555173	2004.435190279
0	5998	494034.840626595578	2082.3839393444
0	6007	494897.294280817769	2290.6693500001
0	6016	495518.024340318552	2020.1746311039
0	6025	496033.152598980851	1707.0241921116
0	6038	497117.760630743614	2066.4961902425
0	6045	497509.182736091352	1631.3895107713
0	6054	498157.942722039334	1841.1359522492
0	6061	498462.146755261384	1344.3861245178
0	6074	499890.535267582199	2368.5215516947
0	6081	500653.194446442685	2255.9931199998
0	6092	501343.318935809693	2233.2319925074
0	6099	501869.43169450391	1978.8964269217
0	6108	502692.261111270673	1942.9664914962
0	6115	503185.368049051649	1842.049113242
0	6126	504310.987977962978	2290.1568969246
0	6137	505189.299128204621	2349.013053719
0	6142	505586.111224070228	1867.0268727466
0	6155	506529.508924344592	2158.5379822645
0	6162	507294.027613895051	2104.7284856904
0	6169	507886.780505301468	2014.2644737847
0	6182	508973.444044869431	2443.9351205248
0	6189	509733.915523253419	2419.4449725095
0	6198	510476.22027872134	2338.7331518345
0	6205	510918.360363459252	1944.9163185898
0	6214	511835.280701983758	2064.3427378032
0	6223	512603.947523469143	2062.1390871238
0	6236	513586.911253491455	2177.1172103472
0	6241	514261.228935280853	1967.3443197738
0	6250	514853.380071697795	2067.4810360651
0	6259	515373.134052800053	1786.2227993086
0	6270	516333.946831617543	1998.2589259744
0	6277	516656.819635117465	1641.1162544042
0	6290	518002.694598259442	2216.6626069229
0	6295	518431.535984622352	1941.3391082548
0	6308	519200.115999486335	1971.5950677171
0	6317	519963.573563005813	1960.8789647464
0	6322	520392.766946274825	1872.9009371717
0	6335	521511.081621469968	2310.9656219836
0	6342	522144.49494271543	2180.9213797096
0	6349	522722.170435963237	1914.3147640396
0	6362	524042.468437459358	2531.3868159894
0	6367	524386.948564695233	2117.2412194312
0	6380	525595.724439108783	2451.5788240358
0	6387	526393.855288345406	2351.386850886
0	6396	526883.912204252595	1995.0923420023
0	6407	527873.834578553254	2278.1101394445
0	6416	528558.621172606984	2135.3522487916
0	6425	529177.526124939361	2142.8916342091
0	6432	529886.72417490747	2012.8895963542
0	6441	530369.955745898226	1811.3345732912
0	6452	531308.45615537841	2130.930030439
0	6459	532052.157227508762	2113.9932400547
0	6468	532871.925975708329	2263.9861544128
0	6477	533449.669299367853	2141.2131439894
0	6488	534326.886960072481	2223.3628932852
0	6497	534953.121777344533	2036.2951761112
0	6504	535553.526696329974	1952.6670010295
0	6515	536406.286528660022	2079.3995685875
0	6522	537276.770780934058	2323.6490035895
0	6533	537996.859359042756	2293.259077007
0	6542	538809.063315019049	2402.776786359
0	6551	539649.125563865565	2349.7984967194
0	6560	540273.936929740049	2277.0775706973
0	6567	541022.395855933465	2213.3325409144
0	6574	541395.776999462433	1746.6514355969
0	6583	542155.97170377154	1882.0347740315
0	6594	543300.628504157105	2193.1860775687
0	6603	543980.916703864971	2075.5582176615
0	6612	544972.703637834676	2278.3221644349
0	6621	545550.791210588105	2145.4521406442
0	6628	545992.832162138112	1745.7614202518
0	6641	547285.040511935988	2275.0508524943
0	6648	547957.516820915082	2155.3661501035
0	6657	548631.626472668761	2113.4859271813
0	6668	549571.628964878658	2286.5884529427
0	6677	550352.829948021138	2299.0982875228
0	6686	551159.036814887116	2318.5815528966
0	6693	551765.018619596998	2193.3896547183
0	6702	552450.3464430571	2097.516495036
0	6709	553075.020708795677	1915.9838939086
0	6718	553499.832572462077	1587.3530554119
0	6731	554626.385863730724	1861.1027729698
0	6738	555221.456781495403	2023.3481192496
0	6747	556060.699834115844	2126.9184253179
0	6756	556819.170505832922	2192.7846421022
0	6765	557564.560487167951	2047.9248607066
0	6774	558342.964065028395	2236.3212978467
0	6783	558836.985506862443	1874.2456148844
0	6790	559522.517719538923	1661.8494248483
0	6803	560614.651110442396	2202.0186435431
0	6808	560965.620742924552	2032.1966660209
0	6817	561834.999099606689	2097.9269756936
0	6828	562530.684742005584	1916.0336315632
0	6839	563358.630323968869	2037.7063681372
0	6848	564189.527768874582	1997.8608828038
0	6857	565051.597128901672	2381.6876489203
0	6862	565572.461894480553	2213.8315705117
0	6871	566213.646136410576	2024.118367536
0	6882	567530.749093042728	2479.1519641411
0	6889	568403.98107734513	2490.2836568188
0	6898	568894.283911446151	2135.0666139275
0	6907	569725.876240152907	2078.1662849709
0	6918	570854.102143412497	2354.6742823441
0	6927	571621.772319031921	2327.8483901639
0	6934	572407.880502753001	2221.0324519314
0	6943	573118.251101486427	2050.8307691664
0	6952	574092.707149079111	2191.8900304008
0	6963	574609.183472860646	1858.1091397908
0	6970	575041.349151497748	1603.1622730661
0	6981	575822.649363940623	1666.5504971053
0	6988	576456.586958980229	1729.0835383348
0	7001	577097.008636733559	1650.3434755839
0	7010	577823.727668495891	1984.2444482725
0	7017	578669.547249237118	2084.4169981778
0	7026	579340.597493201536	2243.588856468
0	7033	579751.425462216181	1927.6977937203
0	7044	580552.765332860914	1858.6287563201
0	7053	581647.679222328631	2194.2854769062
0	7064	582518.555197957946	2390.733346995
0	7073	583231.94626704794	2330.4505073
0	7080	583783.803525287701	2072.1309126355
0	7089	584667.782772285907	2149.227574328
0	7100	585338.159422203942	2106.213155156
0	7107	585953.353336360349	1915.7066135667
0	7114	586335.814032470851	1455.6253056508
0	7123	587452.911416441246	2114.7519942373
0	7134	588353.423058427914	2356.7040392663
0	7141	588941.751846252053	2088.9994491823
0	7150	589737.812204891859	2026.1953673791
0	7159	590555.010170862123	1961.0842666123
0	7168	591231.622907146856	1772.4921044894
0	7181	592031.210656184749	1756.9986204151
0	7190	592725.101979961665	1838.9339530841
0	7195	593285.756530612753	1948.1780720875
0	7204	593809.510836470918	1778.3001802862
0	7213	594522.842974076093	1797.7409941144
0	7224	595721.172498213173	2102.1670480259
0	7233	596632.563879434066	2253.1204769388
0	7244	597407.480621198239	2347.689512372
0	7253	597949.833320500376	2036.7964611389
0	7260	598490.819171257364	1815.5070145614
0	7267	599150.566220982047	1743.0855997838
0	7278	599996.176549466373	2046.343228966
0	7285	600389.329083217354	1689.5934575703
0	7296	601354.614152759361	2012.8837306984
0	7307	602410.772033315199	2327.0922736265
0	7312	602843.203225778463	2160.6000097934
0	7325	603673.455851292285	2126.547416579
0	7330	604146.842846274423	1736.0708129592
1	3165	260395.102474512547	350
1	3174	261204.29082862103	351
1	3181	261552.243251586348	352
1	3192	262978.711010562271	353
1	3201	263631.793865980596	354
1	3212	264545.782194659129	355
1	3217	264919.245031708867	356
1	3228	265927.542556542919	357
1	3239	266749.331119889409	358
1	3248	267647.629088955016	359
1	3255	268349.134176224486	360
1	3266	269329.03157570401	361
1	3275	270153.032444324361	362
1	3284	270719.405876426043	363
1	3289	271069.987933617102	364
1	3298	271713.630439946445	365
1	3309	272959.809071151557	366
1	3320	273843.623081222194	367
1	3327	274358.407979691419	368
1	3334	274831.923162471521	369
1	3343	275609.205642901378	370
1	3352	276217.821418773401	371
1	3363	277151.962835015746	372
1	3374	278056.749068386869	373
1	3381	278807.526805484684	374
1	3388	279555.76923312621	375
1	3397	279959.509106213244	376
1	3408	280769.451690232398	377
1	3417	281281.605312461051	378
1	3428	282177.542336192	379
1	3433	282649.32345561685	380
1	3442	283545.972904376704	381
1	3455	284444.18108020911	382
1	3460	285150.725342798997	383
1	3471	286064.516143128295	384
1	3480	286550.213116966207	385
1	3491	287440.813769912367	386
1	3498	287891.536387195831	387
1	3507	288665.439746528884	388
1	3514	289242.512697866207	389
1	3525	289989.026342192685	390
1	3532	290621.883501950672	391
1	3541	291327.141878614223	392
1	3554	292518.375706253594	393
1	3559	292940.448443871012	394
1	3570	293913.824170315659	395
1	3577	294294.596543395913	396
1	3586	295340.687257424018	397
1	3595	295720.454911189175	398
1	3604	296377.744700107745	399
1	3617	297333.38281097824	400
1	3622	297862.606854178033	401
1	3631	298592.729149013779	402
1	3640	299064.03961814942	403
1	3651	300536.79827344606	404
1	3662	301135.351927019677	405
1	3671	302024.924820615	406
1	3676	302343.875951645917	407
1	3689	303649.220953881762	408
1	3694	303952.462550858057	409
1	3707	305217.87914838644	410
1	3714	305911.666095117128	411
1	3723	306602.306215837619	412
1	3732	307275.6552082021	413
1	3741	308452.076887199676	414
1	3748	308963.351352559424	415
1	3757	309720.891531324035	416
1	3766	310433.429780043683	417
1	3777	310978.64720723594	418
1	3784	311985.376129997916	419
1	3793	312381.19958303871	420
1	3802	312824.148384947352	421
1	3811	313525.090956408554	422
1	3822	314841.197748575383	423
1	3831	315501.408319640928	424
1	3840	316211.299721337878	425
1	3847	317012.917492305883	426
1	3856	317848.93532590943	427
1	3869	318998.481105035195	428
1	3876	319344.888354744786	429
1	3883	320014.754271693552	430
1	3892	320675.18833293582	431
1	3901	321551.806862326363	432
1	3910	322187.927943002457	433
1	3919	322763.238811539511	434
1	3928	323405.930912727515	435
1	3937	324200.482761254559	436
1	3946	325105.976425716678	437
1	3957	326234.082477120706	438
1	3966	327119.444191362733	439
1	3975	327868.022953905189	440
1	3986	328676.477216742957	441
1	3993	329189.293991262117	442
1	4000	329501.145140267932	443
1	4013	330884.795483574296	444
1	4020	331624.226387590195	445
1	4031	332633.690666081409	446
1	4038	333249.095210060502	447
1	4045	333700.801979424457	448
1	4056	334873.370021441976	449
1	4063	335249.21189853924	450
1	4074	336348.855374660368	451
1	4083	337151.764613902221	452
1	4092	338374.775167414943	453
1	4101	339198.407257022361	454
1	4110	339839.508586004402	455
1	4117	340613.581967353847	456
1	4130	341369.382800068732	457
1	4135	342069.123617140602	458
1	4148	342945.594345359157	459
1	4157	343836.696096556287	460
1	4162	344493.567528203156	461
1	4173	345256.489723362054	462
1	4180	345559.360082773517	463
1	4191	346906.494480790596	464
1	4200	347525.294663244884	465
1	4207	347832.771370885919	466
1	4220	349240.034205978763	467
1	4225	349703.895151941132	468
1	4238	350564.544059755308	469
1	4245	351174.015519535196	470
1	4254	351920.727151259808	471
1	4261	352602.393135800986	472
1	4274	353549.281294830171	473
1	4281	354204.435135936392	474
1	4292	355095.789019111571	475
1	4301	355844.917948264656	476
1	4310	356712.807717500282	477
1	4319	357520.731904730228	478
1	4326	357925.494792731506	479
1	4333	358449.73656479272	480
1	4344	359606.781402882215	481
1	4351	360200.767118576941	482
1	4362	361230.723820254233	483
1	4371	362301.381035707917	484
1	4378	362862.028573360319	485
1	4387	363384.653379488762	486
1	4400	364250.710643967639	487
1	4407	364752.441579429458	488
1	4418	365949.268523789968	489
1	4423	366392.255891533594	490
1	4432	366896.139077469732	491
1	4445	368045.969867287229	492
1	4452	368674.906814703743	493
1	4463	369465.362277673582	494
1	4468	369863.823587168033	495
1	4477	370625.832050666237	496
1	4486	371253.697238769406	497
1	4495	371768.171300785641	498
1	4504	372479.103124374549	499
1	4513	373291.848104400585	500
1	4526	374223.263639258246	501
1	4531	374569.216277450348	502
1	4540	375002.811751607831	503
1	4549	376015.022253245141	504
1	4560	376879.339514253687	505
1	4569	377583.068058639791	506
1	4576	377974.412233941284	507
1	4589	379030.185726145309	508
1	4598	379745.350291114327	509
1	4605	380543.214660929543	510
1	4616	381312.929653935161	511
1	4623	381719.834951916736	512
1	4634	382964.579193759737	513
1	4643	383701.88270313668	514
1	4648	384332.262208079947	515
1	4657	385173.342156736208	516
1	4668	386064.970071427551	517
1	4675	386526.014609774602	518
1	4684	387164.641543803764	519
1	4693	388092.870605550734	520
1	4706	389227.613756479723	521
1	4711	389757.249276805697	522
1	4720	390205.090215615956	523
1	4731	391354.608338233111	524
1	4740	392244.157533533899	525
1	4747	392814.411115273861	526
1	4758	393767.276845732732	527
1	4761	394122.990785306348	528
1	4774	395142.178524937509	529
1	4787	395858.493877574829	530
1	4796	396293.265416286913	531
1	4805	397115.724997362149	532
1	4812	397593.588516209302	533
1	4819	398478.59120252545	534
1	4828	398973.580653592972	535
1	4837	399750.466904556406	536
1	4850	400686.911757057561	537
1	4857	401378.571046516328	538
1	4864	401875.479755736916	539
1	4877	403002.70820762965	540
1	4886	403657.605058467045	541
1	4893	404321.179201081425	542
1	4904	405320.129442214995	543
1	4909	406073.843378014892	544
1	4920	406586.271261284158	545
1	4927	407065.565699106113	546
1	4938	408026.32632823664	547
1	4949	408474.413268500969	548
1	4954	408928.641891572654	549
1	4963	409401.834461884603	550
1	4976	410522.126928577229	551
1	4983	411187.006987212255	552
1	4994	412012.98776124607	553
1	4999	412391.448836401134	554
1	5010	413435.950835142314	555
1	5021	414169.917751243367	556
1	5026	414512.447051703959	557
1	5039	415906.23320415619	558
1	5044	416319.78101581338	559
1	5055	417170.221639098629	560
1	5064	417858.547826204478	561
1	5075	418862.886139797078	562
1	5082	419640.482453489707	563
1	5093	420489.132882747831	564
1	5102	421380.931705981525	565
1	5111	422057.515358878332	566
1	5116	422408.732111798632	567
1	5127	423352.027902239966	568
1	5136	424390.481379954177	569
1	5147	425528.456884017246	570
1	5156	426332.178983604567	571
1	5161	426902.482143742995	572
1	5170	427319.596544466944	573
1	5179	428423.503473680498	574
1	5190	429268.132002744855	575
1	5197	429697.427999647366	576
1	5202	430058.730667037922	577
1	5217	431202.972070919382	578
1	5224	431748.864439828354	579
1	5233	432392.425200110334	580
1	5244	433380.511951446566	581
1	5255	434633.018342591855	582
1	5264	435451.166692050207	583
1	5271	436127.943947631899	584
1	5282	437148.097669472951	585
1	5287	437797.896280372548	586
1	5296	438374.522034963626	587
1	5307	439108.031603135201	588
1	5314	439572.619877290013	589
1	5327	440468.660742463577	590
1	5332	441124.929068656671	591
1	5341	441723.394769383628	592
1	5354	442815.134271187741	593
1	5363	443485.347922984544	594
1	5372	444307.571651274372	595
1	5379	444846.766578918357	596
1	5386	445224.574138736386	597
1	5395	445917.81702479351	598
1	5404	446515.317707648535	599
1	5417	447361.250453442369	600
1	5426	448252.194931497831	601
1	5435	449042.027701623772	602
1	5440	449624.57667421553	603
1	5451	450223.875872232054	604
1	5462	451044.460002193262	605
1	5471	451755.098184663837	606
1	5476	452126.222978672047	607
1	5487	453247.222297824954	608
1	5496	454104.586660489475	609
1	5505	454945.949008595233	610
1	5514	455595.958838425611	611
1	5525	456641.652927221765	612
1	5534	457438.984890421887	613
1	5539	457763.594606844743	614
1	5550	458721.566842217033	615
1	5557	459187.678568763693	616
1	5566	459575.442174682427	617
1	5577	460538.750558299978	618
1	5586	460935.45128423724	619
1	5593	461436.841972963919	620
1	5604	462635.664701275562	621
1	5613	463567.343547614326	622
1	5620	463960.526949819212	623
1	5629	464820.43219590563	624
1	5638	465463.741356460411	625
1	5647	466388.680830784176	626
1	5660	467273.441913211753	627
1	5669	468030.993194785004	628
1	5678	468694.835392897984	629
1	5687	469435.748399840703	630
1	5696	470217.726720543613	631
1	5705	470968.749858951231	632
1	5712	471494.526626961341	633
1	5723	472292.09721568044	634
1	5732	472868.604104686563	635
1	5737	473514.114814857056	636
1	5746	474033.735601371188	637
1	5755	474878.462996799534	638
1	5766	475380.900774383952	639
1	5773	475978.420888586004	640
1	5782	476621.3932948653	641
1	5793	477617.439949885045	642
1	5800	477981.575867207755	643
1	5809	478413.413050677661	644
1	5822	479896.009679278394	645
1	5831	480631.462732097169	646
1	5840	481357.538757612964	647
1	5849	481920.788672659581	648
1	5854	482340.341921104153	649
1	5863	482765.207216190209	650
1	5876	483649.799243593624	651
1	5885	484111.002964060789	652
1	5894	484959.371591359412	653
1	5899	485281.036196323147	654
1	5910	486424.751584231889	655
1	5917	487138.241990888527	656
1	5926	487699.103390425479	657
1	5937	488644.060010416469	658
1	5946	489150.77307047326	659
1	5953	489973.099569138176	660
1	5966	491108.724035276136	661
1	5973	491899.019873281977	662
1	5982	492512.752107298038	663
1	5989	493113.159225555173	664
1	5998	494034.840626595578	665
1	6007	494897.294280817769	666
1	6016	495518.024340318552	667
1	6025	496033.152598980851	668
1	6038	497117.760630743614	669
1	6045	497509.182736091352	670
1	6054	498157.942722039334	671
1	6061	498462.146755261384	672
1	6074	499890.535267582199	673
1	6081	500653.194446442685	674
1	6092	501343.318935809693	675
1	6099	501869.43169450391	676
1	6108	502692.261111270673	677
1	6115	503185.368049051649	678
1	6126	504310.987977962978	679
1	6137	505189.299128204621	680
1	6142	505586.111224070228	681
1	6155	506529.508924344592	682
1	6162	507294.027613895051	683
1	6169	507886.780505301468	684
1	6182	508973.444044869431	685
1	6189	509733.915523253419	686
1	6198	510476.22027872134	687
1	6205	510918.360363459252	688
1	6214	511835.280701983758	689
1	6223	512603.947523469143	690
1	6236	513586.911253491455	691
1	6241	514261.228935280853	692
1	6250	514853.380071697795	693
1	6259	515373.134052800053	694
1	6270	516333.946831617543	695
1	6277	516656.819635117465	696
1	6290	518002.694598259442	697
1	6295	518431.535984622352	698
1	6308	519200.115999486335	699
1	6317	519963.573563005813	700
1	6322	520392.766946274825	701
1	6335	521511.081621469968	702
1	6342	522144.49494271543	703
1	6349	522722.170435963237	704
1	6362	524042.468437459358	705
1	6367	524386.948564695233	706
1	6380	525595.724439108783	707
1	6387	526393.855288345406	708
1	6396	526883.912204252595	709
1	6407	527873.834578553254	710
1	6416	528558.621172606984	711
1	6425	529177.526124939361	712
1	6432	529886.72417490747	713
1	6441	530369.955745898226	714
1	6452	531308.45615537841	715
1	6459	532052.157227508762	716
1	6468	532871.925975708329	717
1	6477	533449.669299367853	718
1	6488	534326.886960072481	719
1	6497	534953.121777344533	720
1	6504	535553.526696329974	721
1	6515	536406.286528660022	722
1	6522	537276.770780934058	723
1	6533	537996.859359042756	724
1	6542	538809.063315019049	725
1	6551	539649.125563865565	726
1	6560	540273.936929740049	727
1	6567	541022.395855933465	728
1	6574	541395.776999462433	729
1	6583	542155.97170377154	730
1	6594	543300.628504157105	731
1	6603	543980.916703864971	732
1	6612	544972.703637834676	733
1	6621	545550.791210588105	734
1	6628	545992.832162138112	735
1	6641	547285.040511935988	736
1	6648	547957.516820915082	737
1	6657	548631.626472668761	738
1	6668	549571.628964878658	739
1	6677	550352.829948021138	740
1	6686	551159.036814887116	741
1	6693	551765.018619596998	742
1	6702	552450.3464430571	743
1	6709	553075.020708795677	744
1	6718	553499.832572462077	745
1	6731	554626.385863730724	746
1	6738	555221.456781495403	747
1	6747	556060.699834115844	748
1	6756	556819.170505832922	749
1	6765	557564.560487167951	750
1	6774	558342.964065028395	751
1	6783	558836.985506862443	752
1	6790	559522.517719538923	753
1	6803	560614.651110442396	754
1	6808	560965.620742924552	755
1	6817	561834.999099606689	756
1	6828	562530.684742005584	757
1	6839	563358.630323968869	758
1	6848	564189.527768874582	759
1	6857	565051.597128901672	760
1	6862	565572.461894480553	761
1	6871	566213.646136410576	762
1	6882	567530.749093042728	763
1	6889	568403.98107734513	764
1	6898	568894.283911446151	765
1	6907	569725.876240152907	766
1	6918	570854.102143412497	767
1	6927	571621.772319031921	768
1	6934	572407.880502753001	769
1	6943	573118.251101486427	770
1	6952	574092.707149079111	771
1	6963	574609.183472860646	772
1	6970	575041.349151497748	773
1	6981	575822.649363940623	774
1	6988	576456.586958980229	775
1	7001	577097.008636733559	776
1	7010	577823.727668495891	777
1	7017	578669.547249237118	778
1	7026	579340.597493201536	779
1	7033	579751.425462216181	780
1	7044	580552.765332860914	781
1	7053	581647.679222328631	782
1	7064	582518.555197957946	783
1	7073	583231.94626704794	784
1	7080	583783.803525287701	785
1	7089	584667.782772285907	786
1	7100	585338.159422203942	787
1	7107	585953.353336360349	788
1	7114	586335.814032470851	789
1	7123	587452.911416441246	790
1	7134	588353.423058427914	791
1	7141	588941.751846252053	792
1	7150	589737.812204891859	793
1	7159	590555.010170862123	794
1	7168	591231.622907146856	795
1	7181	592031.210656184749	796
1	7190	592725.101979961665	797
1	7195	593285.756530612753	798
1	7204	593809.510836470918	799
1	7213	594522.842974076093	800
1	7224	595721.172498213173	801
1	7233	596632.563879434066	802
1	7244	597407.480621198239	803
1	7253	597949.833320500376	804
1	7260	598490.819171257364	805
1	7267	599150.566220982047	806
1	7278	599996.176549466373	807
1	7285	600389.329083217354	808
1	7296	601354.614152759361	809
1	7307	602410.772033315199	810
1	7312	602843.203225778463	811
1	7325	603673.455851292285	812
1	7330	604146.842846274423	813

