version 2
run Pipelined_3Teachers-6-20190105-10:57:19-22796
attr configname Pipelined_3Teachers
attr datetime 20190105-10:57:19
attr experiment Pipelined_3Teachers
attr inifile ../simulations/omnetpp.ini
attr iterationvars "$0=\"uniform\""
attr iterationvarsf uniform-
attr measurement "$0=\"uniform\""
attr network PipelinedExamSession
attr processid 22796
attr repetition 6
attr replication #6
attr resultdir results
attr runnumber 6
attr seedset 6
param **.teachersNumber 3
param **.answerTimeDistribution "\"uniform\""
param **.minUniform 300
param **.maxUniform 900
param **.scaleLognormal 6.2854
param **.shapeLognormal 0.4724

vector 0 PipelinedExamSession examinationTime:vector ETV
attr source examFinished
vector 1 PipelinedExamSession studentID:vector ETV
attr source student
0	3165	260555.166625930019	1996.0737284739
0	3174	261122.606621962063	1888.8423198368
0	3185	261992.227643402315	1909.6266409848
0	3194	262722.958978358678	2107.2692137677
0	3203	263617.58025842721	2351.2819291558
0	3208	264162.565652607031	2170.3380092047
0	3221	265224.147661635675	2501.188683277
0	3226	265766.506727831461	2148.9264694043
0	3235	266791.311192512536	2408.3481576294
0	3246	267437.610226543644	2213.462564908
0	3257	268505.197537830123	2468.3318513911
0	3262	268897.879851423228	1963.9561761171
0	3271	269551.64799196648	1937.2080459259
0	3282	270411.796203302243	1906.5986654721
0	3289	270929.433031054238	1631.25430285
0	3298	271537.122402247066	1532.3484603781
0	3307	272537.176992511401	2064.3411045894
0	3316	272956.392333749706	1621.8346714508
0	3325	273686.368580348814	1541.1720413715
0	3336	274527.673108410115	1782.8785674646
0	3343	274942.98878833654	1747.607198311
0	3352	275641.985401511217	1573.5006416682
0	3363	276507.577030593554	1786.7254463956
0	3374	277356.515651475663	2047.3860205617
0	3383	278075.391872087518	2212.0647340547
0	3390	278676.169832283655	2027.4295918643
0	3401	279602.834876021395	2246.3192245457
0	3408	280252.163987047995	2176.7721149605
0	3417	280933.636012813101	2157.7600522432
0	3428	281848.449897905836	2245.6150218844
0	3433	282204.465769836703	1848.250180576
0	3444	283358.167442819128	2305.0908749923
0	3455	284230.701784137661	2382.2518862318
0	3460	284637.888570176462	2062.6960429363
0	3469	285470.168253220643	2103.4970730543
0	3482	286259.593190392504	2028.8914062548
0	3487	286632.956626871625	1530.2099580411
0	3498	287510.000886814694	1968.5739092063
0	3505	288229.925234662394	1970.3320442699
0	3514	288783.988310443262	1918.8997639809
0	3523	289733.273392030994	2101.533118682
0	3536	291039.222175022612	2621.737678349
0	3545	291882.454295503	2617.0327150729
0	3550	292347.431338392223	2198.6782321706
0	3561	293449.623579578499	2410.4014045559
0	3570	294052.739297132964	2170.28500163
0	3581	294945.501905260633	2253.8216512185
0	3588	295774.080319656085	2242.9150155745
0	3595	296316.937057022031	2241.880691098
0	3606	297241.133528575327	2295.6316233147
0	3617	297855.452860565882	2040.9024133813
0	3622	298215.945729939293	1648.5893459525
0	3635	299361.516281822722	2047.8441829327
0	3644	300215.338087873559	2359.8852273077
0	3649	300890.148420212816	2331.5121321939
0	3662	301739.048565784495	2377.5322839618
0	3667	302255.862873187314	2040.5247853138
0	3676	302623.717771656837	1551.2949798256
0	3685	303553.477179352221	1814.4286135677
0	3696	304628.100976813612	2210.3141097352
0	3703	305008.802220225362	1832.3408677708
0	3714	305926.881609158618	1966.2245341111
0	3723	306849.775511166108	2068.2674452197
0	3732	307532.140855165226	2108.3951354027
0	3741	308183.312564576072	1981.6174111795
0	3750	309049.86679293218	2103.830949543
0	3757	309418.22674674916	1808.492527809
0	3770	310457.224056869772	2205.7562104426
0	3777	310858.929576957625	1761.0471446067
0	3786	311952.741106180501	2097.9485649616
0	3797	312685.309616010663	2228.0855591409
0	3802	313055.846635066	1825.7945654914
0	3811	313562.019532592995	1506.9385003299
0	3820	314769.47721764448	2084.1676016338
0	3829	315302.115002973032	1762.1995453723
0	3842	316541.41551107171	2348.2231969479
0	3847	316952.721612481428	1947.0713557675
0	3856	317531.876766728265	1830.1974487491
0	3867	318670.898677781252	2129.4831667095
0	3876	319360.017089825151	2141.7966121808
0	3887	320403.898692503599	2375.106592197
0	3892	320952.146191801903	2157.0481675677
0	3905	322080.537010263679	2408.9717751369
0	3914	322783.190007135299	2379.2913146317
0	3919	323132.292392989648	1922.148653632
0	3932	324102.484758524252	2021.9477482606
0	3939	324552.900719828932	1769.7107126936
0	3946	324917.762718535988	1415.2655230835
0	3955	325746.822178037865	1644.3374195136
0	3964	326354.52020424421	1617.4921872094
0	3977	327566.180124599515	2255.4807739332
0	3986	328446.928903693362	2278.310247045
0	3995	329338.52016488093	2485.015541967
0	4000	330046.645043464406	2480.4649188649
0	4011	330630.692538432805	2183.7636347394
0	4022	331375.153874605922	2036.633709725
0	4029	331767.696483666105	1579.7195922118
0	4036	332417.882466036854	1691.2840657867
0	4045	333240.591300325496	1865.4374257196
0	4050	333769.448191719158	1661.7489052936
0	4063	334812.674173945589	1909.1856954619
0	4076	335721.978420484839	1926.2458905112
0	4083	336524.889941699831	1992.0409287326
0	4094	337245.97441954541	2072.0579952467
0	4103	338063.48883770409	2341.5104172193
0	4110	338777.929183607949	2197.5858655293
0	4119	339471.731694135843	2225.7572745904
0	4130	340630.406866455479	2566.9180287514
0	4135	341192.196751339389	2337.709153723
0	4146	342193.359706923394	2446.3463083841
0	4155	342857.822440238698	2227.4155737832
0	4166	343956.345518119662	2570.9337675478
0	4175	344757.886479143082	2561.2631598953
0	4182	345331.386854639306	2270.8407379221
0	4191	346067.041473230376	2110.6959551107
0	4202	346893.706036498799	2135.8195573557
0	4211	347425.498935626849	2079.3479193002
0	4220	348258.453708048939	2089.0033263713
0	4227	348911.722912592843	2018.016876094
0	4234	349382.436260255083	1956.9373246282
0	4247	350476.246084738553	2217.7923766896
0	4252	350932.457404816553	2015.1936693583
0	4261	351294.932265440033	1585.1385354996
0	4270	352331.951146898821	1855.7050621603
0	4281	353233.562644477964	2257.0782833733
0	4292	354297.489858604998	2430.3290668409
0	4297	355001.240863557935	2319.0832001623
0	4308	355593.460095813528	2164.1008594539
0	4315	356064.310942171172	1766.8210835662
0	4324	356682.168500823931	1494.3290911149
0	4333	357384.438615711437	1736.1655075103
0	4344	358388.877647928925	2177.4242986925
0	4353	359357.358734495969	2352.0947385114
0	4360	359844.278595456885	1964.774612803
0	4369	360571.467374498056	2017.9595669266
0	4382	361628.157956991375	2188.8913214207
0	4389	362055.66507652405	1735.2719826624
0	4396	362545.329470001192	1553.1364885625
0	4405	363469.820371829004	1841.6624148376
0	4414	364037.246543448449	1522.6248564664
0	4423	364668.789425399185	1694.0051274374
0	4432	365604.698070231856	1912.3538373504
0	4443	366682.88443274799	2356.4848353155
0	4450	367014.1273364425	2024.3505754508
0	4461	368088.178556598753	2211.8178498466
0	4468	368566.584720416025	1851.5385631006
0	4477	369530.818283837318	2007.922983449
0	4486	370200.018444517657	1821.3532640599
0	4497	370791.700994689047	2038.8132747263
0	4506	371636.824783450022	2056.8901176564
0	4515	372304.409087682173	1943.3767912444
0	4524	373113.676222180978	2184.1325195041
0	4531	373533.100817073167	1759.2615254223
0	4542	374235.841660480977	1898.1078886427
0	4549	374917.648604465679	1795.3064294066
0	4560	375897.608943516418	2117.9342377
0	4567	376232.535685552314	1754.3810143601
0	4576	376971.35075298141	1750.137960026
0	4585	377931.38710143979	1956.0109455138
0	4594	378619.134359713673	1892.0149650425
0	4607	380089.257580088481	2489.391367184
0	4612	380481.289581209451	2110.7347109355
0	4621	381438.318163901597	2222.8632425889
0	4634	382476.683216728301	2387.4256366398
0	4643	383288.990275282444	2321.4435034432
0	4650	384076.278568105803	2346.8583420385
0	4659	384559.38402065079	2082.7008039225
0	4666	385099.934519408301	1810.9442441259
0	4677	386031.439983006599	1906.6737604793
0	4684	386654.59545501511	1707.2343653999
0	4693	387409.303583996402	1862.4544044491
0	4704	388243.358191475304	1834.4660994597
0	4711	388949.232705915379	1810.0642438978
0	4720	389584.696082957121	1726.21052186
0	4729	390339.831662876563	1828.4692387562
0	4740	391280.178614147039	2026.4697438106
0	4747	391731.843065237658	1764.1181590967
0	4760	392901.997723896088	2086.3553753123
0	4765	393383.016831055315	1988.5467829183
0	4774	394236.546978587317	2191.3325572852
0	4785	395147.220930084618	2245.2232061885
0	4794	395701.957027846979	1981.4336611424
0	4803	396227.149828663128	1714.2374125309
0	4810	396672.617299715089	1309.1645750217
0	4819	397522.699739271808	1746.0862815846
0	4830	398318.592790234867	1874.1217239294
0	4837	398816.393450461361	1744.7073777672
0	4846	400143.138540303368	2208.9516588952
0	4859	401199.286347208578	2418.7952895183
0	4868	401894.864208949763	2228.7629846949
0	4873	402298.266666149754	1838.6318655219
0	4882	402750.178441917557	1550.892094709
0	4891	403889.46891780946	1994.6047088597
0	4902	404646.302628982845	1939.6375923883
0	4909	405182.102301344309	1855.9322575573
0	4918	405916.860436135936	1738.1007182412
0	4929	406860.73310351934	2043.8217376359
0	4936	407435.20126040097	2064.834038727
0	4941	407759.475083509494	1614.1944679432
0	4954	408998.308704374393	1959.7073416226
0	4967	410038.268039468711	2198.4646220226
0	4974	410818.224050011521	2147.3429064732
0	4983	411632.88261336278	2102.2813172545
0	4992	412090.177624253592	2051.9095847849
0	4999	412932.10174371492	2007.6962258667
0	5008	413572.85017627295	1902.2406734526
0	5017	414582.115048309825	2159.2271774076
0	5028	415192.384917615019	2118.1571527384
0	5035	415950.841130828522	2052.9027583078
0	5044	416422.393346764185	1700.2741361037
0	5057	417413.770767487623	2013.3323625661
0	5064	418120.508154574819	2067.1835399698
0	5073	418730.107128666751	2152.0642495248
0	5082	419649.371640197971	2235.6008727103
0	5091	420558.789628604465	2327.6835895143
0	5102	421393.594599282407	2271.8169727363
0	5109	422157.747734757178	2454.4058140833
0	5116	422468.226637691297	1889.8147241212
0	5125	423445.450222631954	2051.8556233495
0	5136	424444.677423778959	2266.2580536213
0	5147	425291.024512611367	2359.9466113374
0	5152	425806.799335917495	2013.8727820013
0	5161	426263.056601677128	1800.2509539016
0	5170	426782.614535233043	1491.5900226217
0	5179	427357.419125502967	1309.1159081552
0	5190	428407.927024271377	1904.3786931317
0	5199	429129.183473624327	2107.0811698213
0	5206	429559.510868042745	1683.4416960832
0	5215	430441.224296065085	1708.1725622993
0	5226	431596.913230558896	2233.841584716
0	5235	432295.292806718537	2188.7009425554
0	5242	432701.12009346489	1853.304460505
0	5255	433919.888530578502	2211.9028916582
0	5262	434341.889771400057	1746.5179533698
0	5271	435309.243006538637	2164.6369458642
0	5280	435958.68306783963	2038.7945372611
0	5287	436437.818544404619	1988.103197515
0	5300	437292.071328219064	1976.9467557315
0	5305	437638.770886603781	1548.4943804797
0	5318	438636.838548956476	2017.5303437747
0	5327	439134.429208282418	1842.3578800634
0	5334	439602.454013284333	1846.8071640003
0	5341	439920.183222368397	1283.3446734119
0	5350	440684.641481889448	1550.212273607
0	5359	441143.871419923417	1486.9474756066
0	5372	442623.438172414936	2325.929273665
0	5379	443261.429678415917	2128.980104439
0	5386	443791.072150971777	1915.8912198152
0	5399	444713.372296001799	2089.9341235869
0	5408	445406.290886644311	1963.4198206477
0	5417	445977.818599529601	1811.3277452532
0	5424	446538.634418975599	1825.2621229738
0	5433	447395.649108057878	1989.3582214136
0	5442	447887.410600623152	1909.5920010936
0	5453	448734.235937381199	2152.8136735316
0	5460	449277.906577242574	1869.2606926896
0	5467	449764.949329057744	1864.2673877534
0	5478	450709.183861222154	1974.947923841
0	5481	451059.626172389871	1459.5813129097
0	5498	452574.393558595365	2325.42972425
0	5503	452922.863630019164	1805.7306749281
0	5512	453804.564980696923	2125.1251227222
0	5521	454220.677560288495	1646.2840016931
0	5532	455513.497087033502	2534.9159406032
0	5543	456394.329637661613	2520.796801988
0	5548	456747.403009375594	2037.0934671722
0	5557	457479.740525968409	1934.9347268231
0	5566	458145.521378796584	1751.191741135
0	5575	459239.996968908272	2273.1937330216
0	5584	459653.582826303355	1792.0007967856
0	5597	460817.107923142649	2141.1464212462
0	5604	461336.937817186154	1831.7401728127
0	5613	462398.002265347205	2162.8901893739
0	5624	463282.205831073262	2465.0979079306
0	5629	463718.145508412309	2076.7645822372
0	5640	464514.998838538342	2042.8467904218
0	5649	465170.443778671362	1888.2379475981
0	5660	466032.361373305359	2122.5042236969
0	5665	466566.331959608981	1954.3346533086
0	5676	467430.619813269042	2119.9003073853
0	5685	468140.332559729033	2107.9711864237
0	5694	468948.514940869101	2087.9822311923
0	5701	469528.585510002488	1900.5909661297
0	5710	470233.846742101053	1909.362342814
0	5721	471014.113795710767	1998.034149874
0	5728	471678.837456135119	1863.0129377358
0	5737	472450.67469771024	1942.972583184
0	5750	473536.291231401304	2272.5371233653
0	5755	473877.733165724242	1793.6741997488
0	5764	475084.146326081867	2351.6998641193
0	5777	475696.82188667361	2160.5306552723
0	5784	476100.355867948423	1746.1560591124
0	5791	476852.742982003878	1680.3466505371
0	5802	477738.07095112283	2041.2490644492
0	5809	478270.558493910397	1918.8335220795
0	5820	479454.983211820985	2219.9366780464
0	5827	479924.400291591923	1858.0301193986
0	5838	480626.722316723357	1916.4353770204
0	5847	481535.723895952145	1993.2191182394
0	5854	481882.160758087451	1795.2156395651
0	5865	483046.573369251604	2113.2631934714
0	5872	483665.194829832802	2102.203782415
0	5881	484529.002221906597	2087.0128205046
0	5894	485352.662393963004	2071.6970331967
0	5903	486007.659740606363	1934.7982255742
0	5910	486822.261397121514	2151.7661929596
0	5917	487578.124881908337	2225.4624879453
0	5930	488469.032767089123	2461.3730264828
0	5937	489236.644784873391	2407.3157242499
0	5946	489904.228219063992	2291.4984289091
0	5955	490693.553622672374	2224.5208555833
0	5962	491179.970107181037	1920.3277607448
0	5973	492117.628272995393	2203.2165429555
0	5980	492581.574931601102	1779.2520465329
0	5991	493346.595036517869	1902.0731342956
0	5998	493727.66705872495	1537.0755529962
0	6009	494814.087756397242	2141.1313618999
0	6018	495514.98021245938	2102.3170523811
0	6025	495830.269813304806	1547.3871795461
0	6038	496958.159970073068	1903.6375581287
0	6043	497306.685661431441	1578.1711100601
0	6056	498602.172817010471	2118.2019700762
0	6065	499281.440585805142	2323.2806157321
0	6074	500119.670528406316	2339.1168569215
0	6083	500815.475903358349	2213.3030863479
0	6092	501704.672691458875	2423.2321056537
0	6097	502127.117774868423	2007.4472464621
0	6106	502798.609731579239	1983.1338282209
0	6115	503606.034170324021	1901.3614788651
0	6128	504694.712916668543	2430.2171462215
0	6133	505088.10186521154	1976.1309735943
0	6142	506076.325354725161	2130.62194339
0	6155	507155.48807401214	2460.7751573436
0	6164	508018.306802166665	2503.1157032121
0	6171	508612.873941566834	2264.7522192914
0	6178	509222.33496014964	2066.8468861375
0	6187	510191.285506635944	2172.9787044693
0	6200	511330.993238696868	2440.9374233801
0	6205	511906.058803852687	2131.2539226841
0	6214	512300.969013338948	1821.1317425128
0	6227	513450.073078600729	2119.0798399039
0	6232	514248.916726978535	2163.2031348534
0	6241	514640.791216073597	1909.5259768423
0	6250	515628.362729866097	2178.2896512654
0	6263	516574.251794815102	2270.5696566962
0	6270	517225.497620785647	2091.6434474755
0	6279	517941.27072310079	2013.0705624819
0	6288	518622.991732601115	2048.739937786
0	6299	519449.703005282247	2129.9574903678
0	6306	520047.012531012335	1900.1822743099
0	6315	520823.416750459039	2146.0874978453
0	6326	521758.789307065347	2309.0863017831
0	6333	522440.01518189911	2215.8503161278
0	6340	523303.138059144879	2240.8943672664
0	6351	524031.376122962723	2272.5868158974
0	6358	524467.214843910227	1875.2053024247
0	6367	525491.897045401897	2002.4852377363
0	6378	526287.482041725929	2168.2495557703
0	6387	527074.950807401951	2231.3077363651
0	6394	527597.455851500894	1907.7140239533
0	6403	528458.47595972013	1930.5956357159
0	6414	529177.595156338105	2099.019627599
0	6421	529935.340764513278	1996.0649527609
0	6430	530419.391148677135	1849.6023700107
0	6439	530813.547712611074	1600.8712900802
0	6448	531257.447460433508	1155.6687789503
0	6461	532382.532778708304	1836.7272763979
0	6468	533167.435669200535	2115.0942603126
0	6479	533982.036716351325	2184.4853559975
0	6488	534789.577091485301	2407.044312777
0	6497	535630.102313775608	2374.908671435
0	6504	536408.026803704018	2425.9900873527
0	6511	537171.649400331119	2382.0723088458
0	6520	537803.09770591561	2172.99539214
0	6533	538495.430604927281	1986.6729788482
0	6542	539215.531691210384	1872.9708754923
0	6551	539843.965615751261	1763.6580187362
0	6558	540355.387444328556	1859.9568394013
0	6569	541109.488323563749	1893.9566323534
0	6576	541841.896065836812	1997.9304500856
0	6587	542741.887343209277	2332.3911701795
0	6596	543399.001602781977	2289.5132792182
0	6603	543928.159172600176	2026.6746494919
0	6614	544490.440691169392	1748.5533479601
0	6623	545293.093263404485	1894.0916606225
0	6630	546101.93892591637	2040.5540897045
0	6637	546481.541700521525	1991.1010093521
0	6646	547374.870822206181	2081.7775588017
0	6655	548327.269365079742	2147.5945421029
0	6668	549393.908031983342	2545.4863480758
0	6675	549791.345532098826	2102.6023074053
0	6684	550725.531486561563	2137.0898908004
0	6693	551483.569422829937	2089.6613908466
0	6702	552258.836346259381	2400.2000689041
0	6713	553067.783396970521	2314.2346949782
0	6720	553560.752971563529	2006.7825165577
0	6727	554391.241097822826	1954.0235992055
0	6740	555224.333221837918	2156.5498248674
0	6745	555655.97424195152	1860.4247341398
0	6758	556420.829901052678	1848.4785078093
0	6763	556797.691452736074	1573.3582308982
0	6772	557416.943405522073	1580.9637281578
0	6785	558472.865037806371	2052.0351367537
0	6790	559007.298274850512	2079.9579064362
0	6799	559736.154829803894	2036.77523816
0	6810	560559.494516579474	2086.6294787731
0	6817	561379.296519141684	2028.8538842462
0	6826	562056.64576375861	1860.242612008
0	6835	562839.826698694419	1867.992608808
0	6846	563876.034727552946	2129.6473558992
0	6853	564420.14479902577	1881.5494927112
0	6864	564980.427366402041	1750.0202076975
0	6873	565868.868907447945	1983.8311160915
0	6880	566274.291901197325	1808.5227060132
0	6889	566927.814188087399	1813.8245184906
0	6900	567887.815507175442	1977.3477103561
0	6909	568724.81564115737	2198.257101886
0	6916	569345.166181353893	1923.5420939047
0	6925	569922.829623380717	1878.769913502
0	6938	570878.403657954228	2147.9385472834
0	6943	571184.414919465822	1620.4256215598
0	6956	572629.446992464406	2426.3935550116
0	6965	573525.754875596655	2647.3512176424
0	6974	574321.861501783175	2556.9684339222
0	6983	574978.401991864709	2348.9549994003
0	6992	575828.537527006162	2302.7826514095
0	6999	576394.930649455679	2073.0691476725
0	7008	577530.569938290907	2552.1679464262
0	7017	578198.027403093917	2369.4898760878
0	7026	578997.128630289851	2284.4197113533
0	7037	580041.030570957853	2505.240292009
0	7044	580646.941269608258	2296.9519608188
0	7053	581218.290399899749	2013.2136074826
0	7060	581707.316481834321	1666.2859108765
0	7071	582757.306388346521	2055.0971190445
0	7082	583419.224100653125	2045.9157350007
0	7091	584160.480548674284	2036.9445960503
0	7098	584762.749668024524	1960.2544368245
0	7107	585469.246276700913	2050.0221760478
0	7114	585825.5212343764	1665.0406857021
0	7125	586994.693580083593	2096.1561212316
0	7134	587558.46383152534	1791.4757070132
0	7143	588456.016179174229	1795.8937046584
0	7150	589225.093169929504	2118.2522786781
0	7159	589694.972554827154	1775.6302169524
0	7172	590547.074536001354	1812.7594181802
0	7177	590938.830713555261	1451.6694651917
0	7190	592098.909833980768	2245.8617846947
0	7195	592675.221655145331	2128.147119144
0	7204	593307.677663862749	2058.9841242414
0	7213	594173.729728208899	2074.8198942281
0	7224	594823.743991926356	1850.0771833118
0	7231	595636.839454108894	2038.117507752
0	7242	596415.453466214284	2060.8322954737
0	7249	597042.969433357984	1985.4627824854
0	7258	597887.794856680602	1938.1931539625
0	7271	598844.454707438172	2222.9338257574
0	7278	599306.687330687464	1858.3355453331
0	7287	599987.865552166522	1756.6008573398
0	7294	600391.736056376294	1547.2813489381
0	7307	601384.568820241885	2047.9764295276
0	7316	601983.381197601603	1902.6809014846
0	7321	602372.002621740149	1668.8181651291
0	7334	603522.329020220833	2137.7601999789
0	7341	604113.174570445018	2129.7933728434
0	7348	604506.816740473779	1777.1980723366
1	3165	260555.166625930019	350
1	3174	261122.606621962063	351
1	3185	261992.227643402315	352
1	3194	262722.958978358678	353
1	3203	263617.58025842721	354
1	3208	264162.565652607031	355
1	3221	265224.147661635675	356
1	3226	265766.506727831461	357
1	3235	266791.311192512536	358
1	3246	267437.610226543644	359
1	3257	268505.197537830123	360
1	3262	268897.879851423228	361
1	3271	269551.64799196648	362
1	3282	270411.796203302243	363
1	3289	270929.433031054238	364
1	3298	271537.122402247066	365
1	3307	272537.176992511401	366
1	3316	272956.392333749706	367
1	3325	273686.368580348814	368
1	3336	274527.673108410115	369
1	3343	274942.98878833654	370
1	3352	275641.985401511217	371
1	3363	276507.577030593554	372
1	3374	277356.515651475663	373
1	3383	278075.391872087518	374
1	3390	278676.169832283655	375
1	3401	279602.834876021395	376
1	3408	280252.163987047995	377
1	3417	280933.636012813101	378
1	3428	281848.449897905836	379
1	3433	282204.465769836703	380
1	3444	283358.167442819128	381
1	3455	284230.701784137661	382
1	3460	284637.888570176462	383
1	3469	285470.168253220643	384
1	3482	286259.593190392504	385
1	3487	286632.956626871625	386
1	3498	287510.000886814694	387
1	3505	288229.925234662394	388
1	3514	288783.988310443262	389
1	3523	289733.273392030994	390
1	3536	291039.222175022612	391
1	3545	291882.454295503	392
1	3550	292347.431338392223	393
1	3561	293449.623579578499	394
1	3570	294052.739297132964	395
1	3581	294945.501905260633	396
1	3588	295774.080319656085	397
1	3595	296316.937057022031	398
1	3606	297241.133528575327	399
1	3617	297855.452860565882	400
1	3622	298215.945729939293	401
1	3635	299361.516281822722	402
1	3644	300215.338087873559	403
1	3649	300890.148420212816	404
1	3662	301739.048565784495	405
1	3667	302255.862873187314	406
1	3676	302623.717771656837	407
1	3685	303553.477179352221	408
1	3696	304628.100976813612	409
1	3703	305008.802220225362	410
1	3714	305926.881609158618	411
1	3723	306849.775511166108	412
1	3732	307532.140855165226	413
1	3741	308183.312564576072	414
1	3750	309049.86679293218	415
1	3757	309418.22674674916	416
1	3770	310457.224056869772	417
1	3777	310858.929576957625	418
1	3786	311952.741106180501	419
1	3797	312685.309616010663	420
1	3802	313055.846635066	421
1	3811	313562.019532592995	422
1	3820	314769.47721764448	423
1	3829	315302.115002973032	424
1	3842	316541.41551107171	425
1	3847	316952.721612481428	426
1	3856	317531.876766728265	427
1	3867	318670.898677781252	428
1	3876	319360.017089825151	429
1	3887	320403.898692503599	430
1	3892	320952.146191801903	431
1	3905	322080.537010263679	432
1	3914	322783.190007135299	433
1	3919	323132.292392989648	434
1	3932	324102.484758524252	435
1	3939	324552.900719828932	436
1	3946	324917.762718535988	437
1	3955	325746.822178037865	438
1	3964	326354.52020424421	439
1	3977	327566.180124599515	440
1	3986	328446.928903693362	441
1	3995	329338.52016488093	442
1	4000	330046.645043464406	443
1	4011	330630.692538432805	444
1	4022	331375.153874605922	445
1	4029	331767.696483666105	446
1	4036	332417.882466036854	447
1	4045	333240.591300325496	448
1	4050	333769.448191719158	449
1	4063	334812.674173945589	450
1	4076	335721.978420484839	451
1	4083	336524.889941699831	452
1	4094	337245.97441954541	453
1	4103	338063.48883770409	454
1	4110	338777.929183607949	455
1	4119	339471.731694135843	456
1	4130	340630.406866455479	457
1	4135	341192.196751339389	458
1	4146	342193.359706923394	459
1	4155	342857.822440238698	460
1	4166	343956.345518119662	461
1	4175	344757.886479143082	462
1	4182	345331.386854639306	463
1	4191	346067.041473230376	464
1	4202	346893.706036498799	465
1	4211	347425.498935626849	466
1	4220	348258.453708048939	467
1	4227	348911.722912592843	468
1	4234	349382.436260255083	469
1	4247	350476.246084738553	470
1	4252	350932.457404816553	471
1	4261	351294.932265440033	472
1	4270	352331.951146898821	473
1	4281	353233.562644477964	474
1	4292	354297.489858604998	475
1	4297	355001.240863557935	476
1	4308	355593.460095813528	477
1	4315	356064.310942171172	478
1	4324	356682.168500823931	479
1	4333	357384.438615711437	480
1	4344	358388.877647928925	481
1	4353	359357.358734495969	482
1	4360	359844.278595456885	483
1	4369	360571.467374498056	484
1	4382	361628.157956991375	485
1	4389	362055.66507652405	486
1	4396	362545.329470001192	487
1	4405	363469.820371829004	488
1	4414	364037.246543448449	489
1	4423	364668.789425399185	490
1	4432	365604.698070231856	491
1	4443	366682.88443274799	492
1	4450	367014.1273364425	493
1	4461	368088.178556598753	494
1	4468	368566.584720416025	495
1	4477	369530.818283837318	496
1	4486	370200.018444517657	497
1	4497	370791.700994689047	498
1	4506	371636.824783450022	499
1	4515	372304.409087682173	500
1	4524	373113.676222180978	501
1	4531	373533.100817073167	502
1	4542	374235.841660480977	503
1	4549	374917.648604465679	504
1	4560	375897.608943516418	505
1	4567	376232.535685552314	506
1	4576	376971.35075298141	507
1	4585	377931.38710143979	508
1	4594	378619.134359713673	509
1	4607	380089.257580088481	510
1	4612	380481.289581209451	511
1	4621	381438.318163901597	512
1	4634	382476.683216728301	513
1	4643	383288.990275282444	514
1	4650	384076.278568105803	515
1	4659	384559.38402065079	516
1	4666	385099.934519408301	517
1	4677	386031.439983006599	518
1	4684	386654.59545501511	519
1	4693	387409.303583996402	520
1	4704	388243.358191475304	521
1	4711	388949.232705915379	522
1	4720	389584.696082957121	523
1	4729	390339.831662876563	524
1	4740	391280.178614147039	525
1	4747	391731.843065237658	526
1	4760	392901.997723896088	527
1	4765	393383.016831055315	528
1	4774	394236.546978587317	529
1	4785	395147.220930084618	530
1	4794	395701.957027846979	531
1	4803	396227.149828663128	532
1	4810	396672.617299715089	533
1	4819	397522.699739271808	534
1	4830	398318.592790234867	535
1	4837	398816.393450461361	536
1	4846	400143.138540303368	537
1	4859	401199.286347208578	538
1	4868	401894.864208949763	539
1	4873	402298.266666149754	540
1	4882	402750.178441917557	541
1	4891	403889.46891780946	542
1	4902	404646.302628982845	543
1	4909	405182.102301344309	544
1	4918	405916.860436135936	545
1	4929	406860.73310351934	546
1	4936	407435.20126040097	547
1	4941	407759.475083509494	548
1	4954	408998.308704374393	549
1	4967	410038.268039468711	550
1	4974	410818.224050011521	551
1	4983	411632.88261336278	552
1	4992	412090.177624253592	553
1	4999	412932.10174371492	554
1	5008	413572.85017627295	555
1	5017	414582.115048309825	556
1	5028	415192.384917615019	557
1	5035	415950.841130828522	558
1	5044	416422.393346764185	559
1	5057	417413.770767487623	560
1	5064	418120.508154574819	561
1	5073	418730.107128666751	562
1	5082	419649.371640197971	563
1	5091	420558.789628604465	564
1	5102	421393.594599282407	565
1	5109	422157.747734757178	566
1	5116	422468.226637691297	567
1	5125	423445.450222631954	568
1	5136	424444.677423778959	569
1	5147	425291.024512611367	570
1	5152	425806.799335917495	571
1	5161	426263.056601677128	572
1	5170	426782.614535233043	573
1	5179	427357.419125502967	574
1	5190	428407.927024271377	575
1	5199	429129.183473624327	576
1	5206	429559.510868042745	577
1	5215	430441.224296065085	578
1	5226	431596.913230558896	579
1	5235	432295.292806718537	580
1	5242	432701.12009346489	581
1	5255	433919.888530578502	582
1	5262	434341.889771400057	583
1	5271	435309.243006538637	584
1	5280	435958.68306783963	585
1	5287	436437.818544404619	586
1	5300	437292.071328219064	587
1	5305	437638.770886603781	588
1	5318	438636.838548956476	589
1	5327	439134.429208282418	590
1	5334	439602.454013284333	591
1	5341	439920.183222368397	592
1	5350	440684.641481889448	593
1	5359	441143.871419923417	594
1	5372	442623.438172414936	595
1	5379	443261.429678415917	596
1	5386	443791.072150971777	597
1	5399	444713.372296001799	598
1	5408	445406.290886644311	599
1	5417	445977.818599529601	600
1	5424	446538.634418975599	601
1	5433	447395.649108057878	602
1	5442	447887.410600623152	603
1	5453	448734.235937381199	604
1	5460	449277.906577242574	605
1	5467	449764.949329057744	606
1	5478	450709.183861222154	607
1	5481	451059.626172389871	608
1	5498	452574.393558595365	609
1	5503	452922.863630019164	610
1	5512	453804.564980696923	611
1	5521	454220.677560288495	612
1	5532	455513.497087033502	613
1	5543	456394.329637661613	614
1	5548	456747.403009375594	615
1	5557	457479.740525968409	616
1	5566	458145.521378796584	617
1	5575	459239.996968908272	618
1	5584	459653.582826303355	619
1	5597	460817.107923142649	620
1	5604	461336.937817186154	621
1	5613	462398.002265347205	622
1	5624	463282.205831073262	623
1	5629	463718.145508412309	624
1	5640	464514.998838538342	625
1	5649	465170.443778671362	626
1	5660	466032.361373305359	627
1	5665	466566.331959608981	628
1	5676	467430.619813269042	629
1	5685	468140.332559729033	630
1	5694	468948.514940869101	631
1	5701	469528.585510002488	632
1	5710	470233.846742101053	633
1	5721	471014.113795710767	634
1	5728	471678.837456135119	635
1	5737	472450.67469771024	636
1	5750	473536.291231401304	637
1	5755	473877.733165724242	638
1	5764	475084.146326081867	639
1	5777	475696.82188667361	640
1	5784	476100.355867948423	641
1	5791	476852.742982003878	642
1	5802	477738.07095112283	643
1	5809	478270.558493910397	644
1	5820	479454.983211820985	645
1	5827	479924.400291591923	646
1	5838	480626.722316723357	647
1	5847	481535.723895952145	648
1	5854	481882.160758087451	649
1	5865	483046.573369251604	650
1	5872	483665.194829832802	651
1	5881	484529.002221906597	652
1	5894	485352.662393963004	653
1	5903	486007.659740606363	654
1	5910	486822.261397121514	655
1	5917	487578.124881908337	656
1	5930	488469.032767089123	657
1	5937	489236.644784873391	658
1	5946	489904.228219063992	659
1	5955	490693.553622672374	660
1	5962	491179.970107181037	661
1	5973	492117.628272995393	662
1	5980	492581.574931601102	663
1	5991	493346.595036517869	664
1	5998	493727.66705872495	665
1	6009	494814.087756397242	666
1	6018	495514.98021245938	667
1	6025	495830.269813304806	668
1	6038	496958.159970073068	669
1	6043	497306.685661431441	670
1	6056	498602.172817010471	671
1	6065	499281.440585805142	672
1	6074	500119.670528406316	673
1	6083	500815.475903358349	674
1	6092	501704.672691458875	675
1	6097	502127.117774868423	676
1	6106	502798.609731579239	677
1	6115	503606.034170324021	678
1	6128	504694.712916668543	679
1	6133	505088.10186521154	680
1	6142	506076.325354725161	681
1	6155	507155.48807401214	682
1	6164	508018.306802166665	683
1	6171	508612.873941566834	684
1	6178	509222.33496014964	685
1	6187	510191.285506635944	686
1	6200	511330.993238696868	687
1	6205	511906.058803852687	688
1	6214	512300.969013338948	689
1	6227	513450.073078600729	690
1	6232	514248.916726978535	691
1	6241	514640.791216073597	692
1	6250	515628.362729866097	693
1	6263	516574.251794815102	694
1	6270	517225.497620785647	695
1	6279	517941.27072310079	696
1	6288	518622.991732601115	697
1	6299	519449.703005282247	698
1	6306	520047.012531012335	699
1	6315	520823.416750459039	700
1	6326	521758.789307065347	701
1	6333	522440.01518189911	702
1	6340	523303.138059144879	703
1	6351	524031.376122962723	704
1	6358	524467.214843910227	705
1	6367	525491.897045401897	706
1	6378	526287.482041725929	707
1	6387	527074.950807401951	708
1	6394	527597.455851500894	709
1	6403	528458.47595972013	710
1	6414	529177.595156338105	711
1	6421	529935.340764513278	712
1	6430	530419.391148677135	713
1	6439	530813.547712611074	714
1	6448	531257.447460433508	715
1	6461	532382.532778708304	716
1	6468	533167.435669200535	717
1	6479	533982.036716351325	718
1	6488	534789.577091485301	719
1	6497	535630.102313775608	720
1	6504	536408.026803704018	721
1	6511	537171.649400331119	722
1	6520	537803.09770591561	723
1	6533	538495.430604927281	724
1	6542	539215.531691210384	725
1	6551	539843.965615751261	726
1	6558	540355.387444328556	727
1	6569	541109.488323563749	728
1	6576	541841.896065836812	729
1	6587	542741.887343209277	730
1	6596	543399.001602781977	731
1	6603	543928.159172600176	732
1	6614	544490.440691169392	733
1	6623	545293.093263404485	734
1	6630	546101.93892591637	735
1	6637	546481.541700521525	736
1	6646	547374.870822206181	737
1	6655	548327.269365079742	738
1	6668	549393.908031983342	739
1	6675	549791.345532098826	740
1	6684	550725.531486561563	741
1	6693	551483.569422829937	742
1	6702	552258.836346259381	743
1	6713	553067.783396970521	744
1	6720	553560.752971563529	745
1	6727	554391.241097822826	746
1	6740	555224.333221837918	747
1	6745	555655.97424195152	748
1	6758	556420.829901052678	749
1	6763	556797.691452736074	750
1	6772	557416.943405522073	751
1	6785	558472.865037806371	752
1	6790	559007.298274850512	753
1	6799	559736.154829803894	754
1	6810	560559.494516579474	755
1	6817	561379.296519141684	756
1	6826	562056.64576375861	757
1	6835	562839.826698694419	758
1	6846	563876.034727552946	759
1	6853	564420.14479902577	760
1	6864	564980.427366402041	761
1	6873	565868.868907447945	762
1	6880	566274.291901197325	763
1	6889	566927.814188087399	764
1	6900	567887.815507175442	765
1	6909	568724.81564115737	766
1	6916	569345.166181353893	767
1	6925	569922.829623380717	768
1	6938	570878.403657954228	769
1	6943	571184.414919465822	770
1	6956	572629.446992464406	771
1	6965	573525.754875596655	772
1	6974	574321.861501783175	773
1	6983	574978.401991864709	774
1	6992	575828.537527006162	775
1	6999	576394.930649455679	776
1	7008	577530.569938290907	777
1	7017	578198.027403093917	778
1	7026	578997.128630289851	779
1	7037	580041.030570957853	780
1	7044	580646.941269608258	781
1	7053	581218.290399899749	782
1	7060	581707.316481834321	783
1	7071	582757.306388346521	784
1	7082	583419.224100653125	785
1	7091	584160.480548674284	786
1	7098	584762.749668024524	787
1	7107	585469.246276700913	788
1	7114	585825.5212343764	789
1	7125	586994.693580083593	790
1	7134	587558.46383152534	791
1	7143	588456.016179174229	792
1	7150	589225.093169929504	793
1	7159	589694.972554827154	794
1	7172	590547.074536001354	795
1	7177	590938.830713555261	796
1	7190	592098.909833980768	797
1	7195	592675.221655145331	798
1	7204	593307.677663862749	799
1	7213	594173.729728208899	800
1	7224	594823.743991926356	801
1	7231	595636.839454108894	802
1	7242	596415.453466214284	803
1	7249	597042.969433357984	804
1	7258	597887.794856680602	805
1	7271	598844.454707438172	806
1	7278	599306.687330687464	807
1	7287	599987.865552166522	808
1	7294	600391.736056376294	809
1	7307	601384.568820241885	810
1	7316	601983.381197601603	811
1	7321	602372.002621740149	812
1	7334	603522.329020220833	813
1	7341	604113.174570445018	814
1	7348	604506.816740473779	815

