version 2
run Pipelined_3Teachers-83-20190105-10:57:36-20244
attr configname Pipelined_3Teachers
attr datetime 20190105-10:57:36
attr experiment Pipelined_3Teachers
attr inifile ../simulations/omnetpp.ini
attr iterationvars "$0=\"uniform\""
attr iterationvarsf uniform-
attr measurement "$0=\"uniform\""
attr network PipelinedExamSession
attr processid 20244
attr repetition 83
attr replication #83
attr resultdir results
attr runnumber 83
attr seedset 83
param **.teachersNumber 3
param **.answerTimeDistribution "\"uniform\""
param **.minUniform 300
param **.maxUniform 900
param **.scaleLognormal 6.2854
param **.shapeLognormal 0.4724

vector 0 PipelinedExamSession examinationTime:vector ETV
attr source examFinished
vector 1 PipelinedExamSession studentID:vector ETV
attr source student
0	3183	260474.694937001938	1836.9841247331
0	3190	261314.648309955398	1854.7637478914
0	3201	262195.108716236452	2124.7530466877
0	3212	262988.781804638008	2037.7564173192
0	3221	263580.815162602837	1953.7700857501
0	3228	264303.972200816522	2067.6040779334
0	3239	264836.090410687054	1847.308606049
0	3244	265200.294145708928	1619.4789831061
0	3253	265997.316348971824	1669.9085870292
0	3258	266367.065941169883	1530.9755304828
0	3273	267705.409542750592	2100.4546042532
0	3280	268357.231160346443	1936.0302139074
0	3291	269267.02239462177	2043.041956611
0	3298	269789.759524539138	1739.3237460405
0	3311	270937.156453169908	2264.567196602
0	3316	271356.562841171424	1952.8919848613
0	3325	272156.637982092824	1862.4443043955
0	3336	273030.394847737651	2093.2383945677
0	3339	273347.405083291258	1530.0875796005
0	3354	274573.405443923574	2084.3566191383
0	3365	275362.696704966973	2008.4801070392
0	3370	275760.253120679434	1914.6114259958
0	3379	276374.898224417145	1697.9879330378
0	3388	276782.936190208446	1420.2394852415
0	3397	277927.703581983249	1973.6489941366
0	3406	278881.5598192625	2186.0861213878
0	3415	279229.394174739743	1762.5104694162
0	3424	280282.811187207724	1945.4928793944
0	3435	280999.908801494191	1784.8046064377
0	3444	281756.66809547695	1896.1734181736
0	3453	282534.513429366077	2040.621434385
0	3464	283378.832643292869	2256.5726982895
0	3471	283778.327258722881	1972.1991164144
0	3480	284339.095115242551	1723.1862538029
0	3487	285123.594541009541	1744.7618977167
0	3496	285996.733320923547	1999.7539686039
0	3507	286603.242384642387	1737.8702587914
0	3514	286977.541628200585	1373.0687946081
0	3527	288006.528117321457	1963.7158024125
0	3534	288827.713416097711	2192.1105032321
0	3541	289332.063144212614	2101.0363730136
0	3552	290102.416250249397	2095.8881329279
0	3559	290568.185548111822	1696.8563938513
0	3570	291390.928641613599	1945.0732853729
0	3577	291909.356794366639	1602.9094226193
0	3586	292631.332220183713	1941.7225797661
0	3595	293330.762015143436	1788.3202498779
0	3604	294253.451526258168	1913.5653358418
0	3613	294689.499326376272	1566.2393689156
0	3622	295396.536073694033	1410.4231456295
0	3631	296094.818732840967	1735.2747679688
0	3642	297266.708166059134	2090.2624845039
0	3649	297967.194744665203	2232.0179453585
0	3658	298907.738432614161	2347.0934985671
0	3671	299912.690157769276	2463.7170502916
0	3678	300483.702540211408	2300.1339107752
0	3689	301344.773320527775	2265.9556824714
0	3694	301909.644673950998	1996.9545161817
0	3705	302812.396452901913	2018.5540955979
0	3712	303400.760661251872	2055.9873407241
0	3721	304312.763739377289	2089.788263943
0	3734	305203.295333404122	2343.8835808542
0	3743	305843.507556617288	2374.8484721873
0	3750	306657.215726422174	2311.7825257592
0	3759	307440.149085363401	2236.8537519593
0	3766	308055.695428093923	2212.1878714766
0	3775	308760.483842343121	2030.4809832014
0	3784	309481.344002159341	1962.9488796461
0	3793	309968.590643489762	1672.8379092179
0	3806	311188.803819520429	2148.1428768486
0	3815	312018.950570141927	2369.9382866733
0	3820	312410.914350254492	1909.4407372177
0	3829	313105.95913999717	1917.1553204767
0	3838	313658.724561799348	1639.7739916574
0	3847	314645.751234283701	1850.4551765509
0	3858	315506.701886979893	2060.9748624265
0	3869	316207.434804830731	1976.1263421737
0	3876	316614.150997856663	1532.0503975265
0	3887	317878.717617597462	2303.0556858983
0	3896	318511.592384800346	2304.1575799696
0	3903	319081.231146538661	2083.260139497
0	3914	320112.250300403716	2233.5326828063
0	3919	320566.310981428282	2054.7185966279
0	3928	321103.927795495869	1840.6113377307
0	3939	321936.196831427547	1823.9465310238
0	3950	322736.979846004429	2028.2038933598
0	3959	323194.246706692534	2023.1600889936
0	3964	323739.876954769748	1788.9022129588
0	3973	324481.783028645473	1744.803182641
0	3982	325281.10735206868	2086.8606453761
0	3993	325848.630874743717	1816.9564142358
0	4000	326262.896245904299	1440.6713128556
0	4013	327676.83833059858	2187.2740787454
0	4020	328350.101552344891	2410.7605952304
0	4029	328738.320593582499	1929.5612235088
0	4036	329147.840806189957	1471.0024755914
0	4045	329731.055086478623	1377.0893714391
0	4054	330712.58060806434	1799.3895335589
0	4065	331310.495606297658	1870.7016438246
0	4074	332298.964956868471	2074.054086674
0	4081	332720.584089215876	1773.0482775718
0	4094	333934.89925931211	2460.6703116093
0	4101	334590.704884054171	2250.6314881146
0	4108	334984.953933348911	1831.9796250667
0	4119	335849.273271951856	1914.3740126397
0	4126	336462.065155757623	1824.0373267327
0	4137	337565.134357893871	2415.6314433552
0	4144	337923.70302421044	2011.218868196
0	4155	338724.239605385842	1911.9557493366
0	4164	339451.034707808899	1865.9818867687
0	4175	340272.236318746614	1990.7540826593
0	4182	341117.170943459528	2098.6661681905
0	4193	341999.99567633498	2408.8170006406
0	4200	342607.654482079703	2335.4181633331
0	4207	343050.310547975856	1908.2633245736
0	4216	343877.394529664922	1877.3988533299
0	4227	344800.362550187889	2019.6553474758
0	4234	345606.418179580975	2071.1346975993
0	4245	346504.516492411527	2314.0952846501
0	4256	347174.113663472269	2248.9089968149
0	4261	347537.975093023885	1851.6517736949
0	4270	348130.206672381644	1600.6570191588
0	4279	349257.393322326277	2083.279658854
0	4288	350082.95079809617	2085.5316675268
0	4297	350584.394856356119	1746.5093944687
0	4306	351491.791115328705	1828.0294354074
0	4317	352291.600904194673	2017.4534764141
0	4326	352979.555511055549	2143.2457545307
0	4337	353711.581312771922	2021.3552938309
0	4342	354011.980149708724	1648.3057525009
0	4351	354755.067713884672	1625.7336672395
0	4362	355448.695802455804	1737.1144896839
0	4369	355921.230310527644	1606.8970677909
0	4380	356863.903791597149	1841.6685552802
0	4389	357634.695629775561	2067.7472495008
0	4400	358588.308773562348	2285.2611246519
0	4407	359181.274967640674	2234.5810818952
0	4414	359701.032792823425	1903.6851110402
0	4427	360832.893823692612	2244.5850501303
0	4436	361719.16086785499	2332.2085792199
0	4445	362446.030863141678	2478.9715874009
0	4454	363292.465117480643	2459.571293788
0	4459	363763.586884411089	2044.4260165561
0	4468	364340.149343200065	1894.1184800584
0	4477	365316.44563260492	2023.9805151243
0	4486	365865.610115462952	1867.8317561746
0	4497	366908.414604468309	2060.4711601976
0	4506	367765.662781521714	2297.9631892405
0	4515	368449.057218292764	2239.327466581
0	4524	369008.010219968891	2036.3926139195
0	4533	369856.815207470244	2031.0144040268
0	4544	370618.424438405818	2099.7978955507
0	4549	371047.228279430455	1979.8322080169
0	4558	371744.307216256893	1853.3784963191
0	4569	372785.517385974562	2167.0929475687
0	4578	373596.775024384296	2140.9459298942
0	4587	374139.966124529055	2124.4360176846
0	4598	375199.576914170792	2367.316975398
0	4603	375526.868140557816	1913.749595359
0	4614	376830.536783812603	2457.3653615545
0	4623	377225.256395665964	2025.6794814952
0	4630	377883.031205367332	1897.3776738625
0	4639	378462.92915088128	1600.427547656
0	4648	378994.582615233992	1360.6818742119
0	4659	379913.945648213883	1722.2656218801
0	4666	380538.325950410252	1998.3177807648
0	4677	381070.423614699428	1672.2011544742
0	4686	381587.873178441113	1362.7350155264
0	4693	382280.164576973801	1584.442037344
0	4704	383028.790886001697	1872.1867490094
0	4715	383994.597218697927	2371.0577480961
0	4720	384296.492177015207	1774.3095673621
0	4729	385372.657179879061	2260.5467626825
0	4742	386316.54015309181	2321.9429343939
0	4751	387146.202565077729	2356.9087506272
0	4760	388045.886277034916	2579.8740893137
0	4767	388781.327827647366	2464.7876745556
0	4774	389523.917006095909	2377.7144410182
0	4787	390294.876094814428	2248.9898177795
0	4796	391093.169705802613	2190.6740970444
0	4801	391439.27864693109	1746.2258018553
0	4814	392630.429989658334	2335.5538948439
0	4819	392962.904868554362	1869.7351627517
0	4832	393954.622768471055	2041.1260788795
0	4837	394349.370735185258	1718.9407455269
0	4846	395202.502492396198	1943.4239415452
0	4857	395990.308720339127	2035.6859518681
0	4864	396409.443213650994	1721.3551138993
0	4877	397590.706178080328	2167.0288412366
0	4886	398401.040652254634	2352.5732003152
0	4891	398714.954341063314	1803.2519349363
0	4900	399612.0741869789	2021.3680088986
0	4913	400732.929381402248	2331.8887291476
0	4918	401271.025017136747	2047.2760371398
0	4927	401872.648773109579	1962.9963902291
0	4938	402966.169935045803	2233.2405536436
0	4947	403701.416087849106	2129.284467129
0	4954	404097.588808788027	1905.431882618
0	4963	405075.203435914631	1993.1629193947
0	4972	405818.71276460592	1897.7278959006
0	4981	406480.863292235921	1752.6568976697
0	4990	407186.319963075261	1791.3444363512
0	4999	407750.293818349059	1629.8443111125
0	5012	408737.71160999317	1986.0688357148
0	5021	409615.639747912104	2100.7283960469
0	5028	409992.614918667863	1899.1268113721
0	5035	410432.446174509863	1694.7345645167
0	5044	411066.321289306546	1450.6815413944
0	5053	411551.000422658438	1393.3731700759
0	5064	412410.188782028894	1632.4219715316
0	5075	413155.052961129735	1966.7990354821
0	5084	414005.702709546353	2131.1032723635
0	5089	414451.705179875757	1939.797964599
0	5102	415408.741293707903	2253.6883325782
0	5107	415983.302802499424	1977.6000929531
0	5118	416694.111330807249	1862.1906891
0	5125	417383.301356155466	1974.5600624476
0	5134	417789.115852536675	1615.768898651
0	5143	418653.696198854636	1807.8402590007
0	5156	419499.677895661484	1935.7166702393
0	5165	420391.420332016464	2052.6710319333
0	5174	420938.201592396985	2219.874812616
0	5183	421275.438798498403	1775.7609028369
0	5190	421806.153647555079	1414.7333155386
0	5197	422468.729624943849	1530.5280325469
0	5206	422918.70590792973	1643.2671094313
0	5215	423782.526431093034	1672.6420294493
0	5226	424740.536509500859	2137.1095150709
0	5233	425129.078849405093	1800.9077581577
0	5242	426239.916993677659	2208.0420104787
0	5251	427012.338664569003	2178.2145291567
0	5260	427565.069659100888	1866.2311413791
0	5273	428497.14741711509	2030.4603859317
0	5278	428838.434955105228	1560.6969009619
0	5287	429809.553302032916	2016.4792550728
0	5296	430570.017040427816	2072.8696233127
0	5305	431133.975205058274	2049.5958681218
0	5314	431720.927083818285	1781.0531469528
0	5325	432357.439655391542	1682.923836261
0	5334	433151.108293980403	1772.2313387319
0	5341	433763.521784031806	1797.6038357243
0	5350	434388.3896583226	1925.9114886168
0	5359	434856.902367482004	1673.0482859071
0	5368	435563.520244834987	1560.834088549
0	5381	436659.178958600429	2163.4941077325
0	5388	437162.644587317524	2234.6564593725
0	5395	437713.534990092782	1894.0636875574
0	5408	438971.728929039133	2312.5499704387
0	5415	439548.102288181004	2125.8535580244
0	5422	439915.563640510705	1614.4052355085
0	5433	440522.354904748542	1550.6259757094
0	5440	441205.557620571969	1621.0324079264
0	5453	442314.153868379114	2347.723723948
0	5462	443146.109612379266	2509.0396248735
0	5467	443577.586931968151	2065.4097329825
0	5476	444463.898998824923	2149.7451304458
0	5487	445361.841739760756	2215.7321273815
0	5494	445890.099704917565	1950.8361106273
0	5507	446963.001182908236	2175.1094360836
0	5512	447275.533737335398	1826.7862460576
0	5521	447907.337733171924	1746.8199836556
0	5532	449220.016885455741	2257.0157025475
0	5541	450118.827510019808	2304.2701877654
0	5548	450557.217842945873	2088.5535745416
0	5561	451677.409296389713	2433.6551119108
0	5566	452063.711338816254	1936.1033239402
0	5575	452682.254723645791	1888.8038404752
0	5584	453625.931202387481	1948.5219059978
0	5597	454410.790295479863	2017.4622371793
0	5606	455301.717503042936	2044.179926673
0	5611	455781.928829988509	1855.2686020732
0	5620	456294.700839975893	1883.910544496
0	5631	457462.176564848094	2160.4590618052
0	5642	458215.413100272461	2134.7026796546
0	5649	458571.891448320865	1777.730916068
0	5656	459028.066179435744	1504.3313581031
0	5667	459724.709534319163	1509.2964340467
0	5674	460242.42060212423	1386.3045204431
0	5685	461195.083788223609	1844.2166977096
0	5692	461784.721891209527	1727.9805480503
0	5703	462887.081405986144	2171.8700702302
0	5710	463467.404149146794	2112.0361818932
0	5721	464306.221554335251	2171.3776719756
0	5728	465037.405010405972	2142.8011226468
0	5737	465876.981784310236	2131.961680809
0	5748	466553.894474683374	1982.2177448776
0	5759	467399.135889485523	1987.2572001535
0	5766	468051.024467451543	2081.308213016
0	5773	468528.745709219992	1939.1796869226
0	5782	469259.629225730941	1860.4933362454
0	5791	470060.286624496848	1863.5830000509
0	5804	471386.454706499397	2316.9075198937
0	5813	472268.520238995596	2458.7410140317
0	5818	472674.753628531515	2173.3179654926
0	5827	473220.542643964334	1834.0879374649
0	5836	473807.795991282954	1539.2757522874
0	5845	474498.700260836675	1520.9149486385
0	5854	475053.466791054278	1649.2984801065
0	5865	476098.090384388388	1883.8184951339
0	5872	476604.811983648733	1921.9457372557
0	5885	477383.932308107659	1850.5978784524
0	5894	478278.849168168425	1957.1261290926
0	5901	478794.693699432581	2009.42603359
0	5910	479466.57986515206	2082.6475570444
0	5921	480143.531781015961	1864.6826128475
0	5930	481026.59869291824	2020.5611842219
0	5939	481818.357718130617	2205.2280494012
0	5944	482659.704454382925	2516.172673367
0	5953	483201.33139570248	2174.7327027842
0	5964	484401.720919925763	2583.3632017951
0	5971	484825.998017750724	2116.9929498341
0	5980	485526.555824093564	1990.1746662799
0	5989	486428.980127675502	2023.933396535
0	6002	487887.830286752476	2649.212127272
0	6007	488430.754827288954	2293.3137796819
0	6016	489074.702269351153	2060.1664124988
0	6027	489696.844907524108	1809.0146207716
0	6034	490025.538278650536	1412.9707668442
0	6043	491117.135803727477	1876.5001317021
0	6056	492041.156067838937	2224.4392330293
0	6063	492758.91389055182	2116.8757196981
0	6072	493531.621344806671	2078.4019266721
0	6081	494294.823980005503	2253.6679121666
0	6092	495233.324291696817	2357.6467815321
0	6101	496029.52612205413	2414.0690701548
0	6108	496350.616562599361	1999.5863809716
0	6119	497151.441757567272	1918.1174658705
0	6128	498051.20560987857	2021.6794878244
0	6135	498806.635924195916	2355.3119924851
0	6142	499335.6045942754	2184.1628367081
0	6151	499993.092791782737	1941.8871819042
0	6160	500774.236802011772	1833.2448986359
0	6173	501734.861560491889	2015.0823859032
0	6178	502153.372057154819	1798.0674795806
0	6191	503140.15095639047	1904.5960499905
0	6198	503946.24746376653	2211.3859032746
0	6209	504724.648711038797	2408.3321617451
0	6214	505138.425204763233	1998.2742483728
0	6225	505971.24545280826	1997.937925905
0	6234	506869.451562501534	2144.8028514627
0	6241	507251.980477524965	1938.6627718806
0	6250	507972.425631433769	1790.1654243004
0	6259	508654.490803414999	1631.0448406264
0	6268	509485.939177544831	1575.025692489
0	6279	510135.563158197373	1720.0303589925
0	6290	510663.363019237339	1461.6793203168
0	6295	511252.510690502867	1622.303790506
0	6304	511837.494981754615	1637.2322787065
0	6313	512820.174238504887	2156.8112192675
0	6322	513281.398336635948	1723.7316772342
0	6331	514183.866160735532	1732.9373493791
0	6342	515269.115052698226	1988.2991868071
0	6353	516316.264764452399	2268.5834934935
0	6358	516712.688287021638	1945.0215839781
0	6371	517873.894306132616	2269.7371678893
0	6378	518366.908347699837	2050.6435832474
0	6387	519116.093561751814	1975.388259301
0	6394	519774.506466882349	1900.6121607497
0	6407	521138.529152283491	2411.0643556807
0	6414	521841.087802592711	2256.6775676329
0	6423	522615.386539790825	2297.0620059874
0	6430	523045.006934506864	1906.4777822234
0	6443	524111.023586243437	2142.6535972394
0	6450	524491.36073235427	1841.213189112
0	6459	525245.072676474275	1887.6657919027
0	6468	526109.457854228141	1998.4342679847
0	6479	527032.149829901801	2417.7949268371
0	6488	527861.159547278704	2500.1593850087
0	6495	528462.065673340158	2305.3415517323
0	6502	529132.723036827566	2100.5732069258
0	6511	529960.772082768428	2099.6125354897
0	6520	530857.705512084114	2180.1175158005
0	6529	531426.783902104991	1939.1814962961
0	6534	531820.526950294199	1447.3091653548
0	6549	532933.035491220701	1939.6297378466
0	6558	533712.088998500306	1825.1035592984
0	6569	534556.337435776416	2320.4179531429
0	6576	535115.944833448205	2042.9104041774
0	6587	536062.978875031743	2293.3518801816
0	6594	536875.283326674301	2318.9458908979
0	6603	537366.970379417811	2193.0349342525
0	6612	538208.718917844866	2145.7400428131
0	6621	538985.709650069524	2109.5600623637
0	6630	539497.809465229561	1955.1109587774
0	6639	540099.605367612143	1859.7367471084
0	6650	541274.9418849126	2197.1535568591
0	6657	541834.869007207503	2289.2291447148
0	6664	542231.578226527249	1852.9551106039
0	6673	543185.253045335461	1910.3111604229
0	6684	544193.058740766769	2299.2682018317
0	6695	545052.320672851106	2284.7226186655
0	6700	545422.215025825476	2075.2335316502
0	6709	546334.790043532899	2120.1080416795
0	6720	547059.422053629583	2007.1013807785
0	6727	547504.265614505908	1566.7929355055
0	6738	548374.338369257799	1750.2400348429
0	6745	548877.9335757718	1628.9544068277
0	6758	550044.894210901162	2219.6363058407
0	6763	550656.102150399289	2164.2029587179
0	6772	551291.81737820623	1930.958672706
0	6781	552263.641992956451	2218.7477820553
0	6792	553021.012147748894	2126.3919241726
0	6799	553351.33662633603	1622.8401743341
0	6810	554482.358995126612	2069.3297683261
0	6817	555063.412818219564	1929.7834934201
0	6828	555898.699585022456	2142.0759720728
0	6837	556365.126187680341	1825.2304750029
0	6844	556958.293799310975	1661.1779040657
0	6853	557833.823883393831	1854.5143175405
0	6862	558699.723218707419	2055.311973067
0	6873	559988.561102561705	2495.258271927
0	6880	560832.228739187174	2456.8999189418
0	6891	561439.518621889925	2167.7170385141
0	6902	562005.55311664944	1983.1021372229
0	6907	562418.738043867102	1532.6310108416
0	6920	563250.246550887874	1748.8538278732
0	6927	563769.01761875493	1763.4645021055
0	6934	564213.401247840426	1657.1076306514
0	6947	565242.560354992798	1992.3138041049
0	6952	565812.218156363866	1967.040921282
0	6963	566788.999478006786	2212.9126528278
0	6972	567255.092307273349	2012.5319522806
0	6979	568104.481424577585	2051.2015573215
0	6988	568535.744450613907	1688.4607887827
0	7001	569699.470142042315	2390.9768866841
0	7008	570499.503877898729	2296.2541732471
0	7019	571068.779179360768	2113.4222511202
0	7028	571776.312968926555	2076.8428268842
0	7033	572152.721152966893	1570.4361612909
0	7044	573103.502786345831	2034.7236069851
0	7051	573661.760463053412	1885.4474941269
0	7064	574537.83688643021	2194.6014682297
0	7073	575268.602449446967	2025.985450577
0	7082	575793.502457952177	2012.9522994161
0	7087	576202.395263174599	1664.5583767444
0	7096	577111.144922487488	1842.5424730405
0	7105	577710.672404430856	1917.1699464787
0	7114	578165.810024226134	1568.5106411576
0	7123	579195.341886766305	1735.6128898915
0	7134	579629.146903613632	1570.1808813494
0	7143	580276.557264709896	1693.9488183707
0	7152	581105.406979518062	1788.9512434602
0	7161	581902.242934936708	2107.1526146494
0	7170	582712.299077538824	2226.0347778909
0	7177	583048.978853831118	1691.3260404021
0	7188	584199.817007593861	1963.161910465
0	7195	584808.845261810399	1770.4839593265
0	7206	585681.249755853839	1852.612195909
0	7213	586277.454188978351	1815.6525463331
0	7226	587354.916554829157	2318.0224075913
0	7231	587700.161291705496	1913.0424327683
0	7244	589064.22600047668	2524.1759821773
0	7251	589543.43533460056	2188.5187797714
0	7258	590206.306254817225	1966.5187206119
0	7267	591144.915226846986	2080.6892263703
0	7276	592425.450280308776	2542.7349590231
0	7285	592771.138035971724	2010.0169549696
0	7290	593333.163225604274	1686.6152264178
0	7303	594875.033573107847	2333.9521036483
0	7312	595584.333668137023	2197.5044191349
0	7325	596316.814563190618	2044.9065822177
0	7330	596975.686348881626	1907.3745248839
0	7343	598029.068090720156	2260.6187720317
0	7348	598355.751119647229	2038.9365564566
0	7357	599428.001041291335	2263.7972545344
0	7366	600473.410188546459	2444.3420978263
0	7375	601224.109176266993	2320.8772166166
0	7388	602103.398416517358	2453.3649615012
0	7393	602409.539735969212	1891.1480896175
0	7402	603391.000809101443	2095.6502556335
0	7415	604447.449356038179	2344.0509395208
1	3183	260474.694937001938	352
1	3190	261314.648309955398	353
1	3201	262195.108716236452	354
1	3212	262988.781804638008	355
1	3221	263580.815162602837	356
1	3228	264303.972200816522	357
1	3239	264836.090410687054	358
1	3244	265200.294145708928	359
1	3253	265997.316348971824	360
1	3258	266367.065941169883	361
1	3273	267705.409542750592	362
1	3280	268357.231160346443	363
1	3291	269267.02239462177	364
1	3298	269789.759524539138	365
1	3311	270937.156453169908	366
1	3316	271356.562841171424	367
1	3325	272156.637982092824	368
1	3336	273030.394847737651	369
1	3339	273347.405083291258	370
1	3354	274573.405443923574	371
1	3365	275362.696704966973	372
1	3370	275760.253120679434	373
1	3379	276374.898224417145	374
1	3388	276782.936190208446	375
1	3397	277927.703581983249	376
1	3406	278881.5598192625	377
1	3415	279229.394174739743	378
1	3424	280282.811187207724	379
1	3435	280999.908801494191	380
1	3444	281756.66809547695	381
1	3453	282534.513429366077	382
1	3464	283378.832643292869	383
1	3471	283778.327258722881	384
1	3480	284339.095115242551	385
1	3487	285123.594541009541	386
1	3496	285996.733320923547	387
1	3507	286603.242384642387	388
1	3514	286977.541628200585	389
1	3527	288006.528117321457	390
1	3534	288827.713416097711	391
1	3541	289332.063144212614	392
1	3552	290102.416250249397	393
1	3559	290568.185548111822	394
1	3570	291390.928641613599	395
1	3577	291909.356794366639	396
1	3586	292631.332220183713	397
1	3595	293330.762015143436	398
1	3604	294253.451526258168	399
1	3613	294689.499326376272	400
1	3622	295396.536073694033	401
1	3631	296094.818732840967	402
1	3642	297266.708166059134	403
1	3649	297967.194744665203	404
1	3658	298907.738432614161	405
1	3671	299912.690157769276	406
1	3678	300483.702540211408	407
1	3689	301344.773320527775	408
1	3694	301909.644673950998	409
1	3705	302812.396452901913	410
1	3712	303400.760661251872	411
1	3721	304312.763739377289	412
1	3734	305203.295333404122	413
1	3743	305843.507556617288	414
1	3750	306657.215726422174	415
1	3759	307440.149085363401	416
1	3766	308055.695428093923	417
1	3775	308760.483842343121	418
1	3784	309481.344002159341	419
1	3793	309968.590643489762	420
1	3806	311188.803819520429	421
1	3815	312018.950570141927	422
1	3820	312410.914350254492	423
1	3829	313105.95913999717	424
1	3838	313658.724561799348	425
1	3847	314645.751234283701	426
1	3858	315506.701886979893	427
1	3869	316207.434804830731	428
1	3876	316614.150997856663	429
1	3887	317878.717617597462	430
1	3896	318511.592384800346	431
1	3903	319081.231146538661	432
1	3914	320112.250300403716	433
1	3919	320566.310981428282	434
1	3928	321103.927795495869	435
1	3939	321936.196831427547	436
1	3950	322736.979846004429	437
1	3959	323194.246706692534	438
1	3964	323739.876954769748	439
1	3973	324481.783028645473	440
1	3982	325281.10735206868	441
1	3993	325848.630874743717	442
1	4000	326262.896245904299	443
1	4013	327676.83833059858	444
1	4020	328350.101552344891	445
1	4029	328738.320593582499	446
1	4036	329147.840806189957	447
1	4045	329731.055086478623	448
1	4054	330712.58060806434	449
1	4065	331310.495606297658	450
1	4074	332298.964956868471	451
1	4081	332720.584089215876	452
1	4094	333934.89925931211	453
1	4101	334590.704884054171	454
1	4108	334984.953933348911	455
1	4119	335849.273271951856	456
1	4126	336462.065155757623	457
1	4137	337565.134357893871	458
1	4144	337923.70302421044	459
1	4155	338724.239605385842	460
1	4164	339451.034707808899	461
1	4175	340272.236318746614	462
1	4182	341117.170943459528	463
1	4193	341999.99567633498	464
1	4200	342607.654482079703	465
1	4207	343050.310547975856	466
1	4216	343877.394529664922	467
1	4227	344800.362550187889	468
1	4234	345606.418179580975	469
1	4245	346504.516492411527	470
1	4256	347174.113663472269	471
1	4261	347537.975093023885	472
1	4270	348130.206672381644	473
1	4279	349257.393322326277	474
1	4288	350082.95079809617	475
1	4297	350584.394856356119	476
1	4306	351491.791115328705	477
1	4317	352291.600904194673	478
1	4326	352979.555511055549	479
1	4337	353711.581312771922	480
1	4342	354011.980149708724	481
1	4351	354755.067713884672	482
1	4362	355448.695802455804	483
1	4369	355921.230310527644	484
1	4380	356863.903791597149	485
1	4389	357634.695629775561	486
1	4400	358588.308773562348	487
1	4407	359181.274967640674	488
1	4414	359701.032792823425	489
1	4427	360832.893823692612	490
1	4436	361719.16086785499	491
1	4445	362446.030863141678	492
1	4454	363292.465117480643	493
1	4459	363763.586884411089	494
1	4468	364340.149343200065	495
1	4477	365316.44563260492	496
1	4486	365865.610115462952	497
1	4497	366908.414604468309	498
1	4506	367765.662781521714	499
1	4515	368449.057218292764	500
1	4524	369008.010219968891	501
1	4533	369856.815207470244	502
1	4544	370618.424438405818	503
1	4549	371047.228279430455	504
1	4558	371744.307216256893	505
1	4569	372785.517385974562	506
1	4578	373596.775024384296	507
1	4587	374139.966124529055	508
1	4598	375199.576914170792	509
1	4603	375526.868140557816	510
1	4614	376830.536783812603	511
1	4623	377225.256395665964	512
1	4630	377883.031205367332	513
1	4639	378462.92915088128	514
1	4648	378994.582615233992	515
1	4659	379913.945648213883	516
1	4666	380538.325950410252	517
1	4677	381070.423614699428	518
1	4686	381587.873178441113	519
1	4693	382280.164576973801	520
1	4704	383028.790886001697	521
1	4715	383994.597218697927	522
1	4720	384296.492177015207	523
1	4729	385372.657179879061	524
1	4742	386316.54015309181	525
1	4751	387146.202565077729	526
1	4760	388045.886277034916	527
1	4767	388781.327827647366	528
1	4774	389523.917006095909	529
1	4787	390294.876094814428	530
1	4796	391093.169705802613	531
1	4801	391439.27864693109	532
1	4814	392630.429989658334	533
1	4819	392962.904868554362	534
1	4832	393954.622768471055	535
1	4837	394349.370735185258	536
1	4846	395202.502492396198	537
1	4857	395990.308720339127	538
1	4864	396409.443213650994	539
1	4877	397590.706178080328	540
1	4886	398401.040652254634	541
1	4891	398714.954341063314	542
1	4900	399612.0741869789	543
1	4913	400732.929381402248	544
1	4918	401271.025017136747	545
1	4927	401872.648773109579	546
1	4938	402966.169935045803	547
1	4947	403701.416087849106	548
1	4954	404097.588808788027	549
1	4963	405075.203435914631	550
1	4972	405818.71276460592	551
1	4981	406480.863292235921	552
1	4990	407186.319963075261	553
1	4999	407750.293818349059	554
1	5012	408737.71160999317	555
1	5021	409615.639747912104	556
1	5028	409992.614918667863	557
1	5035	410432.446174509863	558
1	5044	411066.321289306546	559
1	5053	411551.000422658438	560
1	5064	412410.188782028894	561
1	5075	413155.052961129735	562
1	5084	414005.702709546353	563
1	5089	414451.705179875757	564
1	5102	415408.741293707903	565
1	5107	415983.302802499424	566
1	5118	416694.111330807249	567
1	5125	417383.301356155466	568
1	5134	417789.115852536675	569
1	5143	418653.696198854636	570
1	5156	419499.677895661484	571
1	5165	420391.420332016464	572
1	5174	420938.201592396985	573
1	5183	421275.438798498403	574
1	5190	421806.153647555079	575
1	5197	422468.729624943849	576
1	5206	422918.70590792973	577
1	5215	423782.526431093034	578
1	5226	424740.536509500859	579
1	5233	425129.078849405093	580
1	5242	426239.916993677659	581
1	5251	427012.338664569003	582
1	5260	427565.069659100888	583
1	5273	428497.14741711509	584
1	5278	428838.434955105228	585
1	5287	429809.553302032916	586
1	5296	430570.017040427816	587
1	5305	431133.975205058274	588
1	5314	431720.927083818285	589
1	5325	432357.439655391542	590
1	5334	433151.108293980403	591
1	5341	433763.521784031806	592
1	5350	434388.3896583226	593
1	5359	434856.902367482004	594
1	5368	435563.520244834987	595
1	5381	436659.178958600429	596
1	5388	437162.644587317524	597
1	5395	437713.534990092782	598
1	5408	438971.728929039133	599
1	5415	439548.102288181004	600
1	5422	439915.563640510705	601
1	5433	440522.354904748542	602
1	5440	441205.557620571969	603
1	5453	442314.153868379114	604
1	5462	443146.109612379266	605
1	5467	443577.586931968151	606
1	5476	444463.898998824923	607
1	5487	445361.841739760756	608
1	5494	445890.099704917565	609
1	5507	446963.001182908236	610
1	5512	447275.533737335398	611
1	5521	447907.337733171924	612
1	5532	449220.016885455741	613
1	5541	450118.827510019808	614
1	5548	450557.217842945873	615
1	5561	451677.409296389713	616
1	5566	452063.711338816254	617
1	5575	452682.254723645791	618
1	5584	453625.931202387481	619
1	5597	454410.790295479863	620
1	5606	455301.717503042936	621
1	5611	455781.928829988509	622
1	5620	456294.700839975893	623
1	5631	457462.176564848094	624
1	5642	458215.413100272461	625
1	5649	458571.891448320865	626
1	5656	459028.066179435744	627
1	5667	459724.709534319163	628
1	5674	460242.42060212423	629
1	5685	461195.083788223609	630
1	5692	461784.721891209527	631
1	5703	462887.081405986144	632
1	5710	463467.404149146794	633
1	5721	464306.221554335251	634
1	5728	465037.405010405972	635
1	5737	465876.981784310236	636
1	5748	466553.894474683374	637
1	5759	467399.135889485523	638
1	5766	468051.024467451543	639
1	5773	468528.745709219992	640
1	5782	469259.629225730941	641
1	5791	470060.286624496848	642
1	5804	471386.454706499397	643
1	5813	472268.520238995596	644
1	5818	472674.753628531515	645
1	5827	473220.542643964334	646
1	5836	473807.795991282954	647
1	5845	474498.700260836675	648
1	5854	475053.466791054278	649
1	5865	476098.090384388388	650
1	5872	476604.811983648733	651
1	5885	477383.932308107659	652
1	5894	478278.849168168425	653
1	5901	478794.693699432581	654
1	5910	479466.57986515206	655
1	5921	480143.531781015961	656
1	5930	481026.59869291824	657
1	5939	481818.357718130617	658
1	5944	482659.704454382925	659
1	5953	483201.33139570248	660
1	5964	484401.720919925763	661
1	5971	484825.998017750724	662
1	5980	485526.555824093564	663
1	5989	486428.980127675502	664
1	6002	487887.830286752476	665
1	6007	488430.754827288954	666
1	6016	489074.702269351153	667
1	6027	489696.844907524108	668
1	6034	490025.538278650536	669
1	6043	491117.135803727477	670
1	6056	492041.156067838937	671
1	6063	492758.91389055182	672
1	6072	493531.621344806671	673
1	6081	494294.823980005503	674
1	6092	495233.324291696817	675
1	6101	496029.52612205413	676
1	6108	496350.616562599361	677
1	6119	497151.441757567272	678
1	6128	498051.20560987857	679
1	6135	498806.635924195916	680
1	6142	499335.6045942754	681
1	6151	499993.092791782737	682
1	6160	500774.236802011772	683
1	6173	501734.861560491889	684
1	6178	502153.372057154819	685
1	6191	503140.15095639047	686
1	6198	503946.24746376653	687
1	6209	504724.648711038797	688
1	6214	505138.425204763233	689
1	6225	505971.24545280826	690
1	6234	506869.451562501534	691
1	6241	507251.980477524965	692
1	6250	507972.425631433769	693
1	6259	508654.490803414999	694
1	6268	509485.939177544831	695
1	6279	510135.563158197373	696
1	6290	510663.363019237339	697
1	6295	511252.510690502867	698
1	6304	511837.494981754615	699
1	6313	512820.174238504887	700
1	6322	513281.398336635948	701
1	6331	514183.866160735532	702
1	6342	515269.115052698226	703
1	6353	516316.264764452399	704
1	6358	516712.688287021638	705
1	6371	517873.894306132616	706
1	6378	518366.908347699837	707
1	6387	519116.093561751814	708
1	6394	519774.506466882349	709
1	6407	521138.529152283491	710
1	6414	521841.087802592711	711
1	6423	522615.386539790825	712
1	6430	523045.006934506864	713
1	6443	524111.023586243437	714
1	6450	524491.36073235427	715
1	6459	525245.072676474275	716
1	6468	526109.457854228141	717
1	6479	527032.149829901801	718
1	6488	527861.159547278704	719
1	6495	528462.065673340158	720
1	6502	529132.723036827566	721
1	6511	529960.772082768428	722
1	6520	530857.705512084114	723
1	6529	531426.783902104991	724
1	6534	531820.526950294199	725
1	6549	532933.035491220701	726
1	6558	533712.088998500306	727
1	6569	534556.337435776416	728
1	6576	535115.944833448205	729
1	6587	536062.978875031743	730
1	6594	536875.283326674301	731
1	6603	537366.970379417811	732
1	6612	538208.718917844866	733
1	6621	538985.709650069524	734
1	6630	539497.809465229561	735
1	6639	540099.605367612143	736
1	6650	541274.9418849126	737
1	6657	541834.869007207503	738
1	6664	542231.578226527249	739
1	6673	543185.253045335461	740
1	6684	544193.058740766769	741
1	6695	545052.320672851106	742
1	6700	545422.215025825476	743
1	6709	546334.790043532899	744
1	6720	547059.422053629583	745
1	6727	547504.265614505908	746
1	6738	548374.338369257799	747
1	6745	548877.9335757718	748
1	6758	550044.894210901162	749
1	6763	550656.102150399289	750
1	6772	551291.81737820623	751
1	6781	552263.641992956451	752
1	6792	553021.012147748894	753
1	6799	553351.33662633603	754
1	6810	554482.358995126612	755
1	6817	555063.412818219564	756
1	6828	555898.699585022456	757
1	6837	556365.126187680341	758
1	6844	556958.293799310975	759
1	6853	557833.823883393831	760
1	6862	558699.723218707419	761
1	6873	559988.561102561705	762
1	6880	560832.228739187174	763
1	6891	561439.518621889925	764
1	6902	562005.55311664944	765
1	6907	562418.738043867102	766
1	6920	563250.246550887874	767
1	6927	563769.01761875493	768
1	6934	564213.401247840426	769
1	6947	565242.560354992798	770
1	6952	565812.218156363866	771
1	6963	566788.999478006786	772
1	6972	567255.092307273349	773
1	6979	568104.481424577585	774
1	6988	568535.744450613907	775
1	7001	569699.470142042315	776
1	7008	570499.503877898729	777
1	7019	571068.779179360768	778
1	7028	571776.312968926555	779
1	7033	572152.721152966893	780
1	7044	573103.502786345831	781
1	7051	573661.760463053412	782
1	7064	574537.83688643021	783
1	7073	575268.602449446967	784
1	7082	575793.502457952177	785
1	7087	576202.395263174599	786
1	7096	577111.144922487488	787
1	7105	577710.672404430856	788
1	7114	578165.810024226134	789
1	7123	579195.341886766305	790
1	7134	579629.146903613632	791
1	7143	580276.557264709896	792
1	7152	581105.406979518062	793
1	7161	581902.242934936708	794
1	7170	582712.299077538824	795
1	7177	583048.978853831118	796
1	7188	584199.817007593861	797
1	7195	584808.845261810399	798
1	7206	585681.249755853839	799
1	7213	586277.454188978351	800
1	7226	587354.916554829157	801
1	7231	587700.161291705496	802
1	7244	589064.22600047668	803
1	7251	589543.43533460056	804
1	7258	590206.306254817225	805
1	7267	591144.915226846986	806
1	7276	592425.450280308776	807
1	7285	592771.138035971724	808
1	7290	593333.163225604274	809
1	7303	594875.033573107847	810
1	7312	595584.333668137023	811
1	7325	596316.814563190618	812
1	7330	596975.686348881626	813
1	7343	598029.068090720156	814
1	7348	598355.751119647229	815
1	7357	599428.001041291335	816
1	7366	600473.410188546459	817
1	7375	601224.109176266993	818
1	7388	602103.398416517358	819
1	7393	602409.539735969212	820
1	7402	603391.000809101443	821
1	7415	604447.449356038179	822

