version 2
run Pipelined_3Teachers-41-20190105-10:57:27-11404
attr configname Pipelined_3Teachers
attr datetime 20190105-10:57:27
attr experiment Pipelined_3Teachers
attr inifile ../simulations/omnetpp.ini
attr iterationvars "$0=\"uniform\""
attr iterationvarsf uniform-
attr measurement "$0=\"uniform\""
attr network PipelinedExamSession
attr processid 11404
attr repetition 41
attr replication #41
attr resultdir results
attr runnumber 41
attr seedset 41
param **.teachersNumber 3
param **.answerTimeDistribution "\"uniform\""
param **.minUniform 300
param **.maxUniform 900
param **.scaleLognormal 6.2854
param **.shapeLognormal 0.4724

vector 0 PipelinedExamSession examinationTime:vector ETV
attr source examFinished
vector 1 PipelinedExamSession studentID:vector ETV
attr source student
0	3199	260238.281369721542	1885.5473193806
0	3208	260934.829699248101	1807.5740278233
0	3221	262049.971685092921	2128.9606380276
0	3228	262566.501834942053	2139.6832130849
0	3235	262897.188318846772	1675.3686432727
0	3244	263646.083790203581	1596.1121051107
0	3253	264347.688465099806	1668.9196867403
0	3264	265564.275501854743	2202.4370342027
0	3275	266349.641801090936	2245.6099784933
0	3280	266840.925214206825	1966.8677985203
0	3293	267913.771876925628	2140.0164522696
0	3298	268283.47781184132	1933.8360107504
0	3309	269331.721662310909	2110.2958399337
0	3320	270299.657047167446	2385.8851702418
0	3327	271005.903250817235	2440.4379517771
0	3334	271506.026415014665	2095.3083529137
0	3345	272406.765171652685	2107.1081244852
0	3356	273247.191868023972	2096.0487011354
0	3361	273560.574976634259	1680.1316702273
0	3374	274499.860345618825	1788.5480419267
0	3383	275257.140602124881	2009.9487341009
0	3388	275615.448496537309	1652.0272723865
0	3399	276352.980393497299	1853.1200478785
0	3406	276684.435449866604	1427.2948477417
0	3415	277476.684955693807	1611.3975778688
0	3420	278064.144954504471	1440.8927137032
0	3433	278985.295011056613	1670.0913973153
0	3446	279957.640813523929	1804.8052412923
0	3453	280550.834256643455	1871.4099258184
0	3462	281402.071104850645	2266.3486132398
0	3471	282105.008238879989	2147.3674253561
0	3478	282530.375493736963	1823.1983946171
0	3489	283749.853601027305	2265.8954291604
0	3496	284144.96710505339	1813.2475589868
0	3505	285019.629064667994	1877.2045251913
0	3514	285875.618391064952	1918.6920574866
0	3525	286986.446112161527	2141.9221547898
0	3532	287392.666656849931	1827.6614082512
0	3543	288722.849853197137	2392.435761122
0	3552	289327.211703266973	2099.9929376878
0	3559	290110.227247606988	2137.5906364527
0	3572	291000.006943289214	2146.7388519086
0	3579	291653.067586524436	1955.5998043623
0	3586	292039.275614172244	1779.5152761508
0	3597	293366.017260169634	2366.0103168804
0	3604	293866.403273725906	1980.8858072385
0	3613	294571.800284413645	1965.6300583854
0	3622	295475.540725607449	2010.4742528871
0	3631	296462.601604498947	2254.9511269201
0	3640	296902.723858924608	1838.7879375368
0	3653	297903.832547273511	2078.1602560077
0	3662	298738.164452696243	2159.0354767162
0	3671	299347.338781692112	2039.2313468736
0	3678	300023.591444408545	2119.758897135
0	3685	300515.160309243971	1776.9958565477
0	3696	301375.698772771308	2028.3599910792
0	3703	302238.250229274878	2099.7603504919
0	3716	303079.950200021291	2224.8912436422
0	3721	303502.233685227135	1936.8865664117
0	3734	304836.759948357964	2511.9494643062
0	3739	305490.66738034601	2410.7171803247
0	3750	306504.36460054482	2536.9390266482
0	3757	306873.479997413257	2036.7200490553
0	3766	307243.150365119824	1509.3948287889
0	3775	308380.642904061848	1860.0337120704
0	3784	308760.739724664042	1520.1513388194
0	3793	309554.075566353301	1521.5518144425
0	3802	310086.033063987294	1528.5621176474
0	3813	311310.339032392974	2086.6735030431
0	3820	311775.699201878185	1942.9559565615
0	3831	312767.210882809038	2258.8887849357
0	3842	313384.779269713934	1997.0098539256
0	3851	313992.187406541805	1823.8158866297
0	3858	314413.023288035791	1634.1597142629
0	3869	315403.156407969098	2018.3771382552
0	3876	315942.436185199793	1950.248778658
0	3883	316265.290343575205	1749.8739895876
0	3894	317633.406614419098	2230.25020645
0	3901	317959.762456035267	1797.4928559735
0	3910	318985.025326162601	1925.0449141022
0	3919	319524.997681332777	1738.5393274482
0	3928	320226.846777554626	1816.9212253299
0	3939	321406.82811965237	2383.5096172057
0	3946	322260.734920576239	2455.4091741331
0	3957	323189.715771563375	2527.1058103535
0	3966	323977.3357997183	2419.6230628062
0	3973	324458.54082978333	2035.4192955885
0	3984	325422.609327128182	2129.0785019752
0	3991	326174.748683441455	1989.7258835379
0	4000	326975.452308543052	2151.3608294539
0	4013	327801.568385353337	2123.5860925633
0	4022	328450.616711983482	1888.1903607398
0	4031	329177.556537603984	1873.8690856844
0	4040	329764.719505514974	1963.1511201616
0	4045	330094.181558769221	1643.5648467857
0	4056	331100.864463206405	1923.3079256024
0	4063	331445.183663489321	1680.4641579743
0	4072	332296.244646376024	1915.6681216322
0	4083	333196.37270579117	2086.3416520413
0	4092	333981.267389422307	1993.3318757918
0	4103	335116.909107752169	2400.4690996371
0	4110	335759.872476803164	2180.8230792638
0	4121	336605.859241727765	2151.7984699924
0	4130	337351.747916685443	2234.8388089333
0	4137	337803.898535063516	1829.0296213701
0	4144	338491.965304780777	1886.106063053
0	4155	339579.785420419674	2228.0375037342
0	4162	340353.696956718366	2294.3927621003
0	4171	341179.532307805519	2377.9700175393
0	4180	341836.905379174302	2172.3985298071
0	4191	342601.685133017625	2050.5597147625
0	4198	343377.334673842441	1928.069023462
0	4209	344660.634275944929	2494.8516233359
0	4216	345118.307673465486	2061.6257598158
0	4229	346449.661881895762	2506.7310917191
0	4234	347053.008568799149	2307.7989543322
0	4243	347453.444112511378	1861.2987383734
0	4252	348545.946416258839	2096.2845343631
0	4265	349519.549888512147	2225.7846241817
0	4272	350343.93560173924	2228.2500034198
0	4283	351109.307422349257	2453.5752817523
0	4290	351818.616957357181	2299.067068845
0	4297	352324.517035111813	1938.3173521142
0	4308	353177.77543114501	2068.4680087958
0	4315	353756.485344562707	1878.4362763166
0	4324	354450.77762044969	1842.8441831376
0	4333	355200.426532980083	1891.9048667885
0	4342	356133.537555579124	1997.7354812901
0	4351	356848.002510052202	1876.7723516095
0	4364	357880.544916959507	2266.3601408713
0	4369	358328.077640896691	1873.057993222
0	4380	359399.716297164587	2180.9922039974
0	4387	359963.424317445634	2082.8794004861
0	4398	360748.314872570364	2076.692377869
0	4405	361186.677063955022	1713.7156864163
0	4418	362624.896159395605	2357.4601414148
0	4425	362984.728252748057	2091.063304944
0	4436	363668.577959574789	1909.3358050101
0	4441	363973.862546263293	1348.9663868677
0	4452	364774.433430237725	1731.369554624
0	4459	365155.227754823894	1486.6497952491
0	4470	366229.089978989244	2149.4294938166
0	4477	366606.308767385811	1793.4311434161
0	4488	367606.423696177111	1965.7846772578
0	4499	368455.29756154868	1945.2185072936
0	4508	369166.478521004349	2097.0986964181
0	4513	369620.036378223479	1971.0408516694
0	4526	370718.133058771521	2262.8354972228
0	4531	371026.879352889985	1860.4008318856
0	4540	371678.455751342729	1641.5313189849
0	4553	373104.753167973861	2386.6201092023
0	4558	373558.729034476012	2010.641742032
0	4569	374200.12455987747	1783.3670797292
0	4576	374827.133533638	1722.3803656641
0	4589	375756.527686491639	1977.2515144665
0	4594	376358.386118989468	1726.2180534191
0	4605	377114.76744110699	1966.2312558386
0	4612	377677.838036092028	1921.3103496004
0	4621	378326.642461074546	1792.7043675911
0	4630	379193.926003016562	1836.8396897335
0	4643	380321.917990827963	2083.0597793218
0	4652	380983.173190662667	2232.463658927
0	4661	381753.211587946892	2175.731229689
0	4666	382088.495270116285	1766.5772792883
0	4679	383104.610403534055	2121.4372128714
0	4684	383562.147432658851	1808.935844712
0	4693	384248.511601751701	1814.5552248694
0	4702	385274.857213720709	2170.2468101867
0	4711	385769.650625064999	1841.0309015773
0	4720	386655.517626274407	1866.7592997663
0	4731	387578.853621566698	2143.9770614728
0	4738	388333.133666357055	2011.263755383
0	4749	389252.187122264906	2195.7224593498
0	4756	389688.166921399564	1749.8834615573
0	4769	390587.146876193613	2081.478488585
0	4778	391367.008932027996	2059.3925218564
0	4785	391918.721239781037	2103.175603319
0	4792	392429.361541382998	1842.2146651894
0	4803	393686.374831432507	2319.3658994045
0	4814	394283.619455108449	2140.5015612021
0	4819	394747.14653827253	1807.8854276799
0	4828	395264.380911458314	1540.2182101272
0	4841	396318.950041104138	2035.3305859957
0	4850	396856.190034281492	1778.4404227976
0	4857	397468.181743193447	1554.1014541872
0	4864	398095.066740782961	1776.1166996788
0	4877	398909.285527048662	2053.0954927672
0	4882	399310.426522605151	1642.6581594162
0	4895	400461.334940046102	2187.6666523051
0	4902	401217.393103055686	2308.107576007
0	4913	402025.098310271308	2429.2868784629
0	4920	402711.918682185963	2250.5837421399
0	4929	403602.327977120906	2286.8305204902
0	4936	404098.213491914824	2073.1151816435
0	4949	405232.569836452633	2402.203927841
0	4954	405704.190981108725	1993.4538394678
0	4963	406314.347698073864	1850.0850430224
0	4976	407466.556363971933	2233.9865275193
0	4985	408122.663112357288	2122.6509725209
0	4994	408900.073424913018	2227.5974141434
0	5001	409557.236587023391	2090.6802230515
0	5008	410152.453993074625	2029.7908807173
0	5019	410961.884367093473	2061.8109421805
0	5022	411401.180479209899	1651.5605477616
0	5037	412932.070694630995	2357.5860933401
0	5044	413449.469341803372	2044.946422521
0	5055	413936.769133759692	1673.6070802901
0	5062	414501.780088618427	1463.5289041791
0	5071	415933.511567674607	2349.8017353471
0	5084	416624.343192391127	2150.5691842642
0	5091	417209.973990730971	1868.0384171661
0	5098	417690.714430203691	1562.0512371417
0	5111	418848.548179445818	2224.2049870547
0	5116	419396.432752953872	1916.0139945801
0	5127	420370.394718227938	2340.0017115287
0	5138	421273.435280006409	2424.8871005606
0	5147	421993.322672741518	2326.1515103281
0	5156	422661.540427152098	2204.7663708217
0	5165	423505.704247159914	2232.2689671535
0	5174	424351.031297352196	2357.7086246107
0	5183	425082.503929920526	2420.9635027684
0	5192	425923.941386444526	2418.2371392846
0	5199	426630.574997328254	2279.5436999761
0	5206	427092.144158156621	2009.6402282361
0	5215	427858.227729331734	1934.2863428872
0	5224	428806.3727627043	2028.4369608387
0	5237	429856.575555726919	2348.5774023458
0	5242	430364.395512174848	2066.4035151713
0	5253	431356.957357423413	2294.6107325144
0	5260	431824.156817095387	1967.5812613685
0	5273	433124.871564237434	2440.8114922699
0	5280	433792.153121950138	2279.6992197633
0	5287	434227.620333479751	1911.9399643969
0	5298	435187.412311602417	2062.540747365
0	5305	435643.16376121718	1709.6683513373
0	5316	436561.891629919444	1786.1745518167
0	5323	437377.445593988557	2014.2970820423
0	5334	438177.280335221474	1961.6151818074
0	5345	439263.577458076214	2284.2652768828
0	5350	439744.121877104079	2011.6180114914
0	5361	440688.833812437987	2283.6998792365
0	5368	441080.051866639441	1816.4744085632
0	5381	442531.438393984026	2537.7756346017
0	5386	442981.681322632394	2111.0267990269
0	5395	443615.785800386256	1936.5451483056
0	5406	444193.593755504152	1662.1553615201
0	5413	444775.551624130494	1636.8794098031
0	5422	446023.653644090555	2197.6571226027
0	5431	446435.870316205583	1996.4058708865
0	5440	447145.998008362985	1937.3962193727
0	5449	447939.377913856915	1867.637967132
0	5462	448957.294844929165	2255.0462855492
0	5469	449798.519814759529	2410.2710556239
0	5478	450331.071089766956	2150.4763640463
0	5489	451515.975887049027	2558.6810421199
0	5494	451990.718443086408	2183.7224231567
0	5507	453171.38477778066	2525.664508855
0	5514	453740.166666777842	2224.1907797288
0	5525	454132.049613073506	1783.6839338299
0	5530	454449.127728072964	1277.7429502923
0	5539	455615.270598745012	1870.6886247732
0	5548	456108.75302189965	1976.7034088261
0	5561	457196.6691674665	2241.4326871745
0	5570	457815.163190010973	2116.5614262689
0	5579	458317.677154485174	2017.8113303147
0	5584	458623.571142274924	1426.9019748084
0	5593	459495.663306210228	1680.5001161993
0	5606	460641.723179211878	2324.0460247267
0	5611	460962.435478996523	1840.9868826158
0	5624	461706.498376792335	1756.1460206285
0	5633	462587.251734361091	1945.5285551492
0	5642	463295.717419730538	2066.3029736839
0	5651	464173.802120983639	2467.3037441913
0	5658	464614.19601626698	2026.9442819059
0	5665	465277.187037142033	1981.4696174115
0	5676	466296.791910007635	2122.989789024
0	5683	466954.028415586838	1986.8757728487
0	5692	467487.324232142457	1808.8172252756
0	5701	468309.929909510577	1792.7470325958
0	5714	469440.778110176364	2151.8263595179
0	5721	469995.575730130116	2241.2419012282
0	5732	471127.743570087516	2495.2912080567
0	5737	471732.77605162006	2291.9979414437
0	5746	472295.922696869858	2051.455717301
0	5759	473647.030096733981	2519.2865266465
0	5768	474472.693639760875	2458.3934926428
0	5773	474963.252175273412	2073.2834874652
0	5784	475795.634261006527	2148.6041642725
0	5791	476362.443098472469	1889.7494587116
0	5800	477144.24161086794	1845.2414870728
0	5811	478002.752033807375	2023.7716075033
0	5820	478974.478563945779	2184.8911369219
0	5831	479827.586215920785	2469.1409296822
0	5836	480150.191290676632	1906.7144416273
0	5847	481155.680301971772	2085.5291110463
0	5854	482010.205219639504	2182.6190037187
0	5863	482691.851108148733	1985.0438475609
0	5872	483498.29159779478	1918.7295521144
0	5885	484795.951104909221	2430.4559188429
0	5890	485162.528482591773	1976.6863629688
0	5899	485711.280029872472	1714.2453608103
0	5908	486450.232464680488	1654.2813597713
0	5917	487310.825650999362	1974.0739483852
0	5928	488029.815314523915	2013.4598993696
0	5935	488701.96614107121	1846.2498757057
0	5944	489303.761056624392	1796.2570297066
0	5955	490379.65201344345	2123.6479413696
0	5962	490796.775319939519	1673.9888304379
0	5973	491455.01503078271	1604.4811905362
0	5982	492571.598745463456	2151.7410793807
0	5991	493151.773318648378	2172.9427592363
0	6002	494300.508818076963	2576.6552877612
0	6009	495041.536421421955	2449.6417120099
0	6020	495961.01698782299	2504.4111136347
0	6029	496719.238613080274	2418.7297950033
0	6036	497058.189930114936	1990.355479857
0	6043	497570.524141145911	1609.5071533229
0	6054	498158.106473134871	1438.8678600546
0	6065	499082.036559982267	1880.0343666226
0	6072	499499.467276269612	1850.3291479312
0	6083	500360.846151039046	1998.5572133213
0	6090	500925.285248039332	1843.2486880571
0	6099	501504.054074641359	1782.201998122
0	6106	502177.162217907649	1816.3160668686
0	6115	503297.770692408127	2312.3770618346
0	6124	503881.260455120397	2087.814554153
0	6135	504803.989261295689	2128.9252978284
0	6146	505477.564808120994	2076.2584016193
0	6153	505914.659653510941	1712.6681114081
0	6164	507127.116617281033	2295.8814826794
0	6169	507644.939173618375	2167.3743654974
0	6178	508276.37523938906	1926.7029484268
0	6187	508826.248141285075	1699.131524004
0	6196	509288.202486187262	1332.8103301115
0	6209	510548.715249029962	2028.7618948147
0	6218	511164.077305980069	1883.3152878564
0	6225	511626.112845959184	1780.5203727912
0	6232	512235.645191324917	1686.929942295
0	6243	513158.8317424525	1994.7544364724
0	6252	514272.294266754803	2401.9255292136
0	6263	514874.158377153841	2160.6536496431
0	6272	515633.438386023087	2160.9418520238
0	6281	516252.320148423357	1954.0992784314
0	6286	516557.907359115822	1683.748981962
0	6297	517577.03143428084	1943.5930482578
0	6304	517993.584007211072	1741.2638587877
0	6313	518917.281480180142	1782.2327116504
0	6326	519826.216606563	2038.8767169323
0	6335	520704.02275999081	2159.6778532024
0	6342	521170.249345712407	2092.2495773993
0	6353	522058.188117295547	2231.9715107325
0	6360	522692.01675136578	1987.993991375
0	6367	523176.050419919236	1597.2556766588
0	6376	523734.255471127151	1676.0673538316
0	6387	524642.310355883135	1799.2929146625
0	6398	525778.604184323965	2264.461149741
0	6405	526539.951483998491	2343.5273914598
0	6414	527293.626092607199	2322.7333280258
0	6421	527726.06687145312	1947.4626871292
0	6430	528503.36602753964	1889.9014332332
0	6441	529456.243645073889	2050.3616678528
0	6452	530282.199077121957	2137.0182327926
0	6459	530702.28442680095	1803.0453341547
0	6470	531533.431573072492	1749.2080723867
0	6479	532416.104513313665	2133.9054361917
0	6488	533271.470207814171	2382.7407087665
0	6497	534067.207807861312	2533.7762347888
0	6506	534676.438102405562	2260.3335890919
0	6511	535260.523758363022	1989.0535505489
0	6524	536289.096227567687	2221.8884197064
0	6531	536697.304125549316	2020.8660231438
0	6538	537362.497366592332	1856.1141343787
0	6547	538333.146745199382	2044.0505176317
0	6558	539212.867577048063	2277.3595623672
0	6565	539601.355616049886	1803.5623161122
0	6576	540550.387994293169	1889.2863605171
0	6587	541277.284032153011	1986.9719237555
0	6596	541747.759487573103	1802.5275918189
0	6605	542647.042084252507	2057.3045449331
0	6612	543097.30319185187	1820.0191596989
0	6619	543892.722685122908	2144.9631975498
0	6630	544704.356011329265	2057.3139270768
0	6637	545362.363355420575	1842.5673939753
0	6650	546253.490535076754	2013.439361332
0	6657	546671.405029110657	1686.2868596334
0	6668	547596.183966659056	2052.9650987126
0	6673	548202.072773594456	1948.5822385177
0	6682	548666.355009097652	1769.8063998017
0	6687	549083.702008333103	1487.518041674
0	6702	550481.472347164573	2150.0733463559
0	6709	551068.79283492458	1957.361306157
0	6720	552060.68713883874	2078.7345393095
0	6727	552704.198510013567	2080.6369038764
0	6740	553508.347959537106	2004.8286917154
0	6747	554108.833441743674	1942.1977247111
0	6754	554444.139016186865	1632.3425034061
0	6763	555153.161167027476	1644.8132074904
0	6776	556143.144505284774	1902.4188914336
0	6785	556899.196856981191	2006.2708448153
0	6790	557394.075693469542	1806.8250013981
0	6801	558232.709990115884	2089.5654848311
0	6808	558727.73817577404	1828.5413187928
0	6821	560082.149752881425	2369.2764983978
0	6828	560731.354889972183	2349.0443049464
0	6839	561548.4030514956	2279.6019386966
0	6846	562136.801921110648	2054.6521682292
0	6853	562653.520335769329	1916.5351354983
0	6864	563680.096007511068	2131.6929560155
0	6871	564301.872313907418	2111.9693093933
0	6882	565120.879382360774	2102.3265670985
0	6891	565624.384934362072	1716.3246422075
0	6898	566069.473013235304	1491.1935876589
0	6911	566815.247683133979	1656.8883711006
0	6916	567152.354182396133	1480.7870187331
0	6927	567896.780863171492	1717.8662537131
0	6938	568702.952456614051	1887.7047734801
0	6945	569205.522493924994	1658.3817895968
0	6952	569962.539286678705	2048.6265430693
0	6963	570716.224933555398	2013.2724769413
0	6974	571853.736477624673	2425.8601478767
0	6981	572617.161358706701	2386.5339067765
0	6990	573361.218534316916	2310.9125460964
0	6999	574139.366406854291	2285.6299292296
0	7006	574530.123315006543	1786.7141724564
0	7015	575348.129142634618	1971.1331235711
0	7028	576695.047346921685	2423.5008234624
0	7037	577583.098305249634	2599.9807541259
0	7042	578138.543269923004	2274.7559426352
0	7053	578788.837178796578	2093.7898318749
0	7062	579748.432669183287	2165.3343639337
0	7069	580218.075181078213	1825.0592230819
0	7080	581140.213099960285	2140.2184921782
0	7087	581569.219087623107	1722.6801873185
0	7096	582684.711946500513	2051.1351637077
0	7107	583509.145009657416	2097.853006795
0	7116	584359.946725331295	2178.604139993
0	7123	584716.654145764235	1717.7773929667
0	7132	585813.735615788075	1929.2559994385
0	7143	586719.676540419507	2125.1525797416
0	7154	587588.779949862558	2294.8804463726
0	7163	588321.333760349128	2282.1625102311
0	7168	588649.22067071316	1908.5268390365
0	7177	589541.091451747391	1952.3115018848
0	7188	590693.419109098661	2372.0853487495
0	7197	591429.461658233825	2343.9277198166
0	7206	592030.16755543654	2115.346434759
0	7217	593209.544257912832	2497.8006149176
0	7222	593718.907488556626	2155.3179463372
0	7231	594120.508879143792	1663.5841537267
0	7244	595145.283567812342	1935.7393098995
0	7249	595569.586554821629	1762.4175413512
0	7260	596499.76029996765	2027.9612467624
0	7267	596982.874222425792	1837.5906546134
0	7278	598138.482239423368	2285.2561449632
0	7289	598997.137797810186	2299.3533612695
0	7296	599505.97065752377	2025.3038375638
0	7303	600156.722357729499	1782.5352388434
0	7312	600718.134852033158	1720.997054223
0	7325	601657.799664046666	2148.3169661835
0	7330	602172.898379433951	1943.8743795734
0	7341	602983.425027038953	2032.9808495007
0	7348	603785.630328208259	2127.8306641616
0	7359	604774.249834148265	2256.7896649707
1	3199	260238.281369721542	354
1	3208	260934.829699248101	355
1	3221	262049.971685092921	356
1	3228	262566.501834942053	357
1	3235	262897.188318846772	358
1	3244	263646.083790203581	359
1	3253	264347.688465099806	360
1	3264	265564.275501854743	361
1	3275	266349.641801090936	362
1	3280	266840.925214206825	363
1	3293	267913.771876925628	364
1	3298	268283.47781184132	365
1	3309	269331.721662310909	366
1	3320	270299.657047167446	367
1	3327	271005.903250817235	368
1	3334	271506.026415014665	369
1	3345	272406.765171652685	370
1	3356	273247.191868023972	371
1	3361	273560.574976634259	372
1	3374	274499.860345618825	373
1	3383	275257.140602124881	374
1	3388	275615.448496537309	375
1	3399	276352.980393497299	376
1	3406	276684.435449866604	377
1	3415	277476.684955693807	378
1	3420	278064.144954504471	379
1	3433	278985.295011056613	380
1	3446	279957.640813523929	381
1	3453	280550.834256643455	382
1	3462	281402.071104850645	383
1	3471	282105.008238879989	384
1	3478	282530.375493736963	385
1	3489	283749.853601027305	386
1	3496	284144.96710505339	387
1	3505	285019.629064667994	388
1	3514	285875.618391064952	389
1	3525	286986.446112161527	390
1	3532	287392.666656849931	391
1	3543	288722.849853197137	392
1	3552	289327.211703266973	393
1	3559	290110.227247606988	394
1	3572	291000.006943289214	395
1	3579	291653.067586524436	396
1	3586	292039.275614172244	397
1	3597	293366.017260169634	398
1	3604	293866.403273725906	399
1	3613	294571.800284413645	400
1	3622	295475.540725607449	401
1	3631	296462.601604498947	402
1	3640	296902.723858924608	403
1	3653	297903.832547273511	404
1	3662	298738.164452696243	405
1	3671	299347.338781692112	406
1	3678	300023.591444408545	407
1	3685	300515.160309243971	408
1	3696	301375.698772771308	409
1	3703	302238.250229274878	410
1	3716	303079.950200021291	411
1	3721	303502.233685227135	412
1	3734	304836.759948357964	413
1	3739	305490.66738034601	414
1	3750	306504.36460054482	415
1	3757	306873.479997413257	416
1	3766	307243.150365119824	417
1	3775	308380.642904061848	418
1	3784	308760.739724664042	419
1	3793	309554.075566353301	420
1	3802	310086.033063987294	421
1	3813	311310.339032392974	422
1	3820	311775.699201878185	423
1	3831	312767.210882809038	424
1	3842	313384.779269713934	425
1	3851	313992.187406541805	426
1	3858	314413.023288035791	427
1	3869	315403.156407969098	428
1	3876	315942.436185199793	429
1	3883	316265.290343575205	430
1	3894	317633.406614419098	431
1	3901	317959.762456035267	432
1	3910	318985.025326162601	433
1	3919	319524.997681332777	434
1	3928	320226.846777554626	435
1	3939	321406.82811965237	436
1	3946	322260.734920576239	437
1	3957	323189.715771563375	438
1	3966	323977.3357997183	439
1	3973	324458.54082978333	440
1	3984	325422.609327128182	441
1	3991	326174.748683441455	442
1	4000	326975.452308543052	443
1	4013	327801.568385353337	444
1	4022	328450.616711983482	445
1	4031	329177.556537603984	446
1	4040	329764.719505514974	447
1	4045	330094.181558769221	448
1	4056	331100.864463206405	449
1	4063	331445.183663489321	450
1	4072	332296.244646376024	451
1	4083	333196.37270579117	452
1	4092	333981.267389422307	453
1	4103	335116.909107752169	454
1	4110	335759.872476803164	455
1	4121	336605.859241727765	456
1	4130	337351.747916685443	457
1	4137	337803.898535063516	458
1	4144	338491.965304780777	459
1	4155	339579.785420419674	460
1	4162	340353.696956718366	461
1	4171	341179.532307805519	462
1	4180	341836.905379174302	463
1	4191	342601.685133017625	464
1	4198	343377.334673842441	465
1	4209	344660.634275944929	466
1	4216	345118.307673465486	467
1	4229	346449.661881895762	468
1	4234	347053.008568799149	469
1	4243	347453.444112511378	470
1	4252	348545.946416258839	471
1	4265	349519.549888512147	472
1	4272	350343.93560173924	473
1	4283	351109.307422349257	474
1	4290	351818.616957357181	475
1	4297	352324.517035111813	476
1	4308	353177.77543114501	477
1	4315	353756.485344562707	478
1	4324	354450.77762044969	479
1	4333	355200.426532980083	480
1	4342	356133.537555579124	481
1	4351	356848.002510052202	482
1	4364	357880.544916959507	483
1	4369	358328.077640896691	484
1	4380	359399.716297164587	485
1	4387	359963.424317445634	486
1	4398	360748.314872570364	487
1	4405	361186.677063955022	488
1	4418	362624.896159395605	489
1	4425	362984.728252748057	490
1	4436	363668.577959574789	491
1	4441	363973.862546263293	492
1	4452	364774.433430237725	493
1	4459	365155.227754823894	494
1	4470	366229.089978989244	495
1	4477	366606.308767385811	496
1	4488	367606.423696177111	497
1	4499	368455.29756154868	498
1	4508	369166.478521004349	499
1	4513	369620.036378223479	500
1	4526	370718.133058771521	501
1	4531	371026.879352889985	502
1	4540	371678.455751342729	503
1	4553	373104.753167973861	504
1	4558	373558.729034476012	505
1	4569	374200.12455987747	506
1	4576	374827.133533638	507
1	4589	375756.527686491639	508
1	4594	376358.386118989468	509
1	4605	377114.76744110699	510
1	4612	377677.838036092028	511
1	4621	378326.642461074546	512
1	4630	379193.926003016562	513
1	4643	380321.917990827963	514
1	4652	380983.173190662667	515
1	4661	381753.211587946892	516
1	4666	382088.495270116285	517
1	4679	383104.610403534055	518
1	4684	383562.147432658851	519
1	4693	384248.511601751701	520
1	4702	385274.857213720709	521
1	4711	385769.650625064999	522
1	4720	386655.517626274407	523
1	4731	387578.853621566698	524
1	4738	388333.133666357055	525
1	4749	389252.187122264906	526
1	4756	389688.166921399564	527
1	4769	390587.146876193613	528
1	4778	391367.008932027996	529
1	4785	391918.721239781037	530
1	4792	392429.361541382998	531
1	4803	393686.374831432507	532
1	4814	394283.619455108449	533
1	4819	394747.14653827253	534
1	4828	395264.380911458314	535
1	4841	396318.950041104138	536
1	4850	396856.190034281492	537
1	4857	397468.181743193447	538
1	4864	398095.066740782961	539
1	4877	398909.285527048662	540
1	4882	399310.426522605151	541
1	4895	400461.334940046102	542
1	4902	401217.393103055686	543
1	4913	402025.098310271308	544
1	4920	402711.918682185963	545
1	4929	403602.327977120906	546
1	4936	404098.213491914824	547
1	4949	405232.569836452633	548
1	4954	405704.190981108725	549
1	4963	406314.347698073864	550
1	4976	407466.556363971933	551
1	4985	408122.663112357288	552
1	4994	408900.073424913018	553
1	5001	409557.236587023391	554
1	5008	410152.453993074625	555
1	5019	410961.884367093473	556
1	5022	411401.180479209899	557
1	5037	412932.070694630995	558
1	5044	413449.469341803372	559
1	5055	413936.769133759692	560
1	5062	414501.780088618427	561
1	5071	415933.511567674607	562
1	5084	416624.343192391127	563
1	5091	417209.973990730971	564
1	5098	417690.714430203691	565
1	5111	418848.548179445818	566
1	5116	419396.432752953872	567
1	5127	420370.394718227938	568
1	5138	421273.435280006409	569
1	5147	421993.322672741518	570
1	5156	422661.540427152098	571
1	5165	423505.704247159914	572
1	5174	424351.031297352196	573
1	5183	425082.503929920526	574
1	5192	425923.941386444526	575
1	5199	426630.574997328254	576
1	5206	427092.144158156621	577
1	5215	427858.227729331734	578
1	5224	428806.3727627043	579
1	5237	429856.575555726919	580
1	5242	430364.395512174848	581
1	5253	431356.957357423413	582
1	5260	431824.156817095387	583
1	5273	433124.871564237434	584
1	5280	433792.153121950138	585
1	5287	434227.620333479751	586
1	5298	435187.412311602417	587
1	5305	435643.16376121718	588
1	5316	436561.891629919444	589
1	5323	437377.445593988557	590
1	5334	438177.280335221474	591
1	5345	439263.577458076214	592
1	5350	439744.121877104079	593
1	5361	440688.833812437987	594
1	5368	441080.051866639441	595
1	5381	442531.438393984026	596
1	5386	442981.681322632394	597
1	5395	443615.785800386256	598
1	5406	444193.593755504152	599
1	5413	444775.551624130494	600
1	5422	446023.653644090555	601
1	5431	446435.870316205583	602
1	5440	447145.998008362985	603
1	5449	447939.377913856915	604
1	5462	448957.294844929165	605
1	5469	449798.519814759529	606
1	5478	450331.071089766956	607
1	5489	451515.975887049027	608
1	5494	451990.718443086408	609
1	5507	453171.38477778066	610
1	5514	453740.166666777842	611
1	5525	454132.049613073506	612
1	5530	454449.127728072964	613
1	5539	455615.270598745012	614
1	5548	456108.75302189965	615
1	5561	457196.6691674665	616
1	5570	457815.163190010973	617
1	5579	458317.677154485174	618
1	5584	458623.571142274924	619
1	5593	459495.663306210228	620
1	5606	460641.723179211878	621
1	5611	460962.435478996523	622
1	5624	461706.498376792335	623
1	5633	462587.251734361091	624
1	5642	463295.717419730538	625
1	5651	464173.802120983639	626
1	5658	464614.19601626698	627
1	5665	465277.187037142033	628
1	5676	466296.791910007635	629
1	5683	466954.028415586838	630
1	5692	467487.324232142457	631
1	5701	468309.929909510577	632
1	5714	469440.778110176364	633
1	5721	469995.575730130116	634
1	5732	471127.743570087516	635
1	5737	471732.77605162006	636
1	5746	472295.922696869858	637
1	5759	473647.030096733981	638
1	5768	474472.693639760875	639
1	5773	474963.252175273412	640
1	5784	475795.634261006527	641
1	5791	476362.443098472469	642
1	5800	477144.24161086794	643
1	5811	478002.752033807375	644
1	5820	478974.478563945779	645
1	5831	479827.586215920785	646
1	5836	480150.191290676632	647
1	5847	481155.680301971772	648
1	5854	482010.205219639504	649
1	5863	482691.851108148733	650
1	5872	483498.29159779478	651
1	5885	484795.951104909221	652
1	5890	485162.528482591773	653
1	5899	485711.280029872472	654
1	5908	486450.232464680488	655
1	5917	487310.825650999362	656
1	5928	488029.815314523915	657
1	5935	488701.96614107121	658
1	5944	489303.761056624392	659
1	5955	490379.65201344345	660
1	5962	490796.775319939519	661
1	5973	491455.01503078271	662
1	5982	492571.598745463456	663
1	5991	493151.773318648378	664
1	6002	494300.508818076963	665
1	6009	495041.536421421955	666
1	6020	495961.01698782299	667
1	6029	496719.238613080274	668
1	6036	497058.189930114936	669
1	6043	497570.524141145911	670
1	6054	498158.106473134871	671
1	6065	499082.036559982267	672
1	6072	499499.467276269612	673
1	6083	500360.846151039046	674
1	6090	500925.285248039332	675
1	6099	501504.054074641359	676
1	6106	502177.162217907649	677
1	6115	503297.770692408127	678
1	6124	503881.260455120397	679
1	6135	504803.989261295689	680
1	6146	505477.564808120994	681
1	6153	505914.659653510941	682
1	6164	507127.116617281033	683
1	6169	507644.939173618375	684
1	6178	508276.37523938906	685
1	6187	508826.248141285075	686
1	6196	509288.202486187262	687
1	6209	510548.715249029962	688
1	6218	511164.077305980069	689
1	6225	511626.112845959184	690
1	6232	512235.645191324917	691
1	6243	513158.8317424525	692
1	6252	514272.294266754803	693
1	6263	514874.158377153841	694
1	6272	515633.438386023087	695
1	6281	516252.320148423357	696
1	6286	516557.907359115822	697
1	6297	517577.03143428084	698
1	6304	517993.584007211072	699
1	6313	518917.281480180142	700
1	6326	519826.216606563	701
1	6335	520704.02275999081	702
1	6342	521170.249345712407	703
1	6353	522058.188117295547	704
1	6360	522692.01675136578	705
1	6367	523176.050419919236	706
1	6376	523734.255471127151	707
1	6387	524642.310355883135	708
1	6398	525778.604184323965	709
1	6405	526539.951483998491	710
1	6414	527293.626092607199	711
1	6421	527726.06687145312	712
1	6430	528503.36602753964	713
1	6441	529456.243645073889	714
1	6452	530282.199077121957	715
1	6459	530702.28442680095	716
1	6470	531533.431573072492	717
1	6479	532416.104513313665	718
1	6488	533271.470207814171	719
1	6497	534067.207807861312	720
1	6506	534676.438102405562	721
1	6511	535260.523758363022	722
1	6524	536289.096227567687	723
1	6531	536697.304125549316	724
1	6538	537362.497366592332	725
1	6547	538333.146745199382	726
1	6558	539212.867577048063	727
1	6565	539601.355616049886	728
1	6576	540550.387994293169	729
1	6587	541277.284032153011	730
1	6596	541747.759487573103	731
1	6605	542647.042084252507	732
1	6612	543097.30319185187	733
1	6619	543892.722685122908	734
1	6630	544704.356011329265	735
1	6637	545362.363355420575	736
1	6650	546253.490535076754	737
1	6657	546671.405029110657	738
1	6668	547596.183966659056	739
1	6673	548202.072773594456	740
1	6682	548666.355009097652	741
1	6687	549083.702008333103	742
1	6702	550481.472347164573	743
1	6709	551068.79283492458	744
1	6720	552060.68713883874	745
1	6727	552704.198510013567	746
1	6740	553508.347959537106	747
1	6747	554108.833441743674	748
1	6754	554444.139016186865	749
1	6763	555153.161167027476	750
1	6776	556143.144505284774	751
1	6785	556899.196856981191	752
1	6790	557394.075693469542	753
1	6801	558232.709990115884	754
1	6808	558727.73817577404	755
1	6821	560082.149752881425	756
1	6828	560731.354889972183	757
1	6839	561548.4030514956	758
1	6846	562136.801921110648	759
1	6853	562653.520335769329	760
1	6864	563680.096007511068	761
1	6871	564301.872313907418	762
1	6882	565120.879382360774	763
1	6891	565624.384934362072	764
1	6898	566069.473013235304	765
1	6911	566815.247683133979	766
1	6916	567152.354182396133	767
1	6927	567896.780863171492	768
1	6938	568702.952456614051	769
1	6945	569205.522493924994	770
1	6952	569962.539286678705	771
1	6963	570716.224933555398	772
1	6974	571853.736477624673	773
1	6981	572617.161358706701	774
1	6990	573361.218534316916	775
1	6999	574139.366406854291	776
1	7006	574530.123315006543	777
1	7015	575348.129142634618	778
1	7028	576695.047346921685	779
1	7037	577583.098305249634	780
1	7042	578138.543269923004	781
1	7053	578788.837178796578	782
1	7062	579748.432669183287	783
1	7069	580218.075181078213	784
1	7080	581140.213099960285	785
1	7087	581569.219087623107	786
1	7096	582684.711946500513	787
1	7107	583509.145009657416	788
1	7116	584359.946725331295	789
1	7123	584716.654145764235	790
1	7132	585813.735615788075	791
1	7143	586719.676540419507	792
1	7154	587588.779949862558	793
1	7163	588321.333760349128	794
1	7168	588649.22067071316	795
1	7177	589541.091451747391	796
1	7188	590693.419109098661	797
1	7197	591429.461658233825	798
1	7206	592030.16755543654	799
1	7217	593209.544257912832	800
1	7222	593718.907488556626	801
1	7231	594120.508879143792	802
1	7244	595145.283567812342	803
1	7249	595569.586554821629	804
1	7260	596499.76029996765	805
1	7267	596982.874222425792	806
1	7278	598138.482239423368	807
1	7289	598997.137797810186	808
1	7296	599505.97065752377	809
1	7303	600156.722357729499	810
1	7312	600718.134852033158	811
1	7325	601657.799664046666	812
1	7330	602172.898379433951	813
1	7341	602983.425027038953	814
1	7348	603785.630328208259	815
1	7359	604774.249834148265	816

