version 2
run Pipelined_3Teachers-37-20190105-10:57:26-15616
attr configname Pipelined_3Teachers
attr datetime 20190105-10:57:26
attr experiment Pipelined_3Teachers
attr inifile ../simulations/omnetpp.ini
attr iterationvars "$0=\"uniform\""
attr iterationvarsf uniform-
attr measurement "$0=\"uniform\""
attr network PipelinedExamSession
attr processid 15616
attr repetition 37
attr replication #37
attr resultdir results
attr runnumber 37
attr seedset 37
param **.teachersNumber 3
param **.answerTimeDistribution "\"uniform\""
param **.minUniform 300
param **.maxUniform 900
param **.scaleLognormal 6.2854
param **.shapeLognormal 0.4724

vector 0 PipelinedExamSession examinationTime:vector ETV
attr source examFinished
vector 1 PipelinedExamSession studentID:vector ETV
attr source student
0	3163	260150.473327003445	2048.7559748814
0	3172	260800.810021581155	1893.6566235032
0	3181	262052.269450994234	2308.728062734
0	3190	262609.621894313049	2080.1651598886
0	3203	264008.196800993781	2600.6955223158
0	3208	264487.445849133681	2188.9208652545
0	3221	265619.183287583318	2468.7788490672
0	3230	266378.836576407802	2370.639775414
0	3235	266784.392174799022	1932.6086205896
0	3244	267552.383136190501	1933.1998486072
0	3253	268144.468116620583	1765.6315402128
0	3262	268958.195422310409	1725.5569358356
0	3271	269763.294248934862	1774.3126528803
0	3284	271009.446780988974	2328.0380870216
0	3291	271744.792272755904	2311.2674600445
0	3300	272491.80237916301	2335.1424604654
0	3307	273081.993115693359	2072.5463347044
0	3318	273884.982018079637	2037.8833692055
0	3327	274699.644878273858	2067.7107375115
0	3336	275561.118779797135	2301.2658133171
0	3345	276007.041605841396	2021.0664334707
0	3352	276523.162988433643	1693.8043400645
0	3361	277261.630623741104	1657.3126936331
0	3370	278190.277267014636	2135.681864759
0	3381	278876.256487146049	2134.7876567859
0	3388	279449.126497702702	1831.3597615343
0	3397	280209.227386442974	1820.3493889421
0	3408	281315.094088297366	2052.4900743272
0	3415	281821.109849307715	1739.8502041586
0	3424	282624.663542769878	1846.7727998737
0	3435	283345.791697176202	1935.3307426907
0	3442	283823.235680256068	1532.3820419144
0	3453	284873.145194817363	2006.7702821922
0	3460	285280.55389090444	1679.8841086216
0	3469	286151.150903245462	1760.8144533355
0	3480	287151.833035564079	2155.396307772
0	3487	287999.669619463413	2283.6402883753
0	3496	288472.389675071492	1886.1048230901
0	3505	288874.402279034286	1581.4516098239
0	3514	289792.417013878032	1645.0232584029
0	3525	290385.354365548147	1836.5154542495
0	3532	291022.864222805975	1736.3858931698
0	3541	291520.2034571674	1597.4016257096
0	3552	292776.178725203527	2061.904762499
0	3559	293356.869617477087	2031.252187863
0	3572	294296.094751451193	2189.2943811603
0	3581	294911.185515113203	1986.7075662129
0	3590	295775.37266705188	2043.1798126549
0	3595	296328.043054696201	2031.948303245
0	3608	297138.066535536228	2226.881020423
0	3613	297697.178212646423	1921.8055455945
0	3622	298224.582123756437	1586.8287353776
0	3633	299328.378935018583	2190.3123994824
0	3640	299695.752817997738	1751.9870735239
0	3649	300190.172386262593	1424.8427378945
0	3660	300973.534635035349	1585.983687127
0	3667	301842.025898164166	1826.6077178065
0	3676	302359.420986799551	1941.0374157596
0	3689	303616.523515898763	2369.9652783573
0	3698	304465.046761790319	2581.5898873843
0	3703	304856.080480199336	2103.8629290182
0	3714	305781.494255829631	2164.9707399309
0	3725	306447.881796956091	1982.8350351658
0	3730	306843.70243619199	1883.9152297005
0	3741	307610.803327336936	1824.1082446184
0	3750	308328.623252129211	1880.7414551731
0	3759	308992.868677340477	1804.7400175128
0	3766	309632.00786341916	1685.459041642
0	3777	310201.166617730662	1674.8851157259
0	3786	310981.078315945371	1605.1752957981
0	3793	311295.659890025883	1490.0034930557
0	3798	311821.778177144035	1542.8820708767
0	3811	313113.002088060632	2073.3814367093
0	3820	313588.775533111795	1699.240428675
0	3831	314878.189952345594	2171.8386575114
0	3838	315452.341820485919	1910.3047629353
0	3847	315981.301550986274	1803.8303207606
0	3860	317215.065922401874	2329.2569695506
0	3865	317785.067715263023	2129.3102807365
0	3878	318920.768607594101	2568.7868481036
0	3885	319260.138967260747	2045.0730448589
0	3892	319750.434808898746	1708.3632891532
0	3901	320334.507547365529	1413.7389397714
0	3910	321204.490263154758	1713.425511634
0	3921	322056.118223676486	1957.8429969493
0	3928	322468.394309235765	1568.330090493
0	3939	323533.113775262637	2064.9556655902
0	3950	324501.249479083372	2171.3524578139
0	3959	325301.683805789826	2458.6461558938
0	3966	325813.320331228925	2200.5427773111
0	3973	326199.67639907266	1698.4269199893
0	3982	327191.329045873162	1889.6452400833
0	3991	327978.640315588591	2015.3203548398
0	4004	329135.56558541025	2334.352221759
0	4011	329758.858682680903	2058.8914711028
0	4022	330531.221612915425	1982.9904948827
0	4031	331328.461798746167	2192.8962133359
0	4036	331737.524447310744	1936.0443033278
0	4047	332872.241225279896	2341.0196123645
0	4056	333570.0574517716	2241.5956530254
0	4065	334249.068150948761	2024.3606870994
0	4076	334905.903894128306	1801.0943140369
0	4081	335388.32412958148	1743.9264872577
0	4094	336182.51368543136	1856.1935167294
0	4099	336927.192973997473	2021.2890798692
0	4110	337849.915340915351	2320.6012262497
0	4119	338383.74990178275	2201.2362163514
0	4128	339207.853307761281	2161.0143321566
0	4137	340257.936119427933	2376.7754365224
0	4146	341153.820783225848	2387.5989104155
0	4157	341746.040330641001	2242.97759654
0	4166	342553.163255145803	2236.7368583567
0	4175	343379.218372469798	2205.5106009822
0	4184	344095.795442489937	2349.7551118489
0	4189	344617.877095704928	2064.7138405591
0	4200	345589.959504548491	2210.7411320787
0	4207	346006.742072710798	1910.9466302209
0	4216	346761.828896217079	1905.9516306035
0	4229	347614.276765706048	1969.3200258538
0	4238	348375.616555754126	1862.2435393743
0	4243	348750.21444275047	1695.9090754855
0	4252	349507.886858610468	1893.6100929044
0	4261	349877.530973218412	1501.9144174643
0	4274	351175.328686041788	2322.5570816081
0	4283	352068.669735034958	2335.8337798622
0	4292	352955.193139426441	2644.618786918
0	4297	353472.294356161759	2296.96567012
0	4306	353915.274691488625	1846.6049564537
0	4319	355217.017169063942	2261.8240296375
0	4328	355690.08142752576	2137.533281045
0	4335	356240.196466399388	1844.2533218767
0	4344	356875.11081621054	1658.0936471466
0	4351	357446.585536748203	1756.5041092224
0	4362	358314.51208451766	2057.2101360653
0	4373	359187.776800012248	2296.8939503655
0	4380	359692.867525387587	1916.3539721165
0	4383	360020.801329147102	1359.9977899343
0	4396	360926.477364683556	1738.7005646713
0	4405	361990.866373898493	1909.4652766362
0	4418	362762.141628004642	1902.5408189278
0	4423	363445.59661243114	2008.1975426059
0	4432	364004.948106128754	1934.2895608395
0	4443	364757.566689234258	1995.4250612296
0	4452	365645.974231464819	2056.0247108806
0	4459	365994.521216629104	1794.9397161137
0	4472	366974.59263307977	1949.0201841574
0	4481	367830.268326122346	2161.0830599908
0	4490	368726.858250377732	2578.2337997574
0	4495	369088.913723034816	2114.321089955
0	4504	369750.804135901886	1920.5358097795
0	4513	370351.594824297385	1624.7365739197
0	4522	371152.846121415527	1683.6009266786
0	4531	371740.992266871067	1643.8218996394
0	4544	372689.695908688041	1778.3711242955
0	4551	373230.446221120688	1805.6036443915
0	4558	373623.801768198642	1535.7614439446
0	4569	374876.205601450088	2186.509692762
0	4578	375749.087690468911	2164.9090868421
0	4585	376279.545549675855	1922.4883879535
0	4594	377037.876870296928	2103.1117524952
0	4603	377574.005271121893	1795.771861542
0	4612	378450.836262200061	1790.779742226
0	4621	379532.787666935506	2169.2820944823
0	4634	380686.363819520953	2579.046303872
0	4639	381390.943322656709	2422.4438924342
0	4648	381994.768248125943	2148.3490817249
0	4657	382671.487616188857	1985.1237966679
0	4668	383740.366335678879	2170.8743575495
0	4677	384397.336287936229	2040.4474957846
0	4684	384711.710536200586	1555.936246505
0	4697	385766.100726462934	1912.0768031571
0	4704	386303.055927855927	1782.854751125
0	4713	387159.420488867942	2143.6285860837
0	4720	388145.80701333474	2379.7062868718
0	4731	389006.191464280744	2402.5506216567
0	4738	389598.042532755096	2156.5676478669
0	4747	390442.097076913377	2145.7413123921
0	4760	391420.612466242199	2347.5384559482
0	4769	392144.877805374597	2215.0421143044
0	4776	392631.799273565446	1926.2267638464
0	4787	393550.247850129415	2129.6353838872
0	4792	394043.395647732575	1898.517842358
0	4803	394807.864889921655	2036.8507190142
0	4814	395534.176524030078	1983.9286739007
0	4819	395896.307755820487	1757.8324243426
0	4828	396770.262733893502	1930.8256208897
0	4841	397604.544482845846	2070.3679588158
0	4850	398390.18451618034	2054.8263383098
0	4857	398846.94726141173	2019.4162644446
0	4864	399233.885380066965	1629.3408972211
0	4875	400104.042137134854	1713.8576209545
0	4882	400596.729639451985	1700.6401574705
0	4893	401902.87998192947	2261.237186892
0	4904	402717.046870105002	2304.4103648979
0	4911	403489.77869334634	2299.0968025289
0	4920	404410.195852210779	2481.6202622373
0	4929	404840.45598059896	2123.409110494
0	4938	406109.485309710759	2536.4576281048
0	4945	406496.451456332612	2030.862391647
0	4958	407509.814143041183	2241.1605745554
0	4963	407928.301348350976	1814.5822725724
0	4972	408714.611914102022	1794.9862127658
0	4983	409206.910623516922	1697.0964804757
0	4990	410138.662177417461	1833.5871149786
0	4999	410669.185028225218	1894.9522415176
0	5010	411623.822249472175	2098.2667523436
0	5019	412467.299074027721	2197.5176404696
0	5026	413211.591973761131	2113.773765089
0	5039	414246.152867702802	2277.2808129899
0	5046	414799.629957508331	2230.5573062506
0	5055	415696.296484814991	2230.5657846853
0	5062	416236.287359520827	1990.134491818
0	5071	417210.279245395249	2107.6398293953
0	5084	418198.613582085854	2196.1774625815
0	5089	418523.705145204476	1638.5606603231
0	5098	418973.454597964919	1438.5414473712
0	5107	419769.292204175181	1570.6786220893
0	5120	420912.05882071521	2009.5239410643
0	5125	421338.606445631048	1925.2911360003
0	5134	422153.554407181255	1932.7223057393
0	5145	423190.900228545106	2278.8414078299
0	5152	423773.846972314677	1987.0471650269
0	5165	424792.140279477498	2281.2449445482
0	5174	425547.150955908036	2336.7590536829
0	5181	425922.391759045458	1992.9821682628
0	5188	426393.589163990727	1601.4488845132
0	5197	427400.763791520184	1853.6128356121
0	5208	428284.472407400643	2191.3500867784
0	5219	429196.771035483142	2226.0779333767
0	5226	429910.208953265136	2242.4652149901
0	5237	430861.514474311879	2476.6172580421
0	5242	431447.12965926159	2250.3586237784
0	5253	432343.47894606184	2292.3241760116
0	5262	433023.385772528162	2161.8712982163
0	5269	433454.435346135905	1835.8321323059
0	5280	434641.19989383038	2236.6757598706
0	5289	435375.192839931733	2171.9837295357
0	5296	435820.159935252777	1718.6406733934
0	5305	436600.118354475161	1694.8452816345
0	5316	437633.941670833191	2138.3283834904
0	5325	438377.316625183484	1985.7898164075
0	5334	439030.838237889147	2043.9902387559
0	5341	439430.566913075781	1680.7065877598
0	5354	440662.455180427095	2069.4013782777
0	5363	441544.652797607741	2341.5553380735
0	5368	442149.801171245089	2137.808815157
0	5379	443019.534083968065	2357.078903541
0	5386	443915.445231506636	2370.7924338989
0	5399	444852.651689993253	2427.1270805039
0	5404	445245.329602528399	2109.663414862
0	5417	446332.626752369141	2300.8312179241
0	5424	446989.403364993667	2136.7516750004
0	5431	447502.510446030682	1870.1878189109
0	5442	448285.599442245475	1952.9726898763
0	5449	448670.877284975759	1514.9861977436
0	5458	449404.974529473146	1539.0939672478
0	5469	450425.653333263507	1972.0267325174
0	5478	451086.338121397456	2077.8106709942
0	5489	452066.912342933974	2339.6640001796
0	5494	452416.833522962442	1925.9870601352
0	5503	453274.382240697778	2064.6646501031
0	5514	454056.151156034356	1989.2388131004
0	5521	454718.408126849717	1981.4694690518
0	5530	455288.875384815074	1750.1481848303
0	5543	456587.283979821987	2395.4678392969
0	5552	457183.803186100013	2224.4544302579
0	5561	457975.571538135446	2257.8949518967
0	5566	458636.669216863848	2049.3852370419
0	5577	459515.481835417486	2331.6786493175
0	5584	459890.737547446079	1915.1660093106
0	5597	461283.879096200726	2480.2172470372
0	5604	461873.542322404719	2240.8348536585
0	5613	462748.128335271067	2337.9941663705
0	5622	463338.148128613866	2054.2690324131
0	5631	464017.542201513461	1920.2137162909
0	5638	464527.124934783243	1704.3430143502
0	5647	465013.59649566006	1562.650461914
0	5656	465853.572166990526	1737.0721542276
0	5669	466747.292563039847	2178.2641283702
0	5676	467345.737027097531	2029.8421338201
0	5685	468005.500095617064	1799.9802771024
0	5694	468748.010717332401	2000.7181542926
0	5703	469393.253529444375	1904.706058139
0	5714	470262.815535301381	2243.5702454299
0	5723	471108.9608587325	2304.4517744333
0	5730	471908.434258773961	2248.2785381377
0	5741	472712.58203065958	2449.7664953582
0	5748	473331.379904458338	2222.4190457258
0	5757	474119.148534117306	2206.3989462331
0	5766	474868.593419808934	2156.0113891494
0	5773	475820.653583994175	2435.3434691671
0	5784	476472.927194042171	2210.076873377
0	5795	477574.361845571588	2460.4897810612
0	5800	477894.857591902877	1930.5149160326
0	5809	479132.019337406422	2444.7903485969
0	5818	479620.900158584158	2046.5383130126
0	5829	480540.569071797695	2097.2062644549
0	5840	481687.568633398082	2441.2301181816
0	5849	482564.142199046951	2430.8205901645
0	5854	482941.414821334224	1926.4891844708
0	5863	483621.986148180482	1934.4175147824
0	5876	484671.189817925956	2107.047618879
0	5881	484989.841460622888	1673.5617978964
0	5890	485916.991597646888	2042.5989846233
0	5901	486964.969604881521	2293.7797869556
0	5908	487665.721523528959	2110.3904220276
0	5919	488540.181330638047	2333.2202855498
0	5926	489096.506585693028	2122.4946725182
0	5937	489985.7641899493	2113.96358083
0	5944	490498.009775625583	1789.0453761444
0	5949	491300.70901522417	1697.3397720605
0	5966	492948.70691355322	2493.5132999439
0	5971	493305.018523894292	1998.739876505
0	5984	494417.251714272467	2341.330115078
0	5989	494955.932267708746	2007.2253541555
0	6002	496127.390094520567	2461.6119471844
0	6007	496432.603773661001	2015.3520593885
0	6016	496931.578244827731	1687.7173906658
0	6029	497877.053707838102	1749.6636133175
0	6034	498226.290317298888	1599.2554552853
0	6045	499480.333588924303	2181.2670873944
0	6052	499950.85845747967	2073.8047496416
0	6061	500636.620850069493	1999.6009970549
0	6070	501143.472329294353	1615.7283229753
0	6083	502221.83425831613	1995.0118408073
0	6088	502605.799102596984	1531.8079242948
0	6097	503286.23592476365	1853.8519625086
0	6110	504347.359990188897	2125.5257318728
0	6117	504753.617476997942	1756.3801637851
0	6124	505435.026033595249	1907.2420131415
0	6133	506059.669812396214	1712.3098222073
0	6146	507260.743653634608	2144.3692740519
0	6151	507585.932442219973	1836.8075245991
0	6164	508875.953321484894	2352.4916189723
0	6169	509259.837973304138	1999.0943196695
0	6178	510414.359474927232	2410.1005340461
0	6187	510806.904755020559	1930.9514335357
0	6196	511632.038129819603	1895.9579103626
0	6209	512584.674414061056	2056.4067152794
0	6218	513219.598480872856	2127.5386379566
0	6227	513953.092774981679	2032.176632015
0	6236	514698.305027280049	2113.630613219
0	6243	515212.577111693145	1992.9786308203
0	6250	515672.568743862258	1719.4759688806
0	6261	516814.122197404551	2115.8171701245
0	6270	517373.415345232981	1970.116168214
0	6277	518543.210326088639	2327.6607925538
0	6286	519216.360741108702	2259.9738980178
0	6297	520230.654439330147	2375.0196861103
0	6306	520965.781438211025	2240.2394221164
0	6313	521379.19477075343	1765.1729285717
0	6322	522216.714563733013	1843.9623871353
0	6333	522876.78932449785	1856.7746336572
0	6340	523603.18799782549	1825.7547602523
0	6351	524600.249163061426	2207.3450942058
0	6360	525218.802338372962	1970.8352771122
0	6371	526251.349432161124	2325.642984733
0	6376	526708.660247549461	2042.0702970587
0	6389	527684.450438618706	2234.1393621638
0	6394	528054.635563166858	1803.2861310057
0	6407	529010.683371964888	2120.0933885761
0	6412	529746.140449494169	2061.6900108755
0	6423	530325.606853142427	1996.8628634233
0	6434	531403.685783827724	2393.0024118628
0	6439	531767.166196787777	1859.7949592862
0	6448	532555.881987232761	1979.5455354732
0	6457	533175.552737200679	1771.866953373
0	6470	534024.508658191236	1833.9982942678
0	6477	534550.159987388226	1839.3358502537
0	6486	535428.978091618094	2223.0210380629
0	6493	536085.640232311609	2061.1315741204
0	6504	536767.557754833299	2034.6638528164
0	6513	537508.690089499626	1918.2626694907
0	6522	537942.377258604441	1582.3605959304
0	6529	538833.280879771386	1935.084886523
0	6538	539399.066281691241	1830.072289193
0	6551	540461.474336078438	2037.118378887
0	6560	541351.752820797312	2208.0143250525
0	6567	542020.779145276221	2236.3591886591
0	6574	542486.06111607519	2024.5867799968
0	6583	543406.329362187582	2054.5765413903
0	6592	543802.061031991664	1725.2360134386
0	6601	544476.906216982799	1783.2813162357
0	6614	545553.876806516248	1998.6254330724
0	6623	546262.791805760983	1946.8643360306
0	6628	546630.383411888081	1637.8145609982
0	6637	547489.563536737162	1935.6867302209
0	6648	548740.753178251955	2477.961372491
0	6655	549161.475586518694	2063.554684259
0	6668	550385.832629213158	2415.7444701064
0	6673	551005.087864631835	2226.2113257777
0	6682	551473.272234387744	1903.6109791137
0	6693	552558.710614778151	2172.877985565
0	6700	553385.137758543764	2137.0422853623
0	6709	553804.905619612012	1852.5475950446
0	6718	554712.068472616424	1980.6747214403
0	6729	555695.866252435421	2125.8146095555
0	6738	556469.876790046742	2090.8561839256
0	6745	557084.999172063595	1991.9685208239
0	6756	557917.564662639102	1969.344235165
0	6763	558480.890435865199	1825.7463139482
0	6772	559600.821567792496	2062.779897172
0	6781	560032.678543310663	1786.118195951
0	6792	561092.519070021859	2009.2323183082
0	6801	561491.731443163058	1608.5863071028
0	6812	562245.51942930562	1892.509971885
0	6819	562613.29337032517	1499.674802972
0	6822	562923.737487942032	1367.1087913681
0	6837	563977.806773129903	1732.2873438243
0	6844	564536.292446823843	1505.3855535574
0	6855	565490.812593279458	1954.2913402431
0	6864	566167.071311920933	2120.271343505
0	6875	566676.01594864396	1843.3446833398
0	6882	567100.919688865595	1424.253032729
0	6893	567925.423040567018	1701.199961314
0	6900	568618.98189308127	1942.9659444373
0	6909	569232.568517653324	1868.9107828774
0	6918	570433.312263758906	2507.8892231919
0	6927	571013.859190978163	2226.6110409983
0	6934	571486.395298456826	1839.2568566836
0	6943	571867.328910576232	1328.0126903672
0	6956	573353.949184902065	2232.5360591523
0	6963	574022.20061933627	2360.645310441
0	6972	575030.073729855993	2536.5061917342
0	6979	575454.561086325028	2100.611901423
0	6988	575914.543032646233	1768.4405815322
0	6999	577107.414855156147	2075.2661003731
0	7008	577625.494019687229	1861.6191852372
0	7017	578406.246872898245	2066.3195888512
0	7028	579349.543374404365	2192.8604286164
0	7035	579833.842540439272	2049.6358422562
0	7044	580550.542073696905	1969.6014439221
0	7053	581233.291522180715	1883.7481477763
0	7060	581543.677352042922	1595.9544276819
0	7069	582313.77868750138	1732.6161192264
0	7078	583239.327860064858	1794.2921791691
0	7091	584245.699673378894	2216.6955659632
0	7098	584858.028550492654	1961.751175113
0	7105	585377.502968581448	1957.4319086038
0	7114	586228.8629061543	1983.1632327754
0	7125	587184.817584743777	2164.6221944131
0	7134	588006.621774751747	2280.1467171405
0	7145	588836.013273289481	2215.3106087353
0	7154	589725.052935909534	2399.9504404608
0	7161	590477.504460420514	2416.6181900539
0	7170	591061.297835083733	2225.2845617943
0	7179	591887.812226638253	2162.7592907287
0	7186	592241.632255911882	1689.3242301419
0	7195	593070.387558359708	1830.7904362679
0	7204	593727.671838551815	1631.5248694271
0	7217	594950.764425052386	1992.512487201
0	7224	595524.520371202436	1798.5266229138
0	7235	596222.562736552264	1880.1396190189
0	7244	596714.921493921484	1764.1570688691
0	7253	597594.621129613425	1990.0686603505
0	7260	598293.561000237297	2070.998263685
0	7267	598612.523571867551	1897.6020779461
0	7280	599460.864352528061	1866.2432229146
0	7289	600319.977605156656	1855.5309274234
0	7294	600677.341423323434	1731.3328139484
0	7303	601389.976212428938	1929.1118599009
0	7314	602377.846695855316	2057.8690906987
0	7321	602945.460214745309	1743.2810425758
0	7332	603917.642760928776	2154.176339088
0	7343	604750.803194940146	2190.2476830874
1	3163	260150.473327003445	350
1	3172	260800.810021581155	351
1	3181	262052.269450994234	352
1	3190	262609.621894313049	353
1	3203	264008.196800993781	354
1	3208	264487.445849133681	355
1	3221	265619.183287583318	356
1	3230	266378.836576407802	357
1	3235	266784.392174799022	358
1	3244	267552.383136190501	359
1	3253	268144.468116620583	360
1	3262	268958.195422310409	361
1	3271	269763.294248934862	362
1	3284	271009.446780988974	363
1	3291	271744.792272755904	364
1	3300	272491.80237916301	365
1	3307	273081.993115693359	366
1	3318	273884.982018079637	367
1	3327	274699.644878273858	368
1	3336	275561.118779797135	369
1	3345	276007.041605841396	370
1	3352	276523.162988433643	371
1	3361	277261.630623741104	372
1	3370	278190.277267014636	373
1	3381	278876.256487146049	374
1	3388	279449.126497702702	375
1	3397	280209.227386442974	376
1	3408	281315.094088297366	377
1	3415	281821.109849307715	378
1	3424	282624.663542769878	379
1	3435	283345.791697176202	380
1	3442	283823.235680256068	381
1	3453	284873.145194817363	382
1	3460	285280.55389090444	383
1	3469	286151.150903245462	384
1	3480	287151.833035564079	385
1	3487	287999.669619463413	386
1	3496	288472.389675071492	387
1	3505	288874.402279034286	388
1	3514	289792.417013878032	389
1	3525	290385.354365548147	390
1	3532	291022.864222805975	391
1	3541	291520.2034571674	392
1	3552	292776.178725203527	393
1	3559	293356.869617477087	394
1	3572	294296.094751451193	395
1	3581	294911.185515113203	396
1	3590	295775.37266705188	397
1	3595	296328.043054696201	398
1	3608	297138.066535536228	399
1	3613	297697.178212646423	400
1	3622	298224.582123756437	401
1	3633	299328.378935018583	402
1	3640	299695.752817997738	403
1	3649	300190.172386262593	404
1	3660	300973.534635035349	405
1	3667	301842.025898164166	406
1	3676	302359.420986799551	407
1	3689	303616.523515898763	408
1	3698	304465.046761790319	409
1	3703	304856.080480199336	410
1	3714	305781.494255829631	411
1	3725	306447.881796956091	412
1	3730	306843.70243619199	413
1	3741	307610.803327336936	414
1	3750	308328.623252129211	415
1	3759	308992.868677340477	416
1	3766	309632.00786341916	417
1	3777	310201.166617730662	418
1	3786	310981.078315945371	419
1	3793	311295.659890025883	420
1	3798	311821.778177144035	421
1	3811	313113.002088060632	422
1	3820	313588.775533111795	423
1	3831	314878.189952345594	424
1	3838	315452.341820485919	425
1	3847	315981.301550986274	426
1	3860	317215.065922401874	427
1	3865	317785.067715263023	428
1	3878	318920.768607594101	429
1	3885	319260.138967260747	430
1	3892	319750.434808898746	431
1	3901	320334.507547365529	432
1	3910	321204.490263154758	433
1	3921	322056.118223676486	434
1	3928	322468.394309235765	435
1	3939	323533.113775262637	436
1	3950	324501.249479083372	437
1	3959	325301.683805789826	438
1	3966	325813.320331228925	439
1	3973	326199.67639907266	440
1	3982	327191.329045873162	441
1	3991	327978.640315588591	442
1	4004	329135.56558541025	443
1	4011	329758.858682680903	444
1	4022	330531.221612915425	445
1	4031	331328.461798746167	446
1	4036	331737.524447310744	447
1	4047	332872.241225279896	448
1	4056	333570.0574517716	449
1	4065	334249.068150948761	450
1	4076	334905.903894128306	451
1	4081	335388.32412958148	452
1	4094	336182.51368543136	453
1	4099	336927.192973997473	454
1	4110	337849.915340915351	455
1	4119	338383.74990178275	456
1	4128	339207.853307761281	457
1	4137	340257.936119427933	458
1	4146	341153.820783225848	459
1	4157	341746.040330641001	460
1	4166	342553.163255145803	461
1	4175	343379.218372469798	462
1	4184	344095.795442489937	463
1	4189	344617.877095704928	464
1	4200	345589.959504548491	465
1	4207	346006.742072710798	466
1	4216	346761.828896217079	467
1	4229	347614.276765706048	468
1	4238	348375.616555754126	469
1	4243	348750.21444275047	470
1	4252	349507.886858610468	471
1	4261	349877.530973218412	472
1	4274	351175.328686041788	473
1	4283	352068.669735034958	474
1	4292	352955.193139426441	475
1	4297	353472.294356161759	476
1	4306	353915.274691488625	477
1	4319	355217.017169063942	478
1	4328	355690.08142752576	479
1	4335	356240.196466399388	480
1	4344	356875.11081621054	481
1	4351	357446.585536748203	482
1	4362	358314.51208451766	483
1	4373	359187.776800012248	484
1	4380	359692.867525387587	485
1	4383	360020.801329147102	486
1	4396	360926.477364683556	487
1	4405	361990.866373898493	488
1	4418	362762.141628004642	489
1	4423	363445.59661243114	490
1	4432	364004.948106128754	491
1	4443	364757.566689234258	492
1	4452	365645.974231464819	493
1	4459	365994.521216629104	494
1	4472	366974.59263307977	495
1	4481	367830.268326122346	496
1	4490	368726.858250377732	497
1	4495	369088.913723034816	498
1	4504	369750.804135901886	499
1	4513	370351.594824297385	500
1	4522	371152.846121415527	501
1	4531	371740.992266871067	502
1	4544	372689.695908688041	503
1	4551	373230.446221120688	504
1	4558	373623.801768198642	505
1	4569	374876.205601450088	506
1	4578	375749.087690468911	507
1	4585	376279.545549675855	508
1	4594	377037.876870296928	509
1	4603	377574.005271121893	510
1	4612	378450.836262200061	511
1	4621	379532.787666935506	512
1	4634	380686.363819520953	513
1	4639	381390.943322656709	514
1	4648	381994.768248125943	515
1	4657	382671.487616188857	516
1	4668	383740.366335678879	517
1	4677	384397.336287936229	518
1	4684	384711.710536200586	519
1	4697	385766.100726462934	520
1	4704	386303.055927855927	521
1	4713	387159.420488867942	522
1	4720	388145.80701333474	523
1	4731	389006.191464280744	524
1	4738	389598.042532755096	525
1	4747	390442.097076913377	526
1	4760	391420.612466242199	527
1	4769	392144.877805374597	528
1	4776	392631.799273565446	529
1	4787	393550.247850129415	530
1	4792	394043.395647732575	531
1	4803	394807.864889921655	532
1	4814	395534.176524030078	533
1	4819	395896.307755820487	534
1	4828	396770.262733893502	535
1	4841	397604.544482845846	536
1	4850	398390.18451618034	537
1	4857	398846.94726141173	538
1	4864	399233.885380066965	539
1	4875	400104.042137134854	540
1	4882	400596.729639451985	541
1	4893	401902.87998192947	542
1	4904	402717.046870105002	543
1	4911	403489.77869334634	544
1	4920	404410.195852210779	545
1	4929	404840.45598059896	546
1	4938	406109.485309710759	547
1	4945	406496.451456332612	548
1	4958	407509.814143041183	549
1	4963	407928.301348350976	550
1	4972	408714.611914102022	551
1	4983	409206.910623516922	552
1	4990	410138.662177417461	553
1	4999	410669.185028225218	554
1	5010	411623.822249472175	555
1	5019	412467.299074027721	556
1	5026	413211.591973761131	557
1	5039	414246.152867702802	558
1	5046	414799.629957508331	559
1	5055	415696.296484814991	560
1	5062	416236.287359520827	561
1	5071	417210.279245395249	562
1	5084	418198.613582085854	563
1	5089	418523.705145204476	564
1	5098	418973.454597964919	565
1	5107	419769.292204175181	566
1	5120	420912.05882071521	567
1	5125	421338.606445631048	568
1	5134	422153.554407181255	569
1	5145	423190.900228545106	570
1	5152	423773.846972314677	571
1	5165	424792.140279477498	572
1	5174	425547.150955908036	573
1	5181	425922.391759045458	574
1	5188	426393.589163990727	575
1	5197	427400.763791520184	576
1	5208	428284.472407400643	577
1	5219	429196.771035483142	578
1	5226	429910.208953265136	579
1	5237	430861.514474311879	580
1	5242	431447.12965926159	581
1	5253	432343.47894606184	582
1	5262	433023.385772528162	583
1	5269	433454.435346135905	584
1	5280	434641.19989383038	585
1	5289	435375.192839931733	586
1	5296	435820.159935252777	587
1	5305	436600.118354475161	588
1	5316	437633.941670833191	589
1	5325	438377.316625183484	590
1	5334	439030.838237889147	591
1	5341	439430.566913075781	592
1	5354	440662.455180427095	593
1	5363	441544.652797607741	594
1	5368	442149.801171245089	595
1	5379	443019.534083968065	596
1	5386	443915.445231506636	597
1	5399	444852.651689993253	598
1	5404	445245.329602528399	599
1	5417	446332.626752369141	600
1	5424	446989.403364993667	601
1	5431	447502.510446030682	602
1	5442	448285.599442245475	603
1	5449	448670.877284975759	604
1	5458	449404.974529473146	605
1	5469	450425.653333263507	606
1	5478	451086.338121397456	607
1	5489	452066.912342933974	608
1	5494	452416.833522962442	609
1	5503	453274.382240697778	610
1	5514	454056.151156034356	611
1	5521	454718.408126849717	612
1	5530	455288.875384815074	613
1	5543	456587.283979821987	614
1	5552	457183.803186100013	615
1	5561	457975.571538135446	616
1	5566	458636.669216863848	617
1	5577	459515.481835417486	618
1	5584	459890.737547446079	619
1	5597	461283.879096200726	620
1	5604	461873.542322404719	621
1	5613	462748.128335271067	622
1	5622	463338.148128613866	623
1	5631	464017.542201513461	624
1	5638	464527.124934783243	625
1	5647	465013.59649566006	626
1	5656	465853.572166990526	627
1	5669	466747.292563039847	628
1	5676	467345.737027097531	629
1	5685	468005.500095617064	630
1	5694	468748.010717332401	631
1	5703	469393.253529444375	632
1	5714	470262.815535301381	633
1	5723	471108.9608587325	634
1	5730	471908.434258773961	635
1	5741	472712.58203065958	636
1	5748	473331.379904458338	637
1	5757	474119.148534117306	638
1	5766	474868.593419808934	639
1	5773	475820.653583994175	640
1	5784	476472.927194042171	641
1	5795	477574.361845571588	642
1	5800	477894.857591902877	643
1	5809	479132.019337406422	644
1	5818	479620.900158584158	645
1	5829	480540.569071797695	646
1	5840	481687.568633398082	647
1	5849	482564.142199046951	648
1	5854	482941.414821334224	649
1	5863	483621.986148180482	650
1	5876	484671.189817925956	651
1	5881	484989.841460622888	652
1	5890	485916.991597646888	653
1	5901	486964.969604881521	654
1	5908	487665.721523528959	655
1	5919	488540.181330638047	656
1	5926	489096.506585693028	657
1	5937	489985.7641899493	658
1	5944	490498.009775625583	659
1	5949	491300.70901522417	660
1	5966	492948.70691355322	661
1	5971	493305.018523894292	662
1	5984	494417.251714272467	663
1	5989	494955.932267708746	664
1	6002	496127.390094520567	665
1	6007	496432.603773661001	666
1	6016	496931.578244827731	667
1	6029	497877.053707838102	668
1	6034	498226.290317298888	669
1	6045	499480.333588924303	670
1	6052	499950.85845747967	671
1	6061	500636.620850069493	672
1	6070	501143.472329294353	673
1	6083	502221.83425831613	674
1	6088	502605.799102596984	675
1	6097	503286.23592476365	676
1	6110	504347.359990188897	677
1	6117	504753.617476997942	678
1	6124	505435.026033595249	679
1	6133	506059.669812396214	680
1	6146	507260.743653634608	681
1	6151	507585.932442219973	682
1	6164	508875.953321484894	683
1	6169	509259.837973304138	684
1	6178	510414.359474927232	685
1	6187	510806.904755020559	686
1	6196	511632.038129819603	687
1	6209	512584.674414061056	688
1	6218	513219.598480872856	689
1	6227	513953.092774981679	690
1	6236	514698.305027280049	691
1	6243	515212.577111693145	692
1	6250	515672.568743862258	693
1	6261	516814.122197404551	694
1	6270	517373.415345232981	695
1	6277	518543.210326088639	696
1	6286	519216.360741108702	697
1	6297	520230.654439330147	698
1	6306	520965.781438211025	699
1	6313	521379.19477075343	700
1	6322	522216.714563733013	701
1	6333	522876.78932449785	702
1	6340	523603.18799782549	703
1	6351	524600.249163061426	704
1	6360	525218.802338372962	705
1	6371	526251.349432161124	706
1	6376	526708.660247549461	707
1	6389	527684.450438618706	708
1	6394	528054.635563166858	709
1	6407	529010.683371964888	710
1	6412	529746.140449494169	711
1	6423	530325.606853142427	712
1	6434	531403.685783827724	713
1	6439	531767.166196787777	714
1	6448	532555.881987232761	715
1	6457	533175.552737200679	716
1	6470	534024.508658191236	717
1	6477	534550.159987388226	718
1	6486	535428.978091618094	719
1	6493	536085.640232311609	720
1	6504	536767.557754833299	721
1	6513	537508.690089499626	722
1	6522	537942.377258604441	723
1	6529	538833.280879771386	724
1	6538	539399.066281691241	725
1	6551	540461.474336078438	726
1	6560	541351.752820797312	727
1	6567	542020.779145276221	728
1	6574	542486.06111607519	729
1	6583	543406.329362187582	730
1	6592	543802.061031991664	731
1	6601	544476.906216982799	732
1	6614	545553.876806516248	733
1	6623	546262.791805760983	734
1	6628	546630.383411888081	735
1	6637	547489.563536737162	736
1	6648	548740.753178251955	737
1	6655	549161.475586518694	738
1	6668	550385.832629213158	739
1	6673	551005.087864631835	740
1	6682	551473.272234387744	741
1	6693	552558.710614778151	742
1	6700	553385.137758543764	743
1	6709	553804.905619612012	744
1	6718	554712.068472616424	745
1	6729	555695.866252435421	746
1	6738	556469.876790046742	747
1	6745	557084.999172063595	748
1	6756	557917.564662639102	749
1	6763	558480.890435865199	750
1	6772	559600.821567792496	751
1	6781	560032.678543310663	752
1	6792	561092.519070021859	753
1	6801	561491.731443163058	754
1	6812	562245.51942930562	755
1	6819	562613.29337032517	756
1	6822	562923.737487942032	757
1	6837	563977.806773129903	758
1	6844	564536.292446823843	759
1	6855	565490.812593279458	760
1	6864	566167.071311920933	761
1	6875	566676.01594864396	762
1	6882	567100.919688865595	763
1	6893	567925.423040567018	764
1	6900	568618.98189308127	765
1	6909	569232.568517653324	766
1	6918	570433.312263758906	767
1	6927	571013.859190978163	768
1	6934	571486.395298456826	769
1	6943	571867.328910576232	770
1	6956	573353.949184902065	771
1	6963	574022.20061933627	772
1	6972	575030.073729855993	773
1	6979	575454.561086325028	774
1	6988	575914.543032646233	775
1	6999	577107.414855156147	776
1	7008	577625.494019687229	777
1	7017	578406.246872898245	778
1	7028	579349.543374404365	779
1	7035	579833.842540439272	780
1	7044	580550.542073696905	781
1	7053	581233.291522180715	782
1	7060	581543.677352042922	783
1	7069	582313.77868750138	784
1	7078	583239.327860064858	785
1	7091	584245.699673378894	786
1	7098	584858.028550492654	787
1	7105	585377.502968581448	788
1	7114	586228.8629061543	789
1	7125	587184.817584743777	790
1	7134	588006.621774751747	791
1	7145	588836.013273289481	792
1	7154	589725.052935909534	793
1	7161	590477.504460420514	794
1	7170	591061.297835083733	795
1	7179	591887.812226638253	796
1	7186	592241.632255911882	797
1	7195	593070.387558359708	798
1	7204	593727.671838551815	799
1	7217	594950.764425052386	800
1	7224	595524.520371202436	801
1	7235	596222.562736552264	802
1	7244	596714.921493921484	803
1	7253	597594.621129613425	804
1	7260	598293.561000237297	805
1	7267	598612.523571867551	806
1	7280	599460.864352528061	807
1	7289	600319.977605156656	808
1	7294	600677.341423323434	809
1	7303	601389.976212428938	810
1	7314	602377.846695855316	811
1	7321	602945.460214745309	812
1	7332	603917.642760928776	813
1	7343	604750.803194940146	814

