version 2
run Pipelined_3Teachers-10-20190105-10:57:19-24124
attr configname Pipelined_3Teachers
attr datetime 20190105-10:57:19
attr experiment Pipelined_3Teachers
attr inifile ../simulations/omnetpp.ini
attr iterationvars "$0=\"uniform\""
attr iterationvarsf uniform-
attr measurement "$0=\"uniform\""
attr network PipelinedExamSession
attr processid 24124
attr repetition 10
attr replication #10
attr resultdir results
attr runnumber 10
attr seedset 10
param **.teachersNumber 3
param **.answerTimeDistribution "\"uniform\""
param **.minUniform 300
param **.maxUniform 900
param **.scaleLognormal 6.2854
param **.shapeLognormal 0.4724

vector 0 PipelinedExamSession examinationTime:vector ETV
attr source examFinished
vector 1 PipelinedExamSession studentID:vector ETV
attr source student
0	3217	260324.407142540459	1641.4216778241
0	3226	261068.779199011643	1669.4353319239
0	3235	261796.710100304354	1610.217843717
0	3244	262463.284342037533	1627.4583420251
0	3255	263433.620802685637	2070.1023153495
0	3266	264173.679817328249	1929.9676973373
0	3275	265057.939767139052	2024.8511336278
0	3284	265803.494213707765	2170.8835094701
0	3291	266175.900861248394	2002.2210439201
0	3298	266578.926452156176	1520.9866850171
0	3307	267585.292782727649	1781.7985690199
0	3316	268245.243849093114	2000.0277859624
0	3325	269038.708600960692	1962.8971409518
0	3334	269791.117395926287	1823.9544228651
0	3343	270694.855695124736	2146.870443318
0	3356	271796.714916871881	2388.7206761632
0	3365	272497.050712443909	2313.9814243186
0	3374	273339.939098339549	2316.1513157655
0	3381	273684.55924303273	1887.8443261608
0	3388	274531.847508670784	2034.7967962269
0	3401	275678.022833727322	2338.0837353878
0	3408	276106.010664626978	1953.5379770212
0	3419	276991.409099288307	1973.6464605667
0	3424	277532.487827120371	1854.464993393
0	3435	278626.271544629731	2494.851182308
0	3444	279089.817676646658	2098.4085773584
0	3451	279563.458801433467	1689.2405468971
0	3464	280788.126581814163	2148.8162521273
0	3469	281298.907397221797	1796.5273752809
0	3480	282115.571085177385	2015.7013680786
0	3489	282697.881379304477	1909.7547974903
0	3496	283221.302527003014	1668.0053581484
0	3505	283953.925854060822	1747.7900386322
0	3518	285165.842171246209	2225.9565666318
0	3523	285488.763491297164	1824.4928210042
0	3532	286061.660151137062	1552.3833211977
0	3545	287341.496865637624	2175.6546943914
0	3550	287644.141454855004	1732.8307310119
0	3563	288465.346854412951	1799.5141202118
0	3568	288882.703143451386	1541.2062778138
0	3577	289430.245843017497	1704.8808088526
0	3590	290789.623097889149	2324.2762434762
0	3595	291325.77982717196	2183.617347898
0	3604	292048.208993207687	2025.6811982486
0	3613	292922.870533587435	2133.2474356983
0	3622	293480.656862491765	1833.0656548496
0	3633	294553.500840906078	2051.1000681203
0	3642	295497.321685636441	2264.5169436
0	3649	296220.546999201204	2253.5620927345
0	3660	296937.366380123446	2237.843433721
0	3667	297243.651624675865	1674.6763637289
0	3676	298189.420364890273	1743.6647039372
0	3685	298719.453412620376	1558.2863832358
0	3698	299559.310774365465	1970.507727284
0	3703	300135.354429250608	1866.5857027285
0	3712	300893.289138749267	2123.7990120426
0	3721	301881.678292388121	2322.3675180227
0	3730	302511.161888530502	2077.0018524025
0	3743	303499.694879958431	2175.4795626272
0	3750	304394.256929028804	2246.658416139
0	3759	304757.521694339837	2107.9056018032
0	3766	305084.549022652234	1584.8541426938
0	3777	305973.650004202525	1576.683181012
0	3784	306338.157410966257	1527.6956719346
0	3793	306853.767209127571	1557.2921995539
0	3802	307858.352809818488	1864.7914275527
0	3811	309178.57847283597	2502.7446014341
0	3824	310030.960904248085	2543.0914322846
0	3833	310774.899382051107	2418.8710574526
0	3842	311505.122560216141	2262.6599079464
0	3849	312201.434341119629	2170.4734368715
0	3860	312961.886968603385	2186.9875865523
0	3869	313751.926340069649	2246.8037798535
0	3878	314585.76610931198	2311.911257403
0	3885	315058.764463942525	2096.8774953391
0	3894	315855.859116185484	2103.9327761158
0	3903	316299.639508361024	1713.873399049
0	3914	317550.678630871725	2468.4558158275
0	3919	317905.71587621237	1944.0864668693
0	3928	318780.026843911064	2017.960332334
0	3937	319280.459522595656	1729.7808917239
0	3946	320245.978313405094	1860.8935475349
0	3955	320783.727560006109	1624.5978767518
0	3966	321802.651158487451	2011.725928355
0	3973	322123.717942507964	1680.5649837479
0	3982	323067.797863762852	1764.9681699928
0	3991	323901.583787798908	1822.951244982
0	4002	324944.279671506983	2338.6169132777
0	4009	325481.066781375584	2035.2272490039
0	4018	326158.539444208173	1832.5153897516
0	4027	326994.023404223872	1932.9400554299
0	4040	328103.286087932093	2353.2352095935
0	4045	328833.313592383666	2258.0197082832
0	4056	329703.504970762907	2345.3473507427
0	4067	330375.877306144713	2272.5912182126
0	4072	330740.176562732114	1804.4029945973
0	4077	331109.271067706897	1342.4494078383
0	4094	332684.294932521908	2308.4176263772
0	4101	333421.059043798624	2284.2138698325
0	4110	334272.036822605907	2316.2318288349
0	4117	334741.690362012042	2057.3954294901
0	4126	335576.170254685014	2108.4449000191
0	4137	336463.406930677621	2104.9084652681
0	4148	337711.006561433925	2454.2798097711
0	4157	338272.342871921166	2223.0510808993
0	4166	339157.765114400565	2287.4434514903
0	4175	340044.815318472713	2333.8087570388
0	4180	340356.01999014619	2083.677118225
0	4189	341106.314609851718	1948.5494954512
0	4198	342064.906023815303	2020.0907053426
0	4207	342664.198694005637	1737.0832253247
0	4216	343494.659904576867	1745.1739691198
0	4227	344460.280169639766	2171.0271255579
0	4236	345267.654807586252	2316.2372781895
0	4243	346103.379239095404	2253.1151114032
0	4254	346964.190325979173	2258.7108615786
0	4265	347894.792992807954	2469.7753949091
0	4272	348648.037243215397	2337.732340442
0	4279	349039.967814926087	2007.151059201
0	4288	349539.834924135386	1645.0419313274
0	4301	350669.236444914743	1943.254887918
0	4310	351407.828224869475	2230.0150247756
0	4315	351776.084681600362	1873.074840568
0	4324	352216.002369392694	1546.765924478
0	4337	353227.622146904498	1819.793922035
0	4344	353881.566223735019	2030.1730474457
0	4355	354597.667517932162	2084.8752337508
0	4360	355198.880803864479	1971.25865696
0	4369	355620.005910191715	1636.8403980508
0	4380	356804.035232076452	2206.3677141443
0	4387	357144.905090052665	1814.2390188295
0	4396	358026.229451783033	1950.5022064783
0	4405	358521.97349513884	1683.4405106027
0	4414	359086.641852976785	1557.9700458795
0	4425	359827.630446106226	1733.500060346
0	4436	360615.803478704796	1791.0132173449
0	4443	361197.781523410261	1949.3507551029
0	4450	361630.130018759549	1735.8754812274
0	4463	362755.133585259349	2139.3301065546
0	4472	363468.136724922837	2190.1782250497
0	4481	364244.297445192964	2114.6143220365
0	4490	365036.89225120473	2281.7586659454
0	4495	365796.92847551781	2328.791750595
0	4506	366415.849717380509	2171.5522721875
0	4515	367446.981331938909	2410.0890807342
0	4524	368135.319445654781	2309.3060418963
0	4533	368928.486562008069	2232.647305727
0	4542	369426.025022752614	1905.3613019641
0	4551	370297.935260972039	1953.1206558924
0	4560	371062.562727928193	2029.7126306221
0	4569	371740.32114786099	1867.9041069467
0	4578	372385.654872190238	2085.2828919422
0	4585	373367.814152967216	2267.6022050902
0	4594	373999.311884120137	2200.2921424806
0	4605	374934.9330490921	2290.8444437664
0	4612	375310.78361500989	1900.6117416546
0	4623	376313.111058902026	2178.5052542109
0	4630	376845.352670643509	1849.5327233803
0	4639	377528.249094402449	1750.5847052671
0	4652	378647.609037905963	2122.1354153473
0	4661	379356.592775043132	2179.3265593238
0	4670	380250.693421438368	2496.2625081651
0	4679	381042.399637727099	2394.7905998211
0	4686	381736.624259641426	2380.0314845983
0	4697	382791.429579444262	2540.7361580059
0	4706	383461.692627472835	2419.2929897457
0	4711	384072.355010127681	2170.119144721
0	4724	385203.162726061451	2411.7331466172
0	4729	385655.831919377702	2194.1392919049
0	4740	386393.077004654365	2034.4865199644
0	4747	386743.957975739645	1540.7952496782
0	4760	387542.812988162073	1653.721530363
0	4767	388115.870725270393	1650.7757445797
0	4778	389193.548995954948	2251.0671985801
0	4783	389649.785969965192	2106.9729818031
0	4794	390831.181517522814	2489.6017426159
0	4805	391682.518076151642	2488.9690801967
0	4812	392267.415552120688	2212.1263717767
0	4819	393073.441881872746	2118.9692344051
0	4828	393739.241893077302	2056.7238169257
0	4837	394676.852755202013	2217.0566709246
0	4850	395430.111734429407	2335.6495857239
0	4855	395773.807645635712	1799.6075095609
0	4864	396349.54479178417	1509.7321689595
0	4873	396977.722128387574	1547.6103939582
0	4882	397744.726376049254	1717.4017183017
0	4887	398259.644457930732	1337.1585576329
0	4904	400136.32901636887	2551.593075553
0	4909	400733.284752024372	2253.0400875025
0	4920	401699.322168203105	2337.2645040974
0	4927	402226.855699438636	2090.5266830698
0	4940	403358.819499984417	2329.9449142534
0	4949	404212.421170435879	2329.0075563826
0	4956	404565.123328333754	2011.867145123
0	4967	405612.687701499123	2253.8682015147
0	4976	406394.276675954495	2181.8555055186
0	4983	407003.266445640509	2280.5483604781
0	4990	407639.782102592324	2027.0944010932
0	5001	408445.956456754391	2051.6797807999
0	5010	409519.222388276865	2412.6340901479
0	5021	410337.515365239267	2377.9711854178
0	5026	410731.978918332641	1962.7532081679
0	5037	411586.23353345323	1948.5176541377
0	5046	412406.717348797281	2069.201983558
0	5057	413243.700322089751	2182.972260844
0	5062	413547.508804500137	1603.0393625144
0	5075	414811.520999204402	2282.3589866515
0	5084	415568.986224336584	2325.2859022468
0	5089	415900.628286972676	1850.8533483837
0	5100	416830.606765346636	2019.0857661422
0	5107	417350.129280751605	1781.143056415
0	5116	418198.204477457364	1870.9615634289
0	5125	418751.437847223167	1628.5751359072
0	5138	419892.376422509585	2014.3384245224
0	5147	420716.062297672067	2268.7601265963
0	5156	421416.79715579379	2128.999600606
0	5161	421871.826991578598	1979.450569069
0	5174	423077.347642974962	2361.2853453029
0	5179	423401.776859443669	1984.9797036499
0	5188	424084.026410663534	1863.2501668297
0	5197	424784.282965539057	1706.9353225641
0	5208	425916.638549929518	1964.7141123656
0	5215	426312.026590760831	1581.6177109256
0	5224	427324.579885276069	1994.7221045382
0	5235	428457.434793189203	2272.1843979321
0	5242	429018.637449480628	1965.5219567008
0	5251	429594.706663861905	1735.5641047005
0	5260	430738.113742880557	1981.2318244949
0	5273	431615.812497166951	2262.219277164
0	5278	432047.607039101456	1892.5111255143
0	5287	433052.331958338652	2167.1332466416
0	5300	434181.630911445279	2565.8184142783
0	5305	434723.373064678196	2230.9127502143
0	5314	435687.260390678455	2381.861945847
0	5323	436449.648936884512	2268.0180254392
0	5332	436948.653020057862	1917.9466890637
0	5343	437565.528679825401	1771.6557559557
0	5352	438097.814046079328	1554.5262368862
0	5359	438931.243359670078	1856.2661647797
0	5370	439920.097602065688	2305.8548779227
0	5379	440430.115523748135	1947.2900447901
0	5390	441296.218644501676	2118.9080842305
0	5399	442150.861105788534	2079.4784673024
0	5406	442629.385000281071	2144.6338672657
0	5413	443250.414125528222	1954.1954810265
0	5424	444358.694958267769	2207.8338524792
0	5433	444772.076758788934	2031.2395392917
0	5442	445563.978399988299	2045.1001293026
0	5449	446053.142117941787	1653.8847779855
0	5458	446824.27219189707	1862.999529345
0	5467	447316.866096714548	1619.7490399238
0	5480	448623.423033719918	2487.4514762778
0	5487	449052.474512485823	2079.382347269
0	5494	449547.211740212551	1707.87983872
0	5507	450874.247986078299	2250.8249523584
0	5514	451685.835620993785	2275.4902980756
0	5525	452487.014314346052	2404.1674177162
0	5530	452828.674503089897	1954.4265170116
0	5541	453908.236982999406	2159.2866655905
0	5550	454714.311937848143	2227.2976235021
0	5557	455371.344641642682	2146.6590943281
0	5566	456067.425137758292	1992.5064804498
0	5575	456508.476308360733	1557.9770597164
0	5586	457852.880497416518	2322.6975139696
0	5593	458484.382922155819	2098.3709061518
0	5606	459579.800526984072	2483.6631224491
0	5613	460405.982841923869	2410.2733285166
0	5622	461245.667392993382	2523.212937545
0	5633	462020.115728722922	2440.3152017388
0	5640	462637.502842024006	2181.4622811042
0	5649	463375.556163210459	2051.2973858044
0	5656	464191.649627080225	2171.5338983573
0	5669	465241.945954458826	2454.2258839589
0	5676	465915.59331002649	2245.1601800043
0	5683	466283.372971555256	1892.2361004632
0	5694	467256.762143131383	2014.8161886726
0	5701	467761.019357387014	1764.2975478899
0	5710	468405.31618176032	1722.6824361831
0	5719	469161.487476015502	1784.6910224296
0	5728	469550.100592570418	1529.5424113981
0	5737	470246.599787240886	1423.9938968327
0	5750	471770.531377662012	2580.0246629398
0	5757	472436.556834401602	2411.7071877234
0	5768	473079.413398029322	2176.1379418429
0	5777	473860.228089429477	2089.6967117675
0	5782	474177.655133279079	1591.120798979
0	5793	475289.231141796375	2209.8177437671
0	5802	475871.001653932074	2010.7735645026
0	5811	476548.062635259742	1998.8268921152
0	5818	476977.258818643207	1550.3729179502
0	5827	478065.595282288307	1935.2516180836
0	5840	479032.495628530199	2145.5730357673
0	5849	479820.939341420347	2225.710797077
0	5854	480175.595204439053	1995.4462010879
0	5867	481067.415931820909	2034.9203032907
0	5872	481573.811906576196	1752.8725651558
0	5883	482362.177410861517	1881.0360062867
0	5894	483143.899855529929	2076.483923709
0	5903	483896.218694513703	2122.6070922799
0	5912	484709.363624174187	2051.7440718133
0	5917	485034.324630489612	1890.4247749597
0	5930	486298.777074040885	2402.5583795272
0	5939	487038.313191337551	2328.9495671634
0	5948	487572.886530635919	1981.477836566
0	5957	488218.575632292818	1919.7985582519
0	5962	488656.03042091247	1617.7172295749
0	5971	489315.991347050335	1743.1048164144
0	5984	490081.895059207496	1863.3194269147
0	5991	490432.621514657554	1437.6997735351
0	5994	490789.735078811687	1133.9319732506
0	6009	491867.022313037929	1785.1272538304
0	6016	492442.804627306801	1646.940774098
0	6027	493630.616403836798	2144.0978350583
0	6034	494174.55230872151	1902.6560228784
0	6047	495562.540756026325	2614.9698895868
0	6054	496208.311136160088	2389.9640679359
0	6061	496750.237336009783	2032.8317084815
0	6070	497403.884791117203	1841.3440350909
0	6081	498532.102369330865	2153.4681698307
0	6088	498839.250404248056	1565.1409875602
0	6099	500047.326943790582	2163.1456580479
0	6108	501000.751649960917	2287.7099849749
0	6115	501606.634910590988	2057.0634325035
0	6124	502033.694264665287	1722.9441626463
0	6137	503028.915905021173	1922.9725363199
0	6144	503473.240751260934	1806.7545767874
0	6155	504522.877537552309	2263.5617462453
0	6164	505113.087491970551	2084.1715869494
0	6173	505821.226180577692	2127.5358899496
0	6182	506339.076619315934	1816.1990817636
0	6189	506991.368319327053	1878.2808273565
0	6196	507462.898226827425	1641.6720462497
0	6205	508467.664311407176	2128.5876920912
0	6216	509071.413701400203	2001.0413512588
0	6227	510211.717397952494	2415.8329877537
0	6232	510593.101878091735	1993.2994422968
0	6241	511339.906676346478	2016.8832882307
0	6252	512335.426358040464	2123.708960088
0	6263	513161.197021510494	2125.298801763
0	6268	513708.634159388063	1978.2067561056
0	6277	514124.195910757449	1665.3466405347
0	6286	514857.699097646442	1696.5020761359
0	6297	515545.81161872488	1683.3864865825
0	6304	516313.185307150749	1910.2676717564
0	6315	517304.574791388628	2255.3878068924
0	6326	518266.417909506751	2389.9528838228
0	6331	518795.002282457469	2140.9591809846
0	6340	519212.900897953702	1759.6584184561
0	6349	519811.393076973079	1544.9751674663
0	6360	521132.255405327348	2013.0504204892
0	6369	521913.146405573977	2434.0330709238
0	6378	522392.383915325669	2058.205503691
0	6387	522863.022365653931	1726.5564861707
0	6396	523902.043955493762	1961.2408507615
0	6407	524497.40470927213	2081.7892438732
0	6416	525107.437980640723	2029.26052697
0	6421	525541.525402385785	1567.828801414
0	6432	526517.466238746463	2020.0615294743
0	6439	527305.218614079102	2197.7806334384
0	6450	528132.281976565763	2248.0166694615
0	6459	528847.92085946542	2145.9070912097
0	6466	529562.682496151	1989.7120729554
0	6477	530537.303877901331	2208.4487505723
0	6488	531453.972953651145	2339.5275372081
0	6493	531861.109323101163	1850.3501077183
0	6504	532774.138401495337	2184.0174565092
0	6511	533371.348180342511	1917.3752266914
0	6522	534406.201323308096	2090.4712566175
0	6529	534774.734662659512	1798.5206434038
0	6542	535547.8976331186	1708.9287901763
0	6547	536276.047246344433	1723.708208045
0	6556	536680.526665784464	1639.9695168715
0	6567	537797.753217257605	2249.855584139
0	6578	538692.720981454522	2308.7051257957
0	6587	539436.583639914215	2317.2699275427
0	6596	540148.480834392876	2136.9528648444
0	6601	540585.41955845435	1892.6985769998
0	6610	541283.700356818781	1847.1167169046
0	6621	541995.21813774486	1846.737303352
0	6632	542831.230573123366	1950.4485153593
0	6641	543714.992619305894	2243.2481857482
0	6650	544471.561528276697	2454.8561998643
0	6659	545225.203486299187	2393.9729131758
0	6666	546015.773040242538	2300.7804209366
0	6675	546582.035806076646	2110.4742777999
0	6682	547328.158766822934	2102.9552805237
0	6693	548151.497784303547	2088.8473552186
0	6704	548956.821446260483	2004.9996421672
0	6713	549367.422604467765	1652.3739312775
0	6718	549885.025738226295	1722.4587026518
0	6727	550382.808001851709	1425.9865555912
0	6736	551351.816910412208	1984.3943059444
0	6749	552129.852971294939	1936.4821507595
0	6758	552871.481636446014	2117.2985628247
0	6767	553679.553637281105	2198.8837481942
0	6772	554410.071819042832	2280.2188477479
0	6781	555050.592965958685	2179.1113295127
0	6790	555872.248784825251	2192.6951475441
0	6799	556542.897185403899	1970.88266504
0	6808	557203.209407161965	1777.6138532907
0	6819	558240.038258582398	1933.6842403281
0	6830	559336.122449627191	2181.1762144323
0	6839	560143.918851669923	2403.7056592293
0	6846	560559.397691208914	2028.4995158203
0	6853	561535.857724444986	2199.7352748178
0	6862	561981.145421555311	1837.2265698854
0	6873	562943.621078319894	1935.8172807377
0	6882	563325.706500001298	1627.8342825361
0	6889	563680.623303679796	1146.8911655713
0	6900	564294.540057610766	1276.1599710211
0	6907	564765.155722433747	1395.8998654503
0	6916	565577.202890580566	1814.430178469
0	6927	566658.871826296719	2127.924453048
0	6938	567446.011938247877	2415.3515344486
0	6947	568268.746016733396	2348.4928697348
0	6956	568906.323580350775	2185.3301572613
0	6965	569654.732385976288	2208.7204477284
0	6970	570032.378321467015	1763.6323047336
0	6981	570967.047556908849	2060.7239765581
0	6992	571870.960686123046	2216.2283001468
0	6999	572606.233870843473	2239.0678633936
0	7010	573496.455153822947	2420.8148564212
0	7015	573854.170954227496	1983.2102681045
0	7026	574809.180228039671	2087.1226494201
0	7033	575603.190623084132	2106.7354692612
0	7042	576372.538306983236	1983.2013067324
0	7053	577400.658646412241	2159.0396763291
0	7060	577735.498332465115	1727.1692966111
0	7069	578816.284542297992	1930.3071700037
0	7080	579551.527879759717	1901.8963793758
0	7087	580132.190219080123	1905.0159899052
0	7098	581213.43616666277	2189.4022329245
0	7107	582169.097943417776	2310.4060268495
0	7114	582903.074535727549	2160.2034801152
0	7125	583902.521380176816	2328.4962048288
0	7136	584722.200782736812	2284.6158265136
0	7143	585220.207808492754	1949.7836271767
0	7150	585869.13766642106	1856.900333846
0	7159	586601.915311021779	1879.714528285
0	7168	587420.936952810783	1917.8177165799
0	7177	588271.504197036896	2114.6043421235
0	7190	589216.928734956358	2236.4283871371
0	7197	589752.746546035681	2151.8990634475
0	7206	590461.1505306792	2107.1964856703
0	7213	591300.804669270341	2083.875934314
0	7222	591905.837634578396	2037.1795549057
0	7231	592703.611560165931	1953.2371846028
0	7244	593471.453031851028	1840.3549981769
0	7253	593983.812332851862	1829.3654599227
0	7260	594675.010377215271	1866.4769520052
0	7267	595187.707404512962	1716.2543726619
0	7276	595810.931441327607	1827.1191084757
0	7285	596577.924575982665	1777.5127066299
0	7296	597825.601046579009	2282.9123987351
0	7307	598956.623149104467	2525.3840915859
0	7314	599687.632011668807	2419.9078230187
0	7321	600201.060815155557	2092.8675963543
0	7330	600719.712155079521	1763.0890059751
0	7341	601550.829588621906	1694.6604402736
0	7352	602073.850269103475	1494.6590321604
0	7357	602441.84547881601	1266.3470774889
0	7368	603317.124378355273	1758.2618471235
0	7375	603734.816789533996	1660.9665204305
0	7384	604628.684417903476	1874.9839874916
1	3217	260324.407142540459	356
1	3226	261068.779199011643	357
1	3235	261796.710100304354	358
1	3244	262463.284342037533	359
1	3255	263433.620802685637	360
1	3266	264173.679817328249	361
1	3275	265057.939767139052	362
1	3284	265803.494213707765	363
1	3291	266175.900861248394	364
1	3298	266578.926452156176	365
1	3307	267585.292782727649	366
1	3316	268245.243849093114	367
1	3325	269038.708600960692	368
1	3334	269791.117395926287	369
1	3343	270694.855695124736	370
1	3356	271796.714916871881	371
1	3365	272497.050712443909	372
1	3374	273339.939098339549	373
1	3381	273684.55924303273	374
1	3388	274531.847508670784	375
1	3401	275678.022833727322	376
1	3408	276106.010664626978	377
1	3419	276991.409099288307	378
1	3424	277532.487827120371	379
1	3435	278626.271544629731	380
1	3444	279089.817676646658	381
1	3451	279563.458801433467	382
1	3464	280788.126581814163	383
1	3469	281298.907397221797	384
1	3480	282115.571085177385	385
1	3489	282697.881379304477	386
1	3496	283221.302527003014	387
1	3505	283953.925854060822	388
1	3518	285165.842171246209	389
1	3523	285488.763491297164	390
1	3532	286061.660151137062	391
1	3545	287341.496865637624	392
1	3550	287644.141454855004	393
1	3563	288465.346854412951	394
1	3568	288882.703143451386	395
1	3577	289430.245843017497	396
1	3590	290789.623097889149	397
1	3595	291325.77982717196	398
1	3604	292048.208993207687	399
1	3613	292922.870533587435	400
1	3622	293480.656862491765	401
1	3633	294553.500840906078	402
1	3642	295497.321685636441	403
1	3649	296220.546999201204	404
1	3660	296937.366380123446	405
1	3667	297243.651624675865	406
1	3676	298189.420364890273	407
1	3685	298719.453412620376	408
1	3698	299559.310774365465	409
1	3703	300135.354429250608	410
1	3712	300893.289138749267	411
1	3721	301881.678292388121	412
1	3730	302511.161888530502	413
1	3743	303499.694879958431	414
1	3750	304394.256929028804	415
1	3759	304757.521694339837	416
1	3766	305084.549022652234	417
1	3777	305973.650004202525	418
1	3784	306338.157410966257	419
1	3793	306853.767209127571	420
1	3802	307858.352809818488	421
1	3811	309178.57847283597	422
1	3824	310030.960904248085	423
1	3833	310774.899382051107	424
1	3842	311505.122560216141	425
1	3849	312201.434341119629	426
1	3860	312961.886968603385	427
1	3869	313751.926340069649	428
1	3878	314585.76610931198	429
1	3885	315058.764463942525	430
1	3894	315855.859116185484	431
1	3903	316299.639508361024	432
1	3914	317550.678630871725	433
1	3919	317905.71587621237	434
1	3928	318780.026843911064	435
1	3937	319280.459522595656	436
1	3946	320245.978313405094	437
1	3955	320783.727560006109	438
1	3966	321802.651158487451	439
1	3973	322123.717942507964	440
1	3982	323067.797863762852	441
1	3991	323901.583787798908	442
1	4002	324944.279671506983	443
1	4009	325481.066781375584	444
1	4018	326158.539444208173	445
1	4027	326994.023404223872	446
1	4040	328103.286087932093	447
1	4045	328833.313592383666	448
1	4056	329703.504970762907	449
1	4067	330375.877306144713	450
1	4072	330740.176562732114	451
1	4077	331109.271067706897	452
1	4094	332684.294932521908	453
1	4101	333421.059043798624	454
1	4110	334272.036822605907	455
1	4117	334741.690362012042	456
1	4126	335576.170254685014	457
1	4137	336463.406930677621	458
1	4148	337711.006561433925	459
1	4157	338272.342871921166	460
1	4166	339157.765114400565	461
1	4175	340044.815318472713	462
1	4180	340356.01999014619	463
1	4189	341106.314609851718	464
1	4198	342064.906023815303	465
1	4207	342664.198694005637	466
1	4216	343494.659904576867	467
1	4227	344460.280169639766	468
1	4236	345267.654807586252	469
1	4243	346103.379239095404	470
1	4254	346964.190325979173	471
1	4265	347894.792992807954	472
1	4272	348648.037243215397	473
1	4279	349039.967814926087	474
1	4288	349539.834924135386	475
1	4301	350669.236444914743	476
1	4310	351407.828224869475	477
1	4315	351776.084681600362	478
1	4324	352216.002369392694	479
1	4337	353227.622146904498	480
1	4344	353881.566223735019	481
1	4355	354597.667517932162	482
1	4360	355198.880803864479	483
1	4369	355620.005910191715	484
1	4380	356804.035232076452	485
1	4387	357144.905090052665	486
1	4396	358026.229451783033	487
1	4405	358521.97349513884	488
1	4414	359086.641852976785	489
1	4425	359827.630446106226	490
1	4436	360615.803478704796	491
1	4443	361197.781523410261	492
1	4450	361630.130018759549	493
1	4463	362755.133585259349	494
1	4472	363468.136724922837	495
1	4481	364244.297445192964	496
1	4490	365036.89225120473	497
1	4495	365796.92847551781	498
1	4506	366415.849717380509	499
1	4515	367446.981331938909	500
1	4524	368135.319445654781	501
1	4533	368928.486562008069	502
1	4542	369426.025022752614	503
1	4551	370297.935260972039	504
1	4560	371062.562727928193	505
1	4569	371740.32114786099	506
1	4578	372385.654872190238	507
1	4585	373367.814152967216	508
1	4594	373999.311884120137	509
1	4605	374934.9330490921	510
1	4612	375310.78361500989	511
1	4623	376313.111058902026	512
1	4630	376845.352670643509	513
1	4639	377528.249094402449	514
1	4652	378647.609037905963	515
1	4661	379356.592775043132	516
1	4670	380250.693421438368	517
1	4679	381042.399637727099	518
1	4686	381736.624259641426	519
1	4697	382791.429579444262	520
1	4706	383461.692627472835	521
1	4711	384072.355010127681	522
1	4724	385203.162726061451	523
1	4729	385655.831919377702	524
1	4740	386393.077004654365	525
1	4747	386743.957975739645	526
1	4760	387542.812988162073	527
1	4767	388115.870725270393	528
1	4778	389193.548995954948	529
1	4783	389649.785969965192	530
1	4794	390831.181517522814	531
1	4805	391682.518076151642	532
1	4812	392267.415552120688	533
1	4819	393073.441881872746	534
1	4828	393739.241893077302	535
1	4837	394676.852755202013	536
1	4850	395430.111734429407	537
1	4855	395773.807645635712	538
1	4864	396349.54479178417	539
1	4873	396977.722128387574	540
1	4882	397744.726376049254	541
1	4887	398259.644457930732	542
1	4904	400136.32901636887	543
1	4909	400733.284752024372	544
1	4920	401699.322168203105	545
1	4927	402226.855699438636	546
1	4940	403358.819499984417	547
1	4949	404212.421170435879	548
1	4956	404565.123328333754	549
1	4967	405612.687701499123	550
1	4976	406394.276675954495	551
1	4983	407003.266445640509	552
1	4990	407639.782102592324	553
1	5001	408445.956456754391	554
1	5010	409519.222388276865	555
1	5021	410337.515365239267	556
1	5026	410731.978918332641	557
1	5037	411586.23353345323	558
1	5046	412406.717348797281	559
1	5057	413243.700322089751	560
1	5062	413547.508804500137	561
1	5075	414811.520999204402	562
1	5084	415568.986224336584	563
1	5089	415900.628286972676	564
1	5100	416830.606765346636	565
1	5107	417350.129280751605	566
1	5116	418198.204477457364	567
1	5125	418751.437847223167	568
1	5138	419892.376422509585	569
1	5147	420716.062297672067	570
1	5156	421416.79715579379	571
1	5161	421871.826991578598	572
1	5174	423077.347642974962	573
1	5179	423401.776859443669	574
1	5188	424084.026410663534	575
1	5197	424784.282965539057	576
1	5208	425916.638549929518	577
1	5215	426312.026590760831	578
1	5224	427324.579885276069	579
1	5235	428457.434793189203	580
1	5242	429018.637449480628	581
1	5251	429594.706663861905	582
1	5260	430738.113742880557	583
1	5273	431615.812497166951	584
1	5278	432047.607039101456	585
1	5287	433052.331958338652	586
1	5300	434181.630911445279	587
1	5305	434723.373064678196	588
1	5314	435687.260390678455	589
1	5323	436449.648936884512	590
1	5332	436948.653020057862	591
1	5343	437565.528679825401	592
1	5352	438097.814046079328	593
1	5359	438931.243359670078	594
1	5370	439920.097602065688	595
1	5379	440430.115523748135	596
1	5390	441296.218644501676	597
1	5399	442150.861105788534	598
1	5406	442629.385000281071	599
1	5413	443250.414125528222	600
1	5424	444358.694958267769	601
1	5433	444772.076758788934	602
1	5442	445563.978399988299	603
1	5449	446053.142117941787	604
1	5458	446824.27219189707	605
1	5467	447316.866096714548	606
1	5480	448623.423033719918	607
1	5487	449052.474512485823	608
1	5494	449547.211740212551	609
1	5507	450874.247986078299	610
1	5514	451685.835620993785	611
1	5525	452487.014314346052	612
1	5530	452828.674503089897	613
1	5541	453908.236982999406	614
1	5550	454714.311937848143	615
1	5557	455371.344641642682	616
1	5566	456067.425137758292	617
1	5575	456508.476308360733	618
1	5586	457852.880497416518	619
1	5593	458484.382922155819	620
1	5606	459579.800526984072	621
1	5613	460405.982841923869	622
1	5622	461245.667392993382	623
1	5633	462020.115728722922	624
1	5640	462637.502842024006	625
1	5649	463375.556163210459	626
1	5656	464191.649627080225	627
1	5669	465241.945954458826	628
1	5676	465915.59331002649	629
1	5683	466283.372971555256	630
1	5694	467256.762143131383	631
1	5701	467761.019357387014	632
1	5710	468405.31618176032	633
1	5719	469161.487476015502	634
1	5728	469550.100592570418	635
1	5737	470246.599787240886	636
1	5750	471770.531377662012	637
1	5757	472436.556834401602	638
1	5768	473079.413398029322	639
1	5777	473860.228089429477	640
1	5782	474177.655133279079	641
1	5793	475289.231141796375	642
1	5802	475871.001653932074	643
1	5811	476548.062635259742	644
1	5818	476977.258818643207	645
1	5827	478065.595282288307	646
1	5840	479032.495628530199	647
1	5849	479820.939341420347	648
1	5854	480175.595204439053	649
1	5867	481067.415931820909	650
1	5872	481573.811906576196	651
1	5883	482362.177410861517	652
1	5894	483143.899855529929	653
1	5903	483896.218694513703	654
1	5912	484709.363624174187	655
1	5917	485034.324630489612	656
1	5930	486298.777074040885	657
1	5939	487038.313191337551	658
1	5948	487572.886530635919	659
1	5957	488218.575632292818	660
1	5962	488656.03042091247	661
1	5971	489315.991347050335	662
1	5984	490081.895059207496	663
1	5991	490432.621514657554	664
1	5994	490789.735078811687	665
1	6009	491867.022313037929	666
1	6016	492442.804627306801	667
1	6027	493630.616403836798	668
1	6034	494174.55230872151	669
1	6047	495562.540756026325	670
1	6054	496208.311136160088	671
1	6061	496750.237336009783	672
1	6070	497403.884791117203	673
1	6081	498532.102369330865	674
1	6088	498839.250404248056	675
1	6099	500047.326943790582	676
1	6108	501000.751649960917	677
1	6115	501606.634910590988	678
1	6124	502033.694264665287	679
1	6137	503028.915905021173	680
1	6144	503473.240751260934	681
1	6155	504522.877537552309	682
1	6164	505113.087491970551	683
1	6173	505821.226180577692	684
1	6182	506339.076619315934	685
1	6189	506991.368319327053	686
1	6196	507462.898226827425	687
1	6205	508467.664311407176	688
1	6216	509071.413701400203	689
1	6227	510211.717397952494	690
1	6232	510593.101878091735	691
1	6241	511339.906676346478	692
1	6252	512335.426358040464	693
1	6263	513161.197021510494	694
1	6268	513708.634159388063	695
1	6277	514124.195910757449	696
1	6286	514857.699097646442	697
1	6297	515545.81161872488	698
1	6304	516313.185307150749	699
1	6315	517304.574791388628	700
1	6326	518266.417909506751	701
1	6331	518795.002282457469	702
1	6340	519212.900897953702	703
1	6349	519811.393076973079	704
1	6360	521132.255405327348	705
1	6369	521913.146405573977	706
1	6378	522392.383915325669	707
1	6387	522863.022365653931	708
1	6396	523902.043955493762	709
1	6407	524497.40470927213	710
1	6416	525107.437980640723	711
1	6421	525541.525402385785	712
1	6432	526517.466238746463	713
1	6439	527305.218614079102	714
1	6450	528132.281976565763	715
1	6459	528847.92085946542	716
1	6466	529562.682496151	717
1	6477	530537.303877901331	718
1	6488	531453.972953651145	719
1	6493	531861.109323101163	720
1	6504	532774.138401495337	721
1	6511	533371.348180342511	722
1	6522	534406.201323308096	723
1	6529	534774.734662659512	724
1	6542	535547.8976331186	725
1	6547	536276.047246344433	726
1	6556	536680.526665784464	727
1	6567	537797.753217257605	728
1	6578	538692.720981454522	729
1	6587	539436.583639914215	730
1	6596	540148.480834392876	731
1	6601	540585.41955845435	732
1	6610	541283.700356818781	733
1	6621	541995.21813774486	734
1	6632	542831.230573123366	735
1	6641	543714.992619305894	736
1	6650	544471.561528276697	737
1	6659	545225.203486299187	738
1	6666	546015.773040242538	739
1	6675	546582.035806076646	740
1	6682	547328.158766822934	741
1	6693	548151.497784303547	742
1	6704	548956.821446260483	743
1	6713	549367.422604467765	744
1	6718	549885.025738226295	745
1	6727	550382.808001851709	746
1	6736	551351.816910412208	747
1	6749	552129.852971294939	748
1	6758	552871.481636446014	749
1	6767	553679.553637281105	750
1	6772	554410.071819042832	751
1	6781	555050.592965958685	752
1	6790	555872.248784825251	753
1	6799	556542.897185403899	754
1	6808	557203.209407161965	755
1	6819	558240.038258582398	756
1	6830	559336.122449627191	757
1	6839	560143.918851669923	758
1	6846	560559.397691208914	759
1	6853	561535.857724444986	760
1	6862	561981.145421555311	761
1	6873	562943.621078319894	762
1	6882	563325.706500001298	763
1	6889	563680.623303679796	764
1	6900	564294.540057610766	765
1	6907	564765.155722433747	766
1	6916	565577.202890580566	767
1	6927	566658.871826296719	768
1	6938	567446.011938247877	769
1	6947	568268.746016733396	770
1	6956	568906.323580350775	771
1	6965	569654.732385976288	772
1	6970	570032.378321467015	773
1	6981	570967.047556908849	774
1	6992	571870.960686123046	775
1	6999	572606.233870843473	776
1	7010	573496.455153822947	777
1	7015	573854.170954227496	778
1	7026	574809.180228039671	779
1	7033	575603.190623084132	780
1	7042	576372.538306983236	781
1	7053	577400.658646412241	782
1	7060	577735.498332465115	783
1	7069	578816.284542297992	784
1	7080	579551.527879759717	785
1	7087	580132.190219080123	786
1	7098	581213.43616666277	787
1	7107	582169.097943417776	788
1	7114	582903.074535727549	789
1	7125	583902.521380176816	790
1	7136	584722.200782736812	791
1	7143	585220.207808492754	792
1	7150	585869.13766642106	793
1	7159	586601.915311021779	794
1	7168	587420.936952810783	795
1	7177	588271.504197036896	796
1	7190	589216.928734956358	797
1	7197	589752.746546035681	798
1	7206	590461.1505306792	799
1	7213	591300.804669270341	800
1	7222	591905.837634578396	801
1	7231	592703.611560165931	802
1	7244	593471.453031851028	803
1	7253	593983.812332851862	804
1	7260	594675.010377215271	805
1	7267	595187.707404512962	806
1	7276	595810.931441327607	807
1	7285	596577.924575982665	808
1	7296	597825.601046579009	809
1	7307	598956.623149104467	810
1	7314	599687.632011668807	811
1	7321	600201.060815155557	812
1	7330	600719.712155079521	813
1	7341	601550.829588621906	814
1	7352	602073.850269103475	815
1	7357	602441.84547881601	816
1	7368	603317.124378355273	817
1	7375	603734.816789533996	818
1	7384	604628.684417903476	819

