version 2
run Pipelined_3Teachers-2-20190105-10:57:18-16472
attr configname Pipelined_3Teachers
attr datetime 20190105-10:57:18
attr experiment Pipelined_3Teachers
attr inifile ../simulations/omnetpp.ini
attr iterationvars "$0=\"uniform\""
attr iterationvarsf uniform-
attr measurement "$0=\"uniform\""
attr network PipelinedExamSession
attr processid 16472
attr repetition 2
attr replication #2
attr resultdir results
attr runnumber 2
attr seedset 2
param **.teachersNumber 3
param **.answerTimeDistribution "\"uniform\""
param **.minUniform 300
param **.maxUniform 900
param **.scaleLognormal 6.2854
param **.shapeLognormal 0.4724

vector 0 PipelinedExamSession examinationTime:vector ETV
attr source examFinished
vector 1 PipelinedExamSession studentID:vector ETV
attr source student
0	3192	260819.653856707753	2077.288913168
0	3199	261209.231099300102	1973.092171317
0	3208	261700.158724654481	1691.0640974063
0	3217	262338.733510673062	1471.7966306023
0	3228	262947.679969249309	1502.7572234161
0	3235	263291.974457027407	1262.4686390162
0	3246	264332.763631828146	1828.9828517474
0	3253	264705.268081510456	1755.7118462864
0	3262	265555.015748273598	1733.2445866428
0	3273	266425.989564880745	2016.8509153649
0	3284	267147.286928398551	2140.9909803886
0	3289	267529.45684609005	1733.998708846
0	3302	268214.197993325086	1666.7077606078
0	3307	268655.460026487725	1508.1730980892
0	3318	269441.291289450617	1783.9411321096
0	3325	269998.214521631615	1784.0165283065
0	3334	270890.666364552469	1810.2679675911
0	3347	272088.374782959015	2233.6631636135
0	3356	272951.756114792095	2295.333058387
0	3365	273468.091168440895	2227.9470666312
0	3374	274293.343972088786	2204.9691891298
0	3379	274609.511682624014	1657.7555678319
0	3388	275328.367907786759	1860.2767393459
0	3401	276323.653829935956	2030.3098578472
0	3410	276838.970789406467	1900.6796220783
0	3415	277432.81710189769	1927.7168436907
0	3426	278229.407029459271	1905.7531995233
0	3437	279086.505173798669	2247.5343843922
0	3444	279579.934250749666	1917.9485385306
0	3453	280554.610218945909	2185.8584430534
0	3464	281372.695458959807	2286.1902851611
0	3469	281755.782568920423	1770.3096777666
0	3478	282227.919198106994	1612.9406270105
0	3487	283122.663372522238	1749.9679135624
0	3496	283671.128525538389	1609.7286752891
0	3507	284777.332329796646	2017.7676592022
0	3516	285657.000836497192	2150.1042113174
0	3527	286544.030215311814	2448.7831631675
0	3534	287117.769437469561	2128.9858049713
0	3543	287728.021420631576	1886.442939844
0	3554	288656.296705780569	2112.2664904688
0	3559	289018.615625426191	1897.1828470007
0	3568	289863.525730697456	2087.6410078257
0	3577	291061.261743726227	2404.9650379457
0	3586	291661.527172755468	2110.0753237959
0	3599	292645.940076978896	2214.2810335848
0	3608	293134.26100113431	1993.3612416498
0	3613	293555.995756806824	1764.5891980268
0	3622	294513.902492774669	1867.9624157958
0	3631	295062.492295168359	1928.231294034
0	3640	295480.424965918083	1467.0082620811
0	3649	296609.272760432232	1949.4140340015
0	3660	297329.733101790789	2141.5346091148
0	3669	298459.83953909019	2434.1287356801
0	3680	299367.055701138471	2531.7425178364
0	3687	299857.934269867857	2183.4014955908
0	3694	300567.543499125187	2095.4904756043
0	3703	301317.257439019178	1950.2017378807
0	3714	302260.102627286707	2065.5182332266
0	3721	302973.623648844679	2031.1562902294
0	3734	304105.838538520058	2275.8216059301
0	3743	304959.296130063032	2500.7216574624
0	3750	305524.856786476468	2233.6840455886
0	3759	306125.580405537059	2019.741867017
0	3766	306544.531952217241	1585.2358221542
0	3775	307449.58713306116	1888.0372332875
0	3788	308438.338878192027	1983.543509664
0	3793	308804.298197384943	1677.7230314445
0	3806	309600.250522512963	1907.4811654631
0	3811	310018.060896266272	1579.7220180742
0	3822	310950.915423687568	1932.5284708757
0	3829	311529.648652765921	1929.398130253
0	3838	312068.325852043947	1737.9392239731
0	3849	313052.971551613903	1926.4997557271
0	3860	314081.245399452767	2389.4025698304
0	3867	314796.289416868261	2262.194556836
0	3876	315376.947009796298	2155.492772162
0	3883	315833.065610239304	1751.8202107865
0	3896	317053.058350179365	2246.0116624832
0	3903	317490.667184488868	1960.5587257538
0	3912	318195.575745776316	1879.8612819985
0	3921	318947.589703090509	1894.5313529111
0	3928	319364.499258762246	1746.2317053694
0	3941	320453.907610522604	2080.5011821445
0	3950	321036.336445156506	2032.6027496718
0	3955	321337.573789944893	1556.8411852699
0	3966	322221.431436901933	1767.5238263793
0	3973	322772.046885453186	1735.7104402967
0	3984	323643.490547547138	2235.3848974686
0	3991	324382.986962981543	2093.9938046504
0	4004	325183.770920801928	2207.9357251525
0	4013	326016.23147930952	2157.6372827869
0	4018	326469.844329357168	1904.3547203299
0	4031	327753.833319945281	2570.0623991434
0	4040	328474.638489028459	2458.4070097189
0	4047	329009.067224850898	2149.1317205597
0	4054	329662.598594650646	1908.7652747054
0	4063	330205.264516035114	1730.6260270067
0	4074	331369.701130036284	2294.2893689498
0	4085	332172.089121490736	2257.3792977724
0	4090	332543.457885598783	1803.1522986945
0	4099	333502.018750179578	2070.0656735804
0	4110	334365.334524493684	2193.2454030029
0	4119	335096.493730181848	2031.4514621627
0	4128	335839.478611992692	2095.8294959273
0	4139	336535.724667459746	1977.0035252441
0	4146	337325.45722159559	2018.3160784654
0	4157	338050.706062512492	2142.8344986867
0	4162	338457.255308702608	1921.5306412429
0	4171	339108.261032681932	1773.4662177041
0	4180	339621.697631757726	1570.9915692452
0	4191	340805.969566013684	2021.3879670482
0	4202	341180.124885449206	1845.3273744788
0	4209	341726.115482859334	1728.7098105066
0	4218	342601.188194286098	1778.3738721628
0	4229	343349.326843768378	2169.2019583192
0	4236	343944.833734072765	1931.0504901689
0	4245	344811.145046912153	2146.2611302268
0	4252	345501.985064847414	2152.658221079
0	4265	346602.566742058863	2411.3526273519
0	4272	347400.850575976093	2335.7124259695
0	4283	348298.451221128946	2392.521006614
0	4292	349042.171999672448	2439.6052576136
0	4297	349401.197961391901	1953.045539232
0	4310	350362.122438568642	2063.6712174397
0	4315	350722.478447668275	1680.3064479958
0	4324	351341.049366770333	1435.818752367
0	4337	352480.787023622563	2118.6645850539
0	4344	353140.534548880553	1991.0596591886
0	4351	353567.192440386882	1758.0775060225
0	4360	354182.37103605645	1701.5840124339
0	4369	355108.823719387895	1872.0855383668
0	4374	355648.853510711362	1590.0998624973
0	4391	357246.572479046902	2340.4243319761
0	4400	358088.151630107334	2333.7450907566
0	4407	358844.159746449461	2234.4137888867
0	4418	359753.510960843435	2506.9384817965
0	4425	360181.332895718536	2093.1812656112
0	4432	360676.867406722179	1742.4431396183
0	4443	361238.654206227532	1485.1432453841
0	4454	362488.468536688036	2305.6166309863
0	4461	363220.962100429482	2480.2857390605
0	4468	363672.912661917529	2036.2703564577
0	4477	364414.029896445594	1925.5613597576
0	4490	365775.60679530727	2416.04268956
0	4497	366203.382069105304	2095.990583254
0	4508	367067.783444467954	2179.4308927841
0	4517	367799.237006111093	2023.6302108038
0	4526	368671.125993831106	2313.5134447832
0	4531	369037.633644277253	1969.8501998093
0	4544	369982.700264453911	2183.4632583428
0	4551	370494.266680302121	1823.140686471
0	4562	371334.68545326034	2216.859079292
0	4567	371728.142041666456	1745.4417772125
0	4572	372083.158147707605	1584.0341045056
0	4587	373234.468456450872	1899.7830031905
0	4594	373821.248066006251	1617.9876287933
0	4603	374216.350728180282	1585.2683647536
0	4612	375035.833273222692	1539.3953339662
0	4621	376132.427223119907	2228.1658562366
0	4630	376755.955898948036	1962.3357316945
0	4643	377754.721156088658	2096.2973782327
0	4652	378642.772864317544	2407.5769522693
0	4657	379079.755837423749	2200.5584706087
0	4668	380282.572729233675	2527.851573145
0	4679	381014.856795128458	2372.0839308109
0	4686	381741.787280375161	2277.3710588459
0	4695	382561.176407570042	2242.1685243957
0	4706	383422.910680761584	2408.0538856331
0	4715	384193.424553517275	2355.6684162933
0	4722	384639.333912776806	1906.682630768
0	4729	384984.113360289507	1561.2026795279
0	4740	385989.780804002681	1796.3562504854
0	4747	386552.26804884153	1642.8878415842
0	4758	387321.327265212335	1899.2887943052
0	4767	388048.362720524915	2017.1139130834
0	4774	388552.350140456134	1760.5395552702
0	4785	389396.083302609647	2001.3557540718
0	4794	390098.210969008529	1899.2765433155
0	4803	390759.584903949896	1830.573234614
0	4810	391308.430754346797	1789.4846343901
0	4819	391910.475720651472	1735.1559606381
0	4830	392762.481724983106	1883.5885275621
0	4837	393310.513291507984	1853.0981507152
0	4848	394431.119079329099	2138.0370187573
0	4855	394800.384444789987	1794.1783812828
0	4866	395404.798091808359	1595.7644282375
0	4873	395863.709333399336	1328.1360792462
0	4882	396926.779700629439	1955.2784954198
0	4893	397422.580176545332	1718.1676913984
0	4900	398283.02099704745	1860.2708732709
0	4911	399373.509870562728	2389.3116974272
0	4918	399912.465935759272	2031.4068577252
0	4931	400783.851300179985	2035.8487489633
0	4940	401343.965089973089	1760.8131935354
0	4947	402073.832903523025	2105.819584569
0	4958	402768.295688135576	1984.4443879556
0	4967	403621.969977021244	2278.0048870482
0	4974	404414.460565662038	2339.1004987992
0	4985	405127.044778224107	2358.7490900885
0	4990	405648.310284828793	2026.3403078075
0	4999	406447.16125996786	1931.9260370918
0	5008	407153.138080565285	2026.0933023412
0	5017	408003.556418744873	2047.734823823
0	5026	408670.298370905247	1949.1640389897
0	5037	409509.813921712366	2048.6084078439
0	5046	410368.53427737954	2164.1326816287
0	5055	411206.266867183176	2229.6062478796
0	5062	411775.273049203706	1911.6805636324
0	5071	412300.872496794936	1643.9259879291
0	5082	413445.894185174284	2154.2310678866
0	5093	414097.359919734327	2031.892381981
0	5098	414449.119781143991	1546.6661560815
0	5109	415350.830913288547	1894.0270371269
0	5116	416163.443724252312	2066.083804518
0	5125	416542.225644970341	1817.542038532
0	5134	417332.25320423956	1755.3016616497
0	5145	418238.725613895831	1898.1244206894
0	5154	418835.19017784859	1804.2623969726
0	5161	419361.636258708341	1643.9422676805
0	5174	420028.651744360132	1728.0627454631
0	5181	420507.630600174917	1533.730453765
0	5190	421310.294886678485	1918.3221589308
0	5197	421669.725725054769	1641.0739806946
0	5210	423002.552900696202	2447.9731142521
0	5215	423414.525356423138	2060.3631922044
0	5226	423973.745171679213	1818.1691233534
0	5235	424831.267606979265	1828.7147062831
0	5242	425319.882091786742	1728.3793383278
0	5255	426114.601103821799	2018.2744977996
0	5262	426576.51039767082	1725.3323833924
0	5269	427072.50044052492	1681.0499038082
0	5278	428153.443864546746	2038.8427607249
0	5289	428964.948149956793	2330.3053922486
0	5296	429479.987515183195	2006.5744300839
0	5307	430297.758428519621	2073.3540302608
0	5314	430896.089422423422	1779.6194956172
0	5323	431502.482824819192	1685.0547958631
0	5336	432721.520448708936	2165.3854234144
0	5345	433340.826074034005	2213.6790300719
0	5350	433811.937263701141	1794.4225669373
0	5359	434150.289493007615	1428.7690442987
0	5372	435062.464845227107	1721.6387711931
0	5377	435500.433513242781	1394.5022938773
0	5390	436713.060613162845	2281.1254866421
0	5397	437440.112695936143	2377.647850709
0	5404	438128.665694827243	2261.5007375367
0	5415	438931.484459945961	2218.4238467831
0	5422	439353.074763156503	1798.3330153394
0	5431	440421.018080413371	2010.3705138434
0	5440	441141.5978658479	2166.533524124
0	5451	442119.611804606422	2247.1532403957
0	5462	442982.149191806123	2218.3534119744
0	5469	443415.830603800744	1957.2837070562
0	5476	444290.37961056459	2137.3769050464
0	5485	444829.992166813493	1847.8429750074
0	5494	445703.776583075554	2035.2912286296
0	5505	446264.1572473571	1750.3746269736
0	5512	447067.469126265526	1713.3915604558
0	5521	448026.385680120469	2172.7967189625
0	5530	448518.089958792583	1853.7346362602
0	5543	449960.706328321278	2460.1949078031
0	5550	450363.789326744184	2138.5322764982
0	5561	451242.810959368974	2134.3338228296
0	5566	451671.13893404606	1710.4326057248
0	5579	452592.494330881194	2044.0254620276
0	5584	453056.964824907512	1814.1538655385
0	5597	454049.684315873341	2127.1111685783
0	5604	454553.345643170209	1960.851312289
0	5613	455324.223292199926	1950.0656058546
0	5620	455788.192208809808	1738.5078929365
0	5633	457056.507394742251	2482.3277063202
0	5642	457904.145879903839	2508.3317070734
0	5651	458586.493800859929	2341.3345518988
0	5658	459199.313122127236	2142.805727385
0	5669	460269.018357340277	2364.8724774364
0	5676	460808.19306364286	2221.6992627829
0	5683	461429.891403252289	2004.3912255205
0	5694	462527.725985599713	2258.7076282594
0	5701	463335.938800172912	2258.6158904247
0	5712	464069.694904284583	2143.7696979381
0	5719	464684.689708286927	1946.9351622742
0	5732	465665.954878740044	2222.0832204446
0	5739	466340.655045909839	2229.7127853613
0	5750	467407.243199972467	2484.9909141194
0	5757	467967.911698250131	2301.9568195101
0	5764	468500.983488187226	1935.6932707597
0	5777	469242.939822049844	1835.6966220774
0	5784	469769.941830821368	1647.6673606317
0	5791	470430.772570380974	1633.3658175543
0	5802	471519.080672739107	2276.1408506893
0	5813	472056.917632883448	2273.2285446022
0	5818	472515.626990888301	1869.7053913493
0	5829	473449.241623375598	1910.1766072679
0	5836	473912.055187812108	1855.1375549287
0	5845	474718.385206069831	1929.3128052726
0	5854	475208.081019111012	1705.2489229012
0	5865	476271.765750367228	1901.3473675121
0	5874	476935.152791859616	1783.9092923328
0	5883	477382.348999567364	1633.1749722362
0	5890	477811.527275014702	1491.3447125349
0	5899	478376.728157373179	1414.898727648
0	5908	479038.280399981919	1571.4998682495
0	5919	479872.060233447734	1795.8111579996
0	5926	480632.470607757602	1927.7502722573
0	5939	481454.761089244892	2249.8187382706
0	5946	482141.997434338589	2066.9891370926
0	5957	483203.954587876832	2350.9252777789
0	5966	484097.966755600681	2643.2056663558
0	5975	484889.729103958269	2575.7376554422
0	5980	485405.081181088497	2201.1265932117
0	5989	485961.993647133966	1864.0268915333
0	5998	486971.750978473609	2082.0218745153
0	6007	487600.701943086495	1887.6287044957
0	6016	488346.759024448728	1821.7658995651
0	6027	489493.656976008824	2198.3740804251
0	6036	490173.802067991382	2218.6456189491
0	6043	490659.070455702057	1915.8518966753
0	6052	491294.281836971676	1660.9860920347
0	6063	492061.695446586272	1779.5371826738
0	6074	493038.841695897317	2210.5639100075
0	6081	493611.499418132043	2266.9080125168
0	6088	494120.419398229605	1975.81394054
0	6097	494740.251594129985	1701.4098982327
0	6108	496102.199151646381	2368.8731304836
0	6117	496945.981439994683	2353.5822384059
0	6128	497647.699278686231	2168.4315240942
0	6135	498287.616634927725	2092.9518501274
0	6142	498901.118568610435	1922.0228245016
0	6155	499752.559943776613	2104.8606650904
0	6162	500401.896550459823	2044.1123333294
0	6169	500907.588516036084	1840.9351299517
0	6178	501571.473463391921	1818.9135196153
0	6191	502730.524348793587	2106.5038251691
0	6196	503076.535717863625	1795.9249912295
0	6205	503853.377280011809	1693.8278052025
0	6218	505370.844197692385	2640.3198488988
0	6227	505914.482900826296	2296.2111799512
0	6236	506713.785452535412	2202.5813374668
0	6243	507397.379732877052	2026.5355351847
0	6252	507984.828948369286	2070.346047543
0	6259	508707.569881668351	1993.7844291329
0	6268	509305.040639033577	1732.0202107541
0	6277	510218.254497880153	1872.5742597599
0	6286	511025.681250589005	1945.4547242727
0	6299	512171.766364714167	2277.1580755245
0	6304	512515.811151685229	1864.1359528061
0	6317	513510.040777036956	2155.9472761117
0	6326	514339.185996539927	2167.4196318258
0	6331	514932.067168504036	2146.7920651194
0	6342	515661.094453884325	2151.0536768474
0	6349	516191.582234110719	1852.3962375708
0	6354	516740.6278337818	1597.2925979644
0	6367	517744.90822954107	1872.2492488101
0	6378	518579.336881544477	1824.7595025692
0	6385	518994.695448596067	1669.3341777194
0	6394	519528.55022451844	1645.2763860114
0	6405	520579.271213337816	1833.7050524075
0	6414	521257.208839617707	1863.7309615966
0	6425	521952.732642693483	1973.3076534234
0	6434	522763.12648351308	2053.3488405403
0	6439	523200.830134190657	1920.2023646794
0	6450	524034.340156707951	2081.6075140145
0	6461	524760.370324971192	1997.2438414581
0	6468	525254.927779175379	1604.065325344
0	6479	526343.975846422874	2257.7104329597
0	6484	526984.733054135033	2224.3627291638
0	6497	527878.261103527659	2359.6797477454
0	6506	528384.162625763604	2040.1867793407
0	6511	528790.579340513834	1789.4799983595
0	6520	529512.832295335868	1634.5711918082
0	6533	530854.296828014815	2470.1342022512
0	6542	531480.776229081714	2234.8450866994
0	6551	532020.262035029048	1900.6236153189
0	6560	532777.860930701757	1923.5641026869
0	6569	533592.560028797055	2111.7837997153
0	6574	534005.98809630614	1985.7260612771
0	6583	534752.596325101371	1974.7353943996
0	6592	535193.403345253358	1600.8433164563
0	6601	536288.620049273635	2120.4111058731
0	6612	537154.876537341664	2232.0392094087
0	6623	537900.191596197004	2133.0340929329
0	6632	538582.254952518309	1960.8607280999
0	6639	539252.046634024049	1908.675915096
0	6648	540044.553827354724	2144.3622311577
0	6655	540620.431146863887	2038.1761943456
0	6668	541832.563322782555	2360.2345748339
0	6673	542203.590848296919	2137.1310643852
0	6682	543009.246925497466	2051.3479190413
0	6691	543538.769529573658	1706.2062067911
0	6704	544665.976274572351	2006.2808500137
0	6713	545468.67732061077	2304.131742334
0	6720	546328.535703476557	2294.6393289138
0	6731	547249.638479528987	2583.6622049566
0	6740	548005.196134932378	2536.5188143216
0	6747	548651.860406901726	2299.5067966171
0	6754	549130.162881547624	1880.5244020186
0	6767	550494.679245259653	2489.4831103273
0	6772	550828.525937581475	1982.9964186531
0	6783	551834.99860027809	2162.8917653114
0	6792	552590.954991476651	2096.275746217
0	6801	553162.697933614295	1788.8554098085
0	6808	553697.442494239699	1670.0118199456
0	6817	554121.354659786488	1508.8280140422
0	6826	554987.467941222753	1807.2561996058
0	6835	556037.249949853907	2031.6015696153
0	6844	556932.671271404292	2125.1638778485
0	6855	557901.459859404753	2249.5315055363
0	6864	558354.914523661177	1809.9218982272
0	6871	559325.69981860001	2004.0283958428
0	6882	559895.371607411693	1953.8923089858
0	6889	560972.47511940081	2391.2240835372
0	6898	561579.186118254479	2113.4025674779
0	6911	562692.293346393894	2455.7721287012
0	6920	563545.497996686067	2412.0075132698
0	6927	564119.991710688959	2172.8643304668
0	6938	565231.786226900335	2539.4928805064
0	6947	566079.500176850747	2534.0021801647
0	6952	566565.101541671943	2176.1562818661
0	6963	567146.827350463759	1915.0411235634
0	6972	567547.107523586642	1467.6073467359
0	6979	568288.407416828018	1503.6606273148
0	6988	568854.369231825736	1699.5515378192
0	7001	570256.221263436642	2244.3650246132
0	7008	570925.349707715255	2299.4983649813
0	7017	571436.643293034327	1958.402589988
0	7020	571751.030742237386	1494.8094788007
0	7033	572939.542168099475	1889.0165057033
0	7042	573611.392946960446	1843.3546175715
0	7051	574577.090731216637	1954.0970988572
0	7060	575445.412568142679	1974.84340542
0	7071	576407.971952855629	2179.3791215401
0	7080	577228.130107093644	2193.9388676081
0	7089	578065.406058076811	2377.5164898019
0	7100	578717.08512157206	2182.3899895884
0	7109	579523.846600810108	2168.528701365
0	7114	579876.91178172831	1760.282509122
0	7123	580435.564870107961	1718.4797485359
0	7136	581708.158092806158	2184.311491996
0	7145	582420.321659278167	2326.2531335
0	7154	583300.637345993934	2478.54321138
0	7161	584074.404801428361	2366.2467086222
0	7170	584585.430276626764	2165.1086173486
0	7181	585378.280526865317	2077.6431808714
0	7190	586265.624231519221	2087.3931135982
0	7199	587163.02070776005	2480.9252574574
0	7206	587972.299492685168	2594.0189658199
0	7215	588558.709271438464	2293.0850399192
0	7222	588897.499672835737	1734.4789650757
0	7233	589897.050127666489	1917.3315332271
0	7244	590880.056331027344	2125.0417565927
0	7251	591370.504325442061	2097.9427213781
0	7262	592434.871364571199	2439.4256390166
0	7269	592942.434608889789	2062.3782778624
0	7280	593667.666167998732	2086.28348778
0	7285	594394.18387454939	1959.3125099782
0	7294	594842.855940247001	1894.3435781635
0	7305	596123.414580244617	2455.7484122459
0	7312	596647.169022727803	2102.1573558915
0	7323	597593.180604139388	2221.8206958845
0	7334	598501.974144112364	2246.9320034143
0	7343	599164.53847456728	2203.0070567038
0	7348	599889.746327977673	2210.0785480812
0	7361	600680.193364340858	2178.2192202285
0	7368	601073.354624630929	1908.8161500636
0	7375	601576.307077193678	1626.1892739683
0	7388	603154.478919273288	2474.2855549324
0	7395	603801.595806330488	2362.6469621435
0	7402	604614.01704694149	2288.9495997224
1	3192	260819.653856707753	353
1	3199	261209.231099300102	354
1	3208	261700.158724654481	355
1	3217	262338.733510673062	356
1	3228	262947.679969249309	357
1	3235	263291.974457027407	358
1	3246	264332.763631828146	359
1	3253	264705.268081510456	360
1	3262	265555.015748273598	361
1	3273	266425.989564880745	362
1	3284	267147.286928398551	363
1	3289	267529.45684609005	364
1	3302	268214.197993325086	365
1	3307	268655.460026487725	366
1	3318	269441.291289450617	367
1	3325	269998.214521631615	368
1	3334	270890.666364552469	369
1	3347	272088.374782959015	370
1	3356	272951.756114792095	371
1	3365	273468.091168440895	372
1	3374	274293.343972088786	373
1	3379	274609.511682624014	374
1	3388	275328.367907786759	375
1	3401	276323.653829935956	376
1	3410	276838.970789406467	377
1	3415	277432.81710189769	378
1	3426	278229.407029459271	379
1	3437	279086.505173798669	380
1	3444	279579.934250749666	381
1	3453	280554.610218945909	382
1	3464	281372.695458959807	383
1	3469	281755.782568920423	384
1	3478	282227.919198106994	385
1	3487	283122.663372522238	386
1	3496	283671.128525538389	387
1	3507	284777.332329796646	388
1	3516	285657.000836497192	389
1	3527	286544.030215311814	390
1	3534	287117.769437469561	391
1	3543	287728.021420631576	392
1	3554	288656.296705780569	393
1	3559	289018.615625426191	394
1	3568	289863.525730697456	395
1	3577	291061.261743726227	396
1	3586	291661.527172755468	397
1	3599	292645.940076978896	398
1	3608	293134.26100113431	399
1	3613	293555.995756806824	400
1	3622	294513.902492774669	401
1	3631	295062.492295168359	402
1	3640	295480.424965918083	403
1	3649	296609.272760432232	404
1	3660	297329.733101790789	405
1	3669	298459.83953909019	406
1	3680	299367.055701138471	407
1	3687	299857.934269867857	408
1	3694	300567.543499125187	409
1	3703	301317.257439019178	410
1	3714	302260.102627286707	411
1	3721	302973.623648844679	412
1	3734	304105.838538520058	413
1	3743	304959.296130063032	414
1	3750	305524.856786476468	415
1	3759	306125.580405537059	416
1	3766	306544.531952217241	417
1	3775	307449.58713306116	418
1	3788	308438.338878192027	419
1	3793	308804.298197384943	420
1	3806	309600.250522512963	421
1	3811	310018.060896266272	422
1	3822	310950.915423687568	423
1	3829	311529.648652765921	424
1	3838	312068.325852043947	425
1	3849	313052.971551613903	426
1	3860	314081.245399452767	427
1	3867	314796.289416868261	428
1	3876	315376.947009796298	429
1	3883	315833.065610239304	430
1	3896	317053.058350179365	431
1	3903	317490.667184488868	432
1	3912	318195.575745776316	433
1	3921	318947.589703090509	434
1	3928	319364.499258762246	435
1	3941	320453.907610522604	436
1	3950	321036.336445156506	437
1	3955	321337.573789944893	438
1	3966	322221.431436901933	439
1	3973	322772.046885453186	440
1	3984	323643.490547547138	441
1	3991	324382.986962981543	442
1	4004	325183.770920801928	443
1	4013	326016.23147930952	444
1	4018	326469.844329357168	445
1	4031	327753.833319945281	446
1	4040	328474.638489028459	447
1	4047	329009.067224850898	448
1	4054	329662.598594650646	449
1	4063	330205.264516035114	450
1	4074	331369.701130036284	451
1	4085	332172.089121490736	452
1	4090	332543.457885598783	453
1	4099	333502.018750179578	454
1	4110	334365.334524493684	455
1	4119	335096.493730181848	456
1	4128	335839.478611992692	457
1	4139	336535.724667459746	458
1	4146	337325.45722159559	459
1	4157	338050.706062512492	460
1	4162	338457.255308702608	461
1	4171	339108.261032681932	462
1	4180	339621.697631757726	463
1	4191	340805.969566013684	464
1	4202	341180.124885449206	465
1	4209	341726.115482859334	466
1	4218	342601.188194286098	467
1	4229	343349.326843768378	468
1	4236	343944.833734072765	469
1	4245	344811.145046912153	470
1	4252	345501.985064847414	471
1	4265	346602.566742058863	472
1	4272	347400.850575976093	473
1	4283	348298.451221128946	474
1	4292	349042.171999672448	475
1	4297	349401.197961391901	476
1	4310	350362.122438568642	477
1	4315	350722.478447668275	478
1	4324	351341.049366770333	479
1	4337	352480.787023622563	480
1	4344	353140.534548880553	481
1	4351	353567.192440386882	482
1	4360	354182.37103605645	483
1	4369	355108.823719387895	484
1	4374	355648.853510711362	485
1	4391	357246.572479046902	486
1	4400	358088.151630107334	487
1	4407	358844.159746449461	488
1	4418	359753.510960843435	489
1	4425	360181.332895718536	490
1	4432	360676.867406722179	491
1	4443	361238.654206227532	492
1	4454	362488.468536688036	493
1	4461	363220.962100429482	494
1	4468	363672.912661917529	495
1	4477	364414.029896445594	496
1	4490	365775.60679530727	497
1	4497	366203.382069105304	498
1	4508	367067.783444467954	499
1	4517	367799.237006111093	500
1	4526	368671.125993831106	501
1	4531	369037.633644277253	502
1	4544	369982.700264453911	503
1	4551	370494.266680302121	504
1	4562	371334.68545326034	505
1	4567	371728.142041666456	506
1	4572	372083.158147707605	507
1	4587	373234.468456450872	508
1	4594	373821.248066006251	509
1	4603	374216.350728180282	510
1	4612	375035.833273222692	511
1	4621	376132.427223119907	512
1	4630	376755.955898948036	513
1	4643	377754.721156088658	514
1	4652	378642.772864317544	515
1	4657	379079.755837423749	516
1	4668	380282.572729233675	517
1	4679	381014.856795128458	518
1	4686	381741.787280375161	519
1	4695	382561.176407570042	520
1	4706	383422.910680761584	521
1	4715	384193.424553517275	522
1	4722	384639.333912776806	523
1	4729	384984.113360289507	524
1	4740	385989.780804002681	525
1	4747	386552.26804884153	526
1	4758	387321.327265212335	527
1	4767	388048.362720524915	528
1	4774	388552.350140456134	529
1	4785	389396.083302609647	530
1	4794	390098.210969008529	531
1	4803	390759.584903949896	532
1	4810	391308.430754346797	533
1	4819	391910.475720651472	534
1	4830	392762.481724983106	535
1	4837	393310.513291507984	536
1	4848	394431.119079329099	537
1	4855	394800.384444789987	538
1	4866	395404.798091808359	539
1	4873	395863.709333399336	540
1	4882	396926.779700629439	541
1	4893	397422.580176545332	542
1	4900	398283.02099704745	543
1	4911	399373.509870562728	544
1	4918	399912.465935759272	545
1	4931	400783.851300179985	546
1	4940	401343.965089973089	547
1	4947	402073.832903523025	548
1	4958	402768.295688135576	549
1	4967	403621.969977021244	550
1	4974	404414.460565662038	551
1	4985	405127.044778224107	552
1	4990	405648.310284828793	553
1	4999	406447.16125996786	554
1	5008	407153.138080565285	555
1	5017	408003.556418744873	556
1	5026	408670.298370905247	557
1	5037	409509.813921712366	558
1	5046	410368.53427737954	559
1	5055	411206.266867183176	560
1	5062	411775.273049203706	561
1	5071	412300.872496794936	562
1	5082	413445.894185174284	563
1	5093	414097.359919734327	564
1	5098	414449.119781143991	565
1	5109	415350.830913288547	566
1	5116	416163.443724252312	567
1	5125	416542.225644970341	568
1	5134	417332.25320423956	569
1	5145	418238.725613895831	570
1	5154	418835.19017784859	571
1	5161	419361.636258708341	572
1	5174	420028.651744360132	573
1	5181	420507.630600174917	574
1	5190	421310.294886678485	575
1	5197	421669.725725054769	576
1	5210	423002.552900696202	577
1	5215	423414.525356423138	578
1	5226	423973.745171679213	579
1	5235	424831.267606979265	580
1	5242	425319.882091786742	581
1	5255	426114.601103821799	582
1	5262	426576.51039767082	583
1	5269	427072.50044052492	584
1	5278	428153.443864546746	585
1	5289	428964.948149956793	586
1	5296	429479.987515183195	587
1	5307	430297.758428519621	588
1	5314	430896.089422423422	589
1	5323	431502.482824819192	590
1	5336	432721.520448708936	591
1	5345	433340.826074034005	592
1	5350	433811.937263701141	593
1	5359	434150.289493007615	594
1	5372	435062.464845227107	595
1	5377	435500.433513242781	596
1	5390	436713.060613162845	597
1	5397	437440.112695936143	598
1	5404	438128.665694827243	599
1	5415	438931.484459945961	600
1	5422	439353.074763156503	601
1	5431	440421.018080413371	602
1	5440	441141.5978658479	603
1	5451	442119.611804606422	604
1	5462	442982.149191806123	605
1	5469	443415.830603800744	606
1	5476	444290.37961056459	607
1	5485	444829.992166813493	608
1	5494	445703.776583075554	609
1	5505	446264.1572473571	610
1	5512	447067.469126265526	611
1	5521	448026.385680120469	612
1	5530	448518.089958792583	613
1	5543	449960.706328321278	614
1	5550	450363.789326744184	615
1	5561	451242.810959368974	616
1	5566	451671.13893404606	617
1	5579	452592.494330881194	618
1	5584	453056.964824907512	619
1	5597	454049.684315873341	620
1	5604	454553.345643170209	621
1	5613	455324.223292199926	622
1	5620	455788.192208809808	623
1	5633	457056.507394742251	624
1	5642	457904.145879903839	625
1	5651	458586.493800859929	626
1	5658	459199.313122127236	627
1	5669	460269.018357340277	628
1	5676	460808.19306364286	629
1	5683	461429.891403252289	630
1	5694	462527.725985599713	631
1	5701	463335.938800172912	632
1	5712	464069.694904284583	633
1	5719	464684.689708286927	634
1	5732	465665.954878740044	635
1	5739	466340.655045909839	636
1	5750	467407.243199972467	637
1	5757	467967.911698250131	638
1	5764	468500.983488187226	639
1	5777	469242.939822049844	640
1	5784	469769.941830821368	641
1	5791	470430.772570380974	642
1	5802	471519.080672739107	643
1	5813	472056.917632883448	644
1	5818	472515.626990888301	645
1	5829	473449.241623375598	646
1	5836	473912.055187812108	647
1	5845	474718.385206069831	648
1	5854	475208.081019111012	649
1	5865	476271.765750367228	650
1	5874	476935.152791859616	651
1	5883	477382.348999567364	652
1	5890	477811.527275014702	653
1	5899	478376.728157373179	654
1	5908	479038.280399981919	655
1	5919	479872.060233447734	656
1	5926	480632.470607757602	657
1	5939	481454.761089244892	658
1	5946	482141.997434338589	659
1	5957	483203.954587876832	660
1	5966	484097.966755600681	661
1	5975	484889.729103958269	662
1	5980	485405.081181088497	663
1	5989	485961.993647133966	664
1	5998	486971.750978473609	665
1	6007	487600.701943086495	666
1	6016	488346.759024448728	667
1	6027	489493.656976008824	668
1	6036	490173.802067991382	669
1	6043	490659.070455702057	670
1	6052	491294.281836971676	671
1	6063	492061.695446586272	672
1	6074	493038.841695897317	673
1	6081	493611.499418132043	674
1	6088	494120.419398229605	675
1	6097	494740.251594129985	676
1	6108	496102.199151646381	677
1	6117	496945.981439994683	678
1	6128	497647.699278686231	679
1	6135	498287.616634927725	680
1	6142	498901.118568610435	681
1	6155	499752.559943776613	682
1	6162	500401.896550459823	683
1	6169	500907.588516036084	684
1	6178	501571.473463391921	685
1	6191	502730.524348793587	686
1	6196	503076.535717863625	687
1	6205	503853.377280011809	688
1	6218	505370.844197692385	689
1	6227	505914.482900826296	690
1	6236	506713.785452535412	691
1	6243	507397.379732877052	692
1	6252	507984.828948369286	693
1	6259	508707.569881668351	694
1	6268	509305.040639033577	695
1	6277	510218.254497880153	696
1	6286	511025.681250589005	697
1	6299	512171.766364714167	698
1	6304	512515.811151685229	699
1	6317	513510.040777036956	700
1	6326	514339.185996539927	701
1	6331	514932.067168504036	702
1	6342	515661.094453884325	703
1	6349	516191.582234110719	704
1	6354	516740.6278337818	705
1	6367	517744.90822954107	706
1	6378	518579.336881544477	707
1	6385	518994.695448596067	708
1	6394	519528.55022451844	709
1	6405	520579.271213337816	710
1	6414	521257.208839617707	711
1	6425	521952.732642693483	712
1	6434	522763.12648351308	713
1	6439	523200.830134190657	714
1	6450	524034.340156707951	715
1	6461	524760.370324971192	716
1	6468	525254.927779175379	717
1	6479	526343.975846422874	718
1	6484	526984.733054135033	719
1	6497	527878.261103527659	720
1	6506	528384.162625763604	721
1	6511	528790.579340513834	722
1	6520	529512.832295335868	723
1	6533	530854.296828014815	724
1	6542	531480.776229081714	725
1	6551	532020.262035029048	726
1	6560	532777.860930701757	727
1	6569	533592.560028797055	728
1	6574	534005.98809630614	729
1	6583	534752.596325101371	730
1	6592	535193.403345253358	731
1	6601	536288.620049273635	732
1	6612	537154.876537341664	733
1	6623	537900.191596197004	734
1	6632	538582.254952518309	735
1	6639	539252.046634024049	736
1	6648	540044.553827354724	737
1	6655	540620.431146863887	738
1	6668	541832.563322782555	739
1	6673	542203.590848296919	740
1	6682	543009.246925497466	741
1	6691	543538.769529573658	742
1	6704	544665.976274572351	743
1	6713	545468.67732061077	744
1	6720	546328.535703476557	745
1	6731	547249.638479528987	746
1	6740	548005.196134932378	747
1	6747	548651.860406901726	748
1	6754	549130.162881547624	749
1	6767	550494.679245259653	750
1	6772	550828.525937581475	751
1	6783	551834.99860027809	752
1	6792	552590.954991476651	753
1	6801	553162.697933614295	754
1	6808	553697.442494239699	755
1	6817	554121.354659786488	756
1	6826	554987.467941222753	757
1	6835	556037.249949853907	758
1	6844	556932.671271404292	759
1	6855	557901.459859404753	760
1	6864	558354.914523661177	761
1	6871	559325.69981860001	762
1	6882	559895.371607411693	763
1	6889	560972.47511940081	764
1	6898	561579.186118254479	765
1	6911	562692.293346393894	766
1	6920	563545.497996686067	767
1	6927	564119.991710688959	768
1	6938	565231.786226900335	769
1	6947	566079.500176850747	770
1	6952	566565.101541671943	771
1	6963	567146.827350463759	772
1	6972	567547.107523586642	773
1	6979	568288.407416828018	774
1	6988	568854.369231825736	775
1	7001	570256.221263436642	776
1	7008	570925.349707715255	777
1	7017	571436.643293034327	778
1	7020	571751.030742237386	779
1	7033	572939.542168099475	780
1	7042	573611.392946960446	781
1	7051	574577.090731216637	782
1	7060	575445.412568142679	783
1	7071	576407.971952855629	784
1	7080	577228.130107093644	785
1	7089	578065.406058076811	786
1	7100	578717.08512157206	787
1	7109	579523.846600810108	788
1	7114	579876.91178172831	789
1	7123	580435.564870107961	790
1	7136	581708.158092806158	791
1	7145	582420.321659278167	792
1	7154	583300.637345993934	793
1	7161	584074.404801428361	794
1	7170	584585.430276626764	795
1	7181	585378.280526865317	796
1	7190	586265.624231519221	797
1	7199	587163.02070776005	798
1	7206	587972.299492685168	799
1	7215	588558.709271438464	800
1	7222	588897.499672835737	801
1	7233	589897.050127666489	802
1	7244	590880.056331027344	803
1	7251	591370.504325442061	804
1	7262	592434.871364571199	805
1	7269	592942.434608889789	806
1	7280	593667.666167998732	807
1	7285	594394.18387454939	808
1	7294	594842.855940247001	809
1	7305	596123.414580244617	810
1	7312	596647.169022727803	811
1	7323	597593.180604139388	812
1	7334	598501.974144112364	813
1	7343	599164.53847456728	814
1	7348	599889.746327977673	815
1	7361	600680.193364340858	816
1	7368	601073.354624630929	817
1	7375	601576.307077193678	818
1	7388	603154.478919273288	819
1	7395	603801.595806330488	820
1	7402	604614.01704694149	821

