version 2
run Pipelined_3Teachers-16-20190105-10:57:21-19856
attr configname Pipelined_3Teachers
attr datetime 20190105-10:57:21
attr experiment Pipelined_3Teachers
attr inifile ../simulations/omnetpp.ini
attr iterationvars "$0=\"uniform\""
attr iterationvarsf uniform-
attr measurement "$0=\"uniform\""
attr network PipelinedExamSession
attr processid 19856
attr repetition 16
attr replication #16
attr resultdir results
attr runnumber 16
attr seedset 16
param **.teachersNumber 3
param **.answerTimeDistribution "\"uniform\""
param **.minUniform 300
param **.maxUniform 900
param **.scaleLognormal 6.2854
param **.shapeLognormal 0.4724

vector 0 PipelinedExamSession examinationTime:vector ETV
attr source examFinished
vector 1 PipelinedExamSession studentID:vector ETV
attr source student
0	3181	260277.967684390036	1753.4640138969
0	3190	260979.136167559786	1839.496028563
0	3201	261864.347164286313	1898.2692190446
0	3212	262519.010687945423	1899.3666645605
0	3219	262885.114674177033	1532.9245459288
0	3228	263478.406944684697	1591.1352731287
0	3235	263994.345211330814	1475.3345233854
0	3244	264730.01996940003	1649.1324516479
0	3255	265457.526142615838	1771.4677794836
0	3262	265977.200760366408	1416.0660748836
0	3275	267093.844716064644	1995.0784161687
0	3284	267885.021865647298	2054.9656363204
0	3293	268389.063580613595	1696.8172389083
0	3298	268964.62654201315	1870.7818259485
0	3307	269599.184816703212	1714.1629510559
0	3316	270163.255239464354	1774.1916588508
0	3327	270956.181749375549	1683.3850977011
0	3336	271838.02408045159	1987.8788128495
0	3347	272654.270334960905	2128.1989841256
0	3354	273023.672425607232	1736.780934222
0	3365	273800.323498249067	1868.4279816225
0	3370	274460.418414138271	1806.1480791774
0	3379	274889.082851121216	1863.3885851596
0	3392	275921.908165561048	2121.584667312
0	3401	276397.428479092208	1769.7197085712
0	3410	277238.955806801108	2117.2006621957
0	3415	277895.955360168604	1974.0471946076
0	3428	278693.100324645651	2295.6718455534
0	3435	279285.336883272988	2046.3810764719
0	3442	279764.319830294711	1694.2828092724
0	3455	280760.018007271004	2066.9176826254
0	3460	281141.21888894589	1685.4167921003
0	3469	282076.823841361342	2157.0125369355
0	3478	282513.357455050585	1753.3394477796
0	3487	283305.199460685265	1860.0901377853
0	3498	284262.088467367006	2082.7468936332
0	3507	285320.329544227583	2265.8478221856
0	3518	286198.867262201396	2488.7135176454
0	3523	286788.032221980405	2253.6647410132
0	3532	287706.010074354721	2295.8042195532
0	3543	288620.739249140037	2421.8719869386
0	3552	289335.979754151789	2269.1105457488
0	3559	289948.156779538852	1983.3385381848
0	3568	290504.670814191935	1865.6755740289
0	3579	291547.268002526847	2016.5242348798
0	3586	292350.752040697274	2166.0900320392
0	3597	293111.993866693241	2080.9510310646
0	3604	293770.101779513074	2023.2086538803
0	3609	294203.080163290737	1558.8799806777
0	3626	295775.495615182458	2234.5515097026
0	3635	296665.36364173518	2269.5082132705
0	3644	297316.107533639311	2141.188975051
0	3649	297764.747659675791	1989.2520444933
0	3660	298385.29226384127	1719.9286221061
0	3667	298852.955446159481	1536.8479125202
0	3676	299460.490150144337	1502.5458213408
0	3689	300493.944975966601	2066.3773368113
0	3694	300928.170254174633	1856.4854363445
0	3703	301468.124242220087	1570.219749352
0	3716	302401.182074798285	1907.2370988317
0	3725	303146.433634869768	1992.3300434835
0	3734	303932.1011750959	2180.5682027712
0	3739	304376.844398863628	1975.6623240653
0	3750	305403.067575115725	2256.633940246
0	3759	306047.378374915585	2115.2771998197
0	3768	306691.584294196232	1918.4896482155
0	3775	307280.344499554499	1741.2327138707
0	3784	307837.954447790994	1730.6839528028
0	3795	308356.414013262852	1389.0233147889
0	3804	309296.190750645487	1805.8276634663
0	3815	310299.750880384832	2324.6340240352
0	3820	310641.001293528839	2077.8731626924
0	3829	311580.851900624126	2119.2714254837
0	3838	311966.707757301643	1666.9568769168
0	3851	313091.950200218722	2139.1781592742
0	3858	313601.897811982795	1779.7310303897
0	3865	314461.208214098602	2215.7823803835
0	3874	315321.260059112698	2229.309858894
0	3885	316030.827959161267	2237.8252934664
0	3892	316495.010781101898	1919.3493833765
0	3903	317335.415390599534	1915.7309761271
0	3910	317822.333177877605	1640.7304754946
0	3915	318197.431850759328	1333.3647842053
0	3930	319421.930864313633	2085.1541897748
0	3937	319758.138325251655	1544.2719765008
0	3946	320294.063120707886	1565.0256293826
0	3959	321812.090310640649	2320.9449977148
0	3968	322612.855001818405	2337.6061084215
0	3973	322920.204749330895	1981.9175242446
0	3982	324049.665500968711	2237.5751903281
0	3991	324429.150350717844	1816.2953488994
0	4004	325266.008976660684	2044.301501289
0	4009	325704.459990514458	1603.6805296317
0	4018	326445.657286746442	1756.3267354388
0	4027	326878.652724204599	1612.6437475439
0	4038	328287.595670297757	2202.6143444236
0	4045	328752.773958491177	1938.6625510175
0	4058	329622.501413896695	2100.4340125713
0	4065	330011.240284703687	1691.3443239871
0	4072	330742.848732601866	1779.1794735007
0	4081	331408.920342894286	1786.4189289976
0	4094	332529.253100138173	2311.2351939082
0	4101	333195.454218797401	2238.0287560634
0	4108	333665.391731215656	1967.0156448148
0	4119	334832.521354313955	2303.2682541758
0	4130	335347.452542977423	1933.8918371592
0	4135	335748.196610854954	1653.2586931251
0	4144	336435.505237570048	1561.2045113929
0	4153	337127.888014353827	1780.4354713764
0	4164	338352.088874392227	2361.9298697915
0	4171	338922.066214447857	2094.5939919446
0	4180	339517.100829212011	1912.4813793227
0	4193	340548.578904289768	2149.5224568062
0	4202	341234.645806672067	1963.7294661719
0	4209	341739.063371485115	1949.0419118665
0	4218	342370.364980911852	1821.7860766221
0	4225	342845.339865423754	1610.6940587517
0	4234	343450.497897667826	1612.5386578962
0	4247	344659.899277333186	2217.6936744712
0	4254	345486.699198139847	2512.846501451
0	4263	346325.590688874961	2498.9642085973
0	4272	347138.332122098671	2478.4328447655
0	4283	347967.479792609827	2465.6110117212
0	4288	348621.741557680087	2275.4304642789
0	4301	349505.998919019492	2276.6843339894
0	4308	350202.980227628739	2235.5004350189
0	4315	350509.119855193437	1782.2896490805
0	4326	351547.820524312572	2041.8216052931
0	4337	352262.587715266289	2010.8970928006
0	4344	352586.902056634443	1678.5112055484
0	4355	353682.861277973296	2003.9320135955
0	4360	354076.598623953776	1814.0109086875
0	4373	355110.058859316649	2301.3703468256
0	4378	355843.497564923035	2160.6362869497
0	4387	356425.248708017187	1971.9759176485
0	4400	357431.21648202652	2321.1576227099
0	4409	357807.820233888942	1897.2490432207
0	4416	358431.601917184907	1852.9527801555
0	4427	359061.557542439568	1630.341060413
0	4436	359856.759666977468	2048.9394330885
0	4445	360666.070069419238	2176.8955991138
0	4450	361028.373155370373	1966.8156129308
0	4461	361819.568017590809	1962.8083506133
0	4468	362497.523394506443	1831.4533250872
0	4479	363435.334542207438	2217.06078141
0	4490	364319.714212138224	2206.055089552
0	4497	364883.607544703427	2170.6225917209
0	4506	365525.482324278	1991.8106356636
0	4517	366534.193948376941	2214.4797362387
0	4522	367010.671278275567	2105.9148985427
0	4533	367912.158951954934	2173.7226754893
0	4542	368546.141818631458	2011.9478702545
0	4549	369169.728783052432	1896.7511775903
0	4558	370024.515503738093	2076.3173895422
0	4567	370857.509800326097	2068.1371334475
0	4576	371382.54775064999	1716.9889376499
0	4589	372832.686062715964	2295.6899927929
0	4594	373401.861185487376	2183.7357079145
0	4603	373868.649598443897	1844.4054087158
0	4612	374972.775694727915	2140.089632012
0	4623	375520.273147523421	1791.1714126356
0	4630	375891.643655765819	1537.1414098889
0	4639	376417.42054224016	1383.5921321064
0	4650	377492.109433282183	1924.0841904189
0	4657	378031.249634362774	1701.2360424735
0	4668	378895.861485740186	1985.5539546814
0	4677	379904.650741769018	2128.6511711776
0	4684	380219.73303579727	1759.9388467614
0	4693	381336.585933202895	2053.8673878182
0	4704	382307.283605961146	2128.4515060019
0	4715	383128.402021480741	2106.3508283347
0	4724	383969.134749798121	2148.6014889088
0	4731	384449.596177646907	2058.4711492527
0	4738	385074.942346243205	1946.5403247625
0	4749	386144.620400341245	2175.4856505431
0	4756	386545.602919952961	1828.8567740936
0	4769	387696.65642827751	2335.4194794316
0	4774	388238.547545112687	2015.4150274582
0	4783	388715.604917379113	1885.7450121548
0	4794	389839.640999212879	2142.9845709354
0	4801	390341.913039749506	1778.5678190645
0	4812	391249.194173002634	1897.0857420936
0	4821	392044.33073136026	1858.7627977598
0	4830	392869.045256590489	1999.1313939448
0	4841	394024.101730110142	2432.425010344
0	4850	394617.567318258825	2272.5268123671
0	4859	395182.335648313183	1968.6455267016
0	4868	395763.042696984503	1738.9409668744
0	4875	396282.606994360704	1665.0396761019
0	4886	397208.557919645701	2026.2222713325
0	4893	397985.602359753121	2222.5596627686
0	4900	398709.140888554994	2185.729364818
0	4913	399485.914927488212	2277.3570078425
0	4918	399991.357660247032	1923.7378813326
0	4931	400971.736126905326	2158.8344322983
0	4938	401778.638273058478	2292.7233455703
0	4945	402147.53007958645	1990.8830848988
0	4956	403088.518114574272	2116.7819876689
0	4963	403577.035320550222	1732.8250423539
0	4976	404848.18585817704	2293.3106857818
0	4983	405192.01122606175	2016.6959934868
0	4992	406388.047113502417	2431.073224498
0	4999	406918.161281291414	2069.9754231144
0	5012	407934.376301430185	2229.2765209917
0	5021	408603.750836290438	2105.2942321636
0	5030	409498.863893933613	2309.7874824889
0	5035	410284.383042482678	2350.0067410525
0	5044	410649.599204678108	2045.8483683877
0	5055	411273.761715833116	1774.8978218995
0	5062	411724.83073719779	1374.1364167538
0	5071	413072.141929669324	2232.7988246921
0	5082	414232.185357017461	2565.9224573057
0	5091	414882.496761856619	2331.1913081445
0	5102	415939.606285002102	2497.6331545506
0	5109	416565.143470745553	2267.5244053826
0	5118	417214.521362213437	2026.4081466012
0	5125	418011.773761035894	2072.1674760338
0	5136	418711.360513139536	1951.0901353788
0	5145	419094.628131296506	1615.8504651859
0	5154	419653.758924314772	1571.8133697286
0	5163	420541.939853271489	1824.7397877742
0	5170	421349.817100726088	2083.4668126423
0	5183	422186.074760835638	2077.715187287
0	5190	422878.638542443534	1963.2206663489
0	5199	423698.14994414339	2177.0484512206
0	5208	424375.256700720659	2189.181939885
0	5219	425556.655961042291	2476.8876750022
0	5226	426255.016822088531	2286.4895255305
0	5237	427116.730174049756	2453.9139420725
0	5242	427941.70129406268	2385.0453330204
0	5251	428607.489490974716	2300.6543360185
0	5260	429000.824845768532	1884.0946717188
0	5265	429528.667798591799	1548.5302365851
0	5278	430809.049900621197	1993.8137623016
0	5289	431554.562741378344	2013.9499801677
0	5300	432269.512052927188	1850.8962570224
0	5307	432925.966309290401	1895.7539975177
0	5316	433422.307590208969	1754.2607086245
0	5323	434021.735340775944	1752.2232878488
0	5332	434720.633193198614	1654.5012869407
0	5343	435549.879687046655	1985.0285160821
0	5352	436434.999374253698	2053.88812772
0	5361	437223.783976910659	2375.1847275998
0	5372	438229.867350077279	2513.8972355984
0	5377	438642.546572629385	2028.1320787501
0	5386	439191.131944488757	1743.734409241
0	5399	440313.244120543845	2083.3767704666
0	5408	441030.025169067107	2004.8935364932
0	5413	441436.201052321143	1949.0555159748
0	5424	442328.638022253312	2015.3939017095
0	5431	442851.519978186138	1821.494809119
0	5440	443386.590592749439	1712.4807660934
0	5449	444182.823918527015	1636.1757623032
0	5458	444658.120122877904	1317.3748246394
0	5471	445601.91403361971	1629.4526617974
0	5480	446482.38819795663	2142.752536945
0	5487	446904.260325897508	2079.378072219
0	5498	447786.188995745056	2184.2749621253
0	5503	448274.311170587339	1791.9229726307
0	5512	448923.061244376027	1955.2640747745
0	5523	449823.189859790751	2037.0008640457
0	5532	450714.85162675383	2355.3113366012
0	5543	451562.458602804714	2406.5085965674
0	5552	452363.427408551821	2386.3043726888
0	5561	453232.074831984961	2387.0210399386
0	5570	453832.236929750094	2269.7783269454
0	5579	454546.603165660078	2183.1757571083
0	5586	455343.994334433252	2111.9195024483
0	5595	456129.342872696022	2297.1059429459
0	5602	456451.445475267271	1904.8423096072
0	5615	457921.658070478613	2483.897559531
0	5624	458769.501802045877	2602.5838437025
0	5629	459069.531845441113	2042.4904043321
0	5638	459840.542948199461	1918.8848777208
0	5651	460589.132330892632	1819.6305288468
0	5660	461449.93599406446	2153.4546372481
0	5667	462025.757983373503	2000.4968006629
0	5678	463111.060198768998	2521.9278678764
0	5687	463863.081716280455	2413.145722216
0	5694	464314.336380595366	2070.34398783
0	5703	465054.811818106125	1943.7516193371
0	5710	465492.130746692444	1629.049030412
0	5723	466902.308823214869	2432.4180606287
0	5732	467767.661452805649	2562.0904818177
0	5737	468186.52834044772	2158.6694933474
0	5748	469107.416354259502	2205.1075310446
0	5755	469804.681822797309	2037.0203699917
0	5764	470544.61871660317	1974.4701447431
0	5775	471594.847895996671	2165.9853688907
0	5784	472230.392331071224	2038.2687341888
0	5791	472754.246638063368	1742.7766999695
0	5800	473372.509048366945	1699.4180180132
0	5811	474280.826194910358	1911.3709660247
0	5818	474692.528140638049	1688.2466237526
0	5829	476169.181820517433	2330.0220554229
0	5838	476708.799153752652	2139.4204775803
0	5847	477375.358338374672	1910.4153335094
0	5858	478275.013983249692	2052.7260128874
0	5867	478913.078584475471	1971.1410281248
0	5876	479619.844635576038	1819.9115215335
0	5883	480140.590922255097	1865.5769390054
0	5894	481089.700168278096	2176.6215838026
0	5903	481863.438595784856	2243.5939602088
0	5908	482378.638563863961	1996.9584199134
0	5917	482764.694650797202	1674.9944825191
0	5930	483954.915982950507	2091.4773871657
0	5937	484728.767052758513	1992.2148933169
0	5944	485080.334295937819	1890.3476610314
0	5953	485768.62053517255	1813.704552222
0	5962	486618.104277597769	1790.3863426298
0	5971	487249.043298885255	1953.6559665576
0	5980	488212.94571678157	2046.7793500051
0	5989	488628.781137429205	1605.6654204614
0	5998	489648.662041733069	1992.981367372
0	6007	490628.293815348326	2093.6982763465
0	6016	491749.839545320748	2560.2183591574
0	6025	492329.262697789847	2241.5817197878
0	6034	492780.316783161863	1795.017506741
0	6047	493752.049440890579	1870.4090030864
0	6056	494378.540060017286	1833.0583251547
0	6065	495005.852620163961	1754.8467583023
0	6072	495514.574024314089	1762.5245834235
0	6083	496597.69665612842	2219.1565961111
0	6092	497296.804654039471	2290.9520338755
0	6097	497694.266432756587	1810.3704184759
0	6110	498630.357898212998	2032.6612420846
0	6119	499191.451522149174	1894.6468681097
0	6128	500089.407728612451	1947.3867262714
0	6137	500585.405916720657	1955.0480185077
0	6146	501400.850379886134	2209.398857737
0	6151	501711.665039928658	1622.2573113162
0	6164	503079.987268522411	2494.5813518018
0	6171	503634.350606566324	2233.5002266802
0	6178	504133.672899333789	1844.4083165377
0	6187	505017.624185141206	1937.6369166188
0	6200	505938.812520867244	2214.6323184483
0	6207	506666.591044329137	2090.7397115137
0	6218	507321.472560893774	1962.4386345036
0	6223	507641.808452596918	1702.9959317297
0	6234	508835.944155044883	2066.5525039192
0	6243	509657.996111735731	2336.523550842
0	6250	510322.783506894514	2143.8912673853
0	6259	511162.741593690619	2108.2839215174
0	6270	511926.596207683935	2166.6074031964
0	6277	512649.988465569942	2142.8224376868
0	6288	513385.596831422329	2001.8637384754
0	6295	514240.128570981354	2011.2031007186
0	6308	515267.684472771391	2336.7723204195
0	6315	515784.830595273554	1966.4886133745
0	6326	516734.846763918206	2296.0700094234
0	6335	517441.959075070947	2174.2746022996
0	6340	517847.283704672038	1780.477262428
0	6349	518702.906320709764	1968.0595567916
0	6360	519789.100966975122	2347.1418919042
0	6367	520275.700061023264	2002.0914861001
0	6376	520894.084307318582	1780.5639966857
0	6387	522228.671893849998	2280.3823078517
0	6396	523025.70832944478	2468.9201341476
0	6407	523691.48697014901	2252.3497078568
0	6416	524554.816617630452	2285.8417193871
0	6423	525201.099780527905	2071.4790989645
0	6430	525950.210695434391	2258.7237252854
0	6439	526552.042090427161	1997.2254727967
0	6450	527259.142263466522	1808.3036562894
0	6461	527919.092658581242	1796.3153377175
0	6466	528396.175011992484	1530.5925216526
0	6475	528977.9293698259	1676.8557469826
0	6488	530385.847782343655	2466.7551237624
0	6495	530871.66108037348	2066.0735907499
0	6506	531726.576762646466	2143.211266771
0	6513	532239.918528730079	1854.0707463864
0	6520	532923.916821694031	1975.3090086859
0	6529	533342.688622931048	1616.1118602846
0	6542	534560.062328260421	2238.8567595743
0	6551	535265.907756518602	2158.5405703168
0	6556	535790.215486194968	2125.6676745135
0	6567	536502.564153447777	1942.5018251874
0	6574	537109.719097288355	1843.8113407698
0	6583	538081.934231612861	2086.0988551285
0	6596	539019.620388094366	2195.7299815491
0	6601	539393.164717499197	1679.940097779
0	6612	540085.569008812338	1497.0765599515
0	6619	540578.157394425973	1558.5370063316
0	6624	541269.953504903273	1683.7570112664
0	6641	542889.203292829947	2460.4377566837
0	6648	543719.213028391854	2395.2225764282
0	6655	544525.887987110795	2378.6249628291
0	6668	545335.148889804291	2445.9455969743
0	6673	545899.098599748718	2148.6923343502
0	6682	546278.47915501337	1653.4371485934
0	6695	547227.706378977778	1892.5574891735
0	6702	547994.810101250219	1985.1164208725
0	6711	548488.465661834958	1930.8283524122
0	6722	549394.547496177288	2166.8411171995
0	6729	549916.986625827881	1848.377569858
0	6740	550881.805592961642	2175.2778318711
0	6745	551320.659211557391	1926.1117153801
0	6756	552271.196227893266	2169.3018538412
0	6763	552687.469677301157	1805.6640843395
0	6772	553385.947748925569	1836.437015282
0	6781	553934.331250470165	1611.9374088943
0	6792	554742.284351075102	1568.5133560561
0	6799	555180.902217747678	1422.4173828028
0	6812	556058.53691878732	1817.8693796508
0	6817	556451.590133691241	1673.6528382171
0	6830	557457.04531045634	1984.430943802
0	6839	558276.459826156531	2217.9229073692
0	6846	558857.154139783267	1989.4031080417
0	6855	559534.023298323188	2076.9779878668
0	6862	560323.152640135992	2046.6928139795
0	6875	561370.686475094442	2398.1048772577
0	6882	561900.249378662591	2258.0500416923
0	6889	562471.277161454817	1990.3755517211
0	6898	563183.877879520912	1813.1914044265
0	6907	563865.530998399515	1735.9226211905
0	6920	564880.365732824464	2021.7976888642
0	6929	565750.659755570848	2177.7807754464
0	6934	566157.37724094655	1809.6388641279
0	6947	567516.089099692215	2635.7233668678
0	6954	567882.435039058362	2131.7752834875
0	6961	568618.696229578962	2002.4530299939
0	6974	569463.276469521259	1947.187369829
0	6979	570012.704975204577	1788.6541334912
0	6988	570498.636247543653	1531.3648366369
0	6997	571397.073635039885	1933.7971655186
0	7010	572746.707447152619	2523.2681411784
0	7019	573430.951048666646	2325.0963751227
0	7026	574091.955343354528	2101.3580531348
0	7033	574424.367726640811	1677.6602794882
0	7044	575229.123112745618	1798.172064079
0	7051	575669.588389014861	1568.2397703175
0	7064	576838.352993829211	2183.6872897111
0	7073	577495.268350141158	2260.3133322671
0	7078	578060.524545656552	2085.3579379152
0	7089	578824.270619591733	1985.9176257625
0	7098	579516.123094456305	2020.8547443151
0	7105	580066.150092612987	1774.1194599308
0	7118	581288.286443240976	2369.8199712206
0	7127	582095.04821458835	2484.4406263903
0	7132	582681.485537113658	2172.7516638581
0	7143	583647.123271040655	2358.8368277997
0	7152	584341.286748088932	2246.2385335006
0	7163	585282.698482554442	2431.5290072467
0	7172	586035.663778893686	2374.9816935975
0	7177	586409.354426153041	1999.7142754029
0	7186	587626.476113917343	2343.7776313629
0	7195	588326.5693446156	2290.9055657219
0	7204	588760.518741421439	1841.3114250172
0	7217	589722.856837883629	2069.7593562305
0	7222	590236.948841158338	1808.0126892775
0	7233	591181.442625448145	2103.5301048774
0	7240	591747.385715972669	2024.528878089
0	7253	592771.504343580492	2360.2723302785
0	7258	593086.515238042958	1799.8816602398
0	7271	594234.847959503569	2136.5988761187
0	7278	594873.507694993206	2102.0033514127
0	7285	595314.55971621912	1785.137139447
0	7296	596035.998867172785	1801.1509076692
0	7303	596630.722252232991	1709.779489506
0	7312	597174.528392823449	1591.0267797299
0	7321	597942.08527486775	1735.0552311167
0	7330	598323.912620823867	1321.3658010587
0	7339	599416.211300063915	1947.9463638738
0	7348	599962.23178147342	1669.1174218431
0	7357	600759.822337562255	1779.6541162301
0	7362	601380.795275419986	1706.8001087755
0	7377	602488.834193162656	1921.0200374946
0	7388	603095.403600577301	1697.9336347897
0	7395	603660.511609353161	1644.7679350153
0	7402	604088.703836454114	1523.4386453871
1	3181	260277.967684390036	352
1	3190	260979.136167559786	353
1	3201	261864.347164286313	354
1	3212	262519.010687945423	355
1	3219	262885.114674177033	356
1	3228	263478.406944684697	357
1	3235	263994.345211330814	358
1	3244	264730.01996940003	359
1	3255	265457.526142615838	360
1	3262	265977.200760366408	361
1	3275	267093.844716064644	362
1	3284	267885.021865647298	363
1	3293	268389.063580613595	364
1	3298	268964.62654201315	365
1	3307	269599.184816703212	366
1	3316	270163.255239464354	367
1	3327	270956.181749375549	368
1	3336	271838.02408045159	369
1	3347	272654.270334960905	370
1	3354	273023.672425607232	371
1	3365	273800.323498249067	372
1	3370	274460.418414138271	373
1	3379	274889.082851121216	374
1	3392	275921.908165561048	375
1	3401	276397.428479092208	376
1	3410	277238.955806801108	377
1	3415	277895.955360168604	378
1	3428	278693.100324645651	379
1	3435	279285.336883272988	380
1	3442	279764.319830294711	381
1	3455	280760.018007271004	382
1	3460	281141.21888894589	383
1	3469	282076.823841361342	384
1	3478	282513.357455050585	385
1	3487	283305.199460685265	386
1	3498	284262.088467367006	387
1	3507	285320.329544227583	388
1	3518	286198.867262201396	389
1	3523	286788.032221980405	390
1	3532	287706.010074354721	391
1	3543	288620.739249140037	392
1	3552	289335.979754151789	393
1	3559	289948.156779538852	394
1	3568	290504.670814191935	395
1	3579	291547.268002526847	396
1	3586	292350.752040697274	397
1	3597	293111.993866693241	398
1	3604	293770.101779513074	399
1	3609	294203.080163290737	400
1	3626	295775.495615182458	401
1	3635	296665.36364173518	402
1	3644	297316.107533639311	403
1	3649	297764.747659675791	404
1	3660	298385.29226384127	405
1	3667	298852.955446159481	406
1	3676	299460.490150144337	407
1	3689	300493.944975966601	408
1	3694	300928.170254174633	409
1	3703	301468.124242220087	410
1	3716	302401.182074798285	411
1	3725	303146.433634869768	412
1	3734	303932.1011750959	413
1	3739	304376.844398863628	414
1	3750	305403.067575115725	415
1	3759	306047.378374915585	416
1	3768	306691.584294196232	417
1	3775	307280.344499554499	418
1	3784	307837.954447790994	419
1	3795	308356.414013262852	420
1	3804	309296.190750645487	421
1	3815	310299.750880384832	422
1	3820	310641.001293528839	423
1	3829	311580.851900624126	424
1	3838	311966.707757301643	425
1	3851	313091.950200218722	426
1	3858	313601.897811982795	427
1	3865	314461.208214098602	428
1	3874	315321.260059112698	429
1	3885	316030.827959161267	430
1	3892	316495.010781101898	431
1	3903	317335.415390599534	432
1	3910	317822.333177877605	433
1	3915	318197.431850759328	434
1	3930	319421.930864313633	435
1	3937	319758.138325251655	436
1	3946	320294.063120707886	437
1	3959	321812.090310640649	438
1	3968	322612.855001818405	439
1	3973	322920.204749330895	440
1	3982	324049.665500968711	441
1	3991	324429.150350717844	442
1	4004	325266.008976660684	443
1	4009	325704.459990514458	444
1	4018	326445.657286746442	445
1	4027	326878.652724204599	446
1	4038	328287.595670297757	447
1	4045	328752.773958491177	448
1	4058	329622.501413896695	449
1	4065	330011.240284703687	450
1	4072	330742.848732601866	451
1	4081	331408.920342894286	452
1	4094	332529.253100138173	453
1	4101	333195.454218797401	454
1	4108	333665.391731215656	455
1	4119	334832.521354313955	456
1	4130	335347.452542977423	457
1	4135	335748.196610854954	458
1	4144	336435.505237570048	459
1	4153	337127.888014353827	460
1	4164	338352.088874392227	461
1	4171	338922.066214447857	462
1	4180	339517.100829212011	463
1	4193	340548.578904289768	464
1	4202	341234.645806672067	465
1	4209	341739.063371485115	466
1	4218	342370.364980911852	467
1	4225	342845.339865423754	468
1	4234	343450.497897667826	469
1	4247	344659.899277333186	470
1	4254	345486.699198139847	471
1	4263	346325.590688874961	472
1	4272	347138.332122098671	473
1	4283	347967.479792609827	474
1	4288	348621.741557680087	475
1	4301	349505.998919019492	476
1	4308	350202.980227628739	477
1	4315	350509.119855193437	478
1	4326	351547.820524312572	479
1	4337	352262.587715266289	480
1	4344	352586.902056634443	481
1	4355	353682.861277973296	482
1	4360	354076.598623953776	483
1	4373	355110.058859316649	484
1	4378	355843.497564923035	485
1	4387	356425.248708017187	486
1	4400	357431.21648202652	487
1	4409	357807.820233888942	488
1	4416	358431.601917184907	489
1	4427	359061.557542439568	490
1	4436	359856.759666977468	491
1	4445	360666.070069419238	492
1	4450	361028.373155370373	493
1	4461	361819.568017590809	494
1	4468	362497.523394506443	495
1	4479	363435.334542207438	496
1	4490	364319.714212138224	497
1	4497	364883.607544703427	498
1	4506	365525.482324278	499
1	4517	366534.193948376941	500
1	4522	367010.671278275567	501
1	4533	367912.158951954934	502
1	4542	368546.141818631458	503
1	4549	369169.728783052432	504
1	4558	370024.515503738093	505
1	4567	370857.509800326097	506
1	4576	371382.54775064999	507
1	4589	372832.686062715964	508
1	4594	373401.861185487376	509
1	4603	373868.649598443897	510
1	4612	374972.775694727915	511
1	4623	375520.273147523421	512
1	4630	375891.643655765819	513
1	4639	376417.42054224016	514
1	4650	377492.109433282183	515
1	4657	378031.249634362774	516
1	4668	378895.861485740186	517
1	4677	379904.650741769018	518
1	4684	380219.73303579727	519
1	4693	381336.585933202895	520
1	4704	382307.283605961146	521
1	4715	383128.402021480741	522
1	4724	383969.134749798121	523
1	4731	384449.596177646907	524
1	4738	385074.942346243205	525
1	4749	386144.620400341245	526
1	4756	386545.602919952961	527
1	4769	387696.65642827751	528
1	4774	388238.547545112687	529
1	4783	388715.604917379113	530
1	4794	389839.640999212879	531
1	4801	390341.913039749506	532
1	4812	391249.194173002634	533
1	4821	392044.33073136026	534
1	4830	392869.045256590489	535
1	4841	394024.101730110142	536
1	4850	394617.567318258825	537
1	4859	395182.335648313183	538
1	4868	395763.042696984503	539
1	4875	396282.606994360704	540
1	4886	397208.557919645701	541
1	4893	397985.602359753121	542
1	4900	398709.140888554994	543
1	4913	399485.914927488212	544
1	4918	399991.357660247032	545
1	4931	400971.736126905326	546
1	4938	401778.638273058478	547
1	4945	402147.53007958645	548
1	4956	403088.518114574272	549
1	4963	403577.035320550222	550
1	4976	404848.18585817704	551
1	4983	405192.01122606175	552
1	4992	406388.047113502417	553
1	4999	406918.161281291414	554
1	5012	407934.376301430185	555
1	5021	408603.750836290438	556
1	5030	409498.863893933613	557
1	5035	410284.383042482678	558
1	5044	410649.599204678108	559
1	5055	411273.761715833116	560
1	5062	411724.83073719779	561
1	5071	413072.141929669324	562
1	5082	414232.185357017461	563
1	5091	414882.496761856619	564
1	5102	415939.606285002102	565
1	5109	416565.143470745553	566
1	5118	417214.521362213437	567
1	5125	418011.773761035894	568
1	5136	418711.360513139536	569
1	5145	419094.628131296506	570
1	5154	419653.758924314772	571
1	5163	420541.939853271489	572
1	5170	421349.817100726088	573
1	5183	422186.074760835638	574
1	5190	422878.638542443534	575
1	5199	423698.14994414339	576
1	5208	424375.256700720659	577
1	5219	425556.655961042291	578
1	5226	426255.016822088531	579
1	5237	427116.730174049756	580
1	5242	427941.70129406268	581
1	5251	428607.489490974716	582
1	5260	429000.824845768532	583
1	5265	429528.667798591799	584
1	5278	430809.049900621197	585
1	5289	431554.562741378344	586
1	5300	432269.512052927188	587
1	5307	432925.966309290401	588
1	5316	433422.307590208969	589
1	5323	434021.735340775944	590
1	5332	434720.633193198614	591
1	5343	435549.879687046655	592
1	5352	436434.999374253698	593
1	5361	437223.783976910659	594
1	5372	438229.867350077279	595
1	5377	438642.546572629385	596
1	5386	439191.131944488757	597
1	5399	440313.244120543845	598
1	5408	441030.025169067107	599
1	5413	441436.201052321143	600
1	5424	442328.638022253312	601
1	5431	442851.519978186138	602
1	5440	443386.590592749439	603
1	5449	444182.823918527015	604
1	5458	444658.120122877904	605
1	5471	445601.91403361971	606
1	5480	446482.38819795663	607
1	5487	446904.260325897508	608
1	5498	447786.188995745056	609
1	5503	448274.311170587339	610
1	5512	448923.061244376027	611
1	5523	449823.189859790751	612
1	5532	450714.85162675383	613
1	5543	451562.458602804714	614
1	5552	452363.427408551821	615
1	5561	453232.074831984961	616
1	5570	453832.236929750094	617
1	5579	454546.603165660078	618
1	5586	455343.994334433252	619
1	5595	456129.342872696022	620
1	5602	456451.445475267271	621
1	5615	457921.658070478613	622
1	5624	458769.501802045877	623
1	5629	459069.531845441113	624
1	5638	459840.542948199461	625
1	5651	460589.132330892632	626
1	5660	461449.93599406446	627
1	5667	462025.757983373503	628
1	5678	463111.060198768998	629
1	5687	463863.081716280455	630
1	5694	464314.336380595366	631
1	5703	465054.811818106125	632
1	5710	465492.130746692444	633
1	5723	466902.308823214869	634
1	5732	467767.661452805649	635
1	5737	468186.52834044772	636
1	5748	469107.416354259502	637
1	5755	469804.681822797309	638
1	5764	470544.61871660317	639
1	5775	471594.847895996671	640
1	5784	472230.392331071224	641
1	5791	472754.246638063368	642
1	5800	473372.509048366945	643
1	5811	474280.826194910358	644
1	5818	474692.528140638049	645
1	5829	476169.181820517433	646
1	5838	476708.799153752652	647
1	5847	477375.358338374672	648
1	5858	478275.013983249692	649
1	5867	478913.078584475471	650
1	5876	479619.844635576038	651
1	5883	480140.590922255097	652
1	5894	481089.700168278096	653
1	5903	481863.438595784856	654
1	5908	482378.638563863961	655
1	5917	482764.694650797202	656
1	5930	483954.915982950507	657
1	5937	484728.767052758513	658
1	5944	485080.334295937819	659
1	5953	485768.62053517255	660
1	5962	486618.104277597769	661
1	5971	487249.043298885255	662
1	5980	488212.94571678157	663
1	5989	488628.781137429205	664
1	5998	489648.662041733069	665
1	6007	490628.293815348326	666
1	6016	491749.839545320748	667
1	6025	492329.262697789847	668
1	6034	492780.316783161863	669
1	6047	493752.049440890579	670
1	6056	494378.540060017286	671
1	6065	495005.852620163961	672
1	6072	495514.574024314089	673
1	6083	496597.69665612842	674
1	6092	497296.804654039471	675
1	6097	497694.266432756587	676
1	6110	498630.357898212998	677
1	6119	499191.451522149174	678
1	6128	500089.407728612451	679
1	6137	500585.405916720657	680
1	6146	501400.850379886134	681
1	6151	501711.665039928658	682
1	6164	503079.987268522411	683
1	6171	503634.350606566324	684
1	6178	504133.672899333789	685
1	6187	505017.624185141206	686
1	6200	505938.812520867244	687
1	6207	506666.591044329137	688
1	6218	507321.472560893774	689
1	6223	507641.808452596918	690
1	6234	508835.944155044883	691
1	6243	509657.996111735731	692
1	6250	510322.783506894514	693
1	6259	511162.741593690619	694
1	6270	511926.596207683935	695
1	6277	512649.988465569942	696
1	6288	513385.596831422329	697
1	6295	514240.128570981354	698
1	6308	515267.684472771391	699
1	6315	515784.830595273554	700
1	6326	516734.846763918206	701
1	6335	517441.959075070947	702
1	6340	517847.283704672038	703
1	6349	518702.906320709764	704
1	6360	519789.100966975122	705
1	6367	520275.700061023264	706
1	6376	520894.084307318582	707
1	6387	522228.671893849998	708
1	6396	523025.70832944478	709
1	6407	523691.48697014901	710
1	6416	524554.816617630452	711
1	6423	525201.099780527905	712
1	6430	525950.210695434391	713
1	6439	526552.042090427161	714
1	6450	527259.142263466522	715
1	6461	527919.092658581242	716
1	6466	528396.175011992484	717
1	6475	528977.9293698259	718
1	6488	530385.847782343655	719
1	6495	530871.66108037348	720
1	6506	531726.576762646466	721
1	6513	532239.918528730079	722
1	6520	532923.916821694031	723
1	6529	533342.688622931048	724
1	6542	534560.062328260421	725
1	6551	535265.907756518602	726
1	6556	535790.215486194968	727
1	6567	536502.564153447777	728
1	6574	537109.719097288355	729
1	6583	538081.934231612861	730
1	6596	539019.620388094366	731
1	6601	539393.164717499197	732
1	6612	540085.569008812338	733
1	6619	540578.157394425973	734
1	6624	541269.953504903273	735
1	6641	542889.203292829947	736
1	6648	543719.213028391854	737
1	6655	544525.887987110795	738
1	6668	545335.148889804291	739
1	6673	545899.098599748718	740
1	6682	546278.47915501337	741
1	6695	547227.706378977778	742
1	6702	547994.810101250219	743
1	6711	548488.465661834958	744
1	6722	549394.547496177288	745
1	6729	549916.986625827881	746
1	6740	550881.805592961642	747
1	6745	551320.659211557391	748
1	6756	552271.196227893266	749
1	6763	552687.469677301157	750
1	6772	553385.947748925569	751
1	6781	553934.331250470165	752
1	6792	554742.284351075102	753
1	6799	555180.902217747678	754
1	6812	556058.53691878732	755
1	6817	556451.590133691241	756
1	6830	557457.04531045634	757
1	6839	558276.459826156531	758
1	6846	558857.154139783267	759
1	6855	559534.023298323188	760
1	6862	560323.152640135992	761
1	6875	561370.686475094442	762
1	6882	561900.249378662591	763
1	6889	562471.277161454817	764
1	6898	563183.877879520912	765
1	6907	563865.530998399515	766
1	6920	564880.365732824464	767
1	6929	565750.659755570848	768
1	6934	566157.37724094655	769
1	6947	567516.089099692215	770
1	6954	567882.435039058362	771
1	6961	568618.696229578962	772
1	6974	569463.276469521259	773
1	6979	570012.704975204577	774
1	6988	570498.636247543653	775
1	6997	571397.073635039885	776
1	7010	572746.707447152619	777
1	7019	573430.951048666646	778
1	7026	574091.955343354528	779
1	7033	574424.367726640811	780
1	7044	575229.123112745618	781
1	7051	575669.588389014861	782
1	7064	576838.352993829211	783
1	7073	577495.268350141158	784
1	7078	578060.524545656552	785
1	7089	578824.270619591733	786
1	7098	579516.123094456305	787
1	7105	580066.150092612987	788
1	7118	581288.286443240976	789
1	7127	582095.04821458835	790
1	7132	582681.485537113658	791
1	7143	583647.123271040655	792
1	7152	584341.286748088932	793
1	7163	585282.698482554442	794
1	7172	586035.663778893686	795
1	7177	586409.354426153041	796
1	7186	587626.476113917343	797
1	7195	588326.5693446156	798
1	7204	588760.518741421439	799
1	7217	589722.856837883629	800
1	7222	590236.948841158338	801
1	7233	591181.442625448145	802
1	7240	591747.385715972669	803
1	7253	592771.504343580492	804
1	7258	593086.515238042958	805
1	7271	594234.847959503569	806
1	7278	594873.507694993206	807
1	7285	595314.55971621912	808
1	7296	596035.998867172785	809
1	7303	596630.722252232991	810
1	7312	597174.528392823449	811
1	7321	597942.08527486775	812
1	7330	598323.912620823867	813
1	7339	599416.211300063915	814
1	7348	599962.23178147342	815
1	7357	600759.822337562255	816
1	7362	601380.795275419986	817
1	7377	602488.834193162656	818
1	7388	603095.403600577301	819
1	7395	603660.511609353161	820
1	7402	604088.703836454114	821

