version 2
run Pipelined_3Teachers-60-20190105-10:57:31-2804
attr configname Pipelined_3Teachers
attr datetime 20190105-10:57:31
attr experiment Pipelined_3Teachers
attr inifile ../simulations/omnetpp.ini
attr iterationvars "$0=\"uniform\""
attr iterationvarsf uniform-
attr measurement "$0=\"uniform\""
attr network PipelinedExamSession
attr processid 2804
attr repetition 60
attr replication #60
attr resultdir results
attr runnumber 60
attr seedset 60
param **.teachersNumber 3
param **.answerTimeDistribution "\"uniform\""
param **.minUniform 300
param **.maxUniform 900
param **.scaleLognormal 6.2854
param **.shapeLognormal 0.4724

vector 0 PipelinedExamSession examinationTime:vector ETV
attr source examFinished
vector 1 PipelinedExamSession studentID:vector ETV
attr source student
0	3201	260667.3156256322	2300.3468025941
0	3210	261221.212657867018	2014.2185226548
0	3217	261989.554399391654	2076.1069639586
0	3226	262555.446424707788	1763.5661875829
0	3235	263236.320673953759	1716.6963047348
0	3244	263703.089229064079	1539.680187637
0	3253	264423.26969685966	1608.2103911787
0	3262	265026.614591712149	1674.1824686062
0	3271	265647.136095073091	1412.4360074289
0	3280	266539.159511541965	1830.5997828953
0	3289	267165.62018464321	1719.5767099969
0	3302	268230.679124873148	2127.2517441306
0	3307	268674.954167800041	1999.9099100009
0	3318	269760.592341469617	2278.5085807554
0	3325	270501.245975168439	2270.5668502953
0	3334	270918.424908863398	1794.2038844805
0	3347	272277.102597942593	2253.957365267
0	3352	272735.049317870306	2012.2234779876
0	3361	273395.158881275	2015.6800147612
0	3372	274328.274476062524	2051.1718781199
0	3379	274837.785164359975	1798.5918363556
0	3390	275665.627144044283	1980.7491838932
0	3399	276271.688444959017	1724.7338399291
0	3406	276930.588401947189	1753.1348544639
0	3415	277449.23665341923	1714.2958617769
0	3426	278539.801716059465	2125.7346973289
0	3435	279477.874658815582	2271.7323797755
0	3446	280298.454727465306	2248.443596391
0	3453	280750.100175663848	1915.7900607213
0	3464	281726.525739301015	2191.7026033625
0	3469	282070.292122894917	1771.8373954296
0	3480	283124.947852967326	2085.3550510481
0	3489	283773.371812189017	2046.846072888
0	3496	284296.417287457754	1850.1247504726
0	3509	285502.268728707005	2374.0436876658
0	3516	286001.881615771	1994.1566233523
0	3525	286708.449642034267	1853.2421805896
0	3534	287484.76874534974	1982.5000166427
0	3543	288156.045026611557	2014.0910850372
0	3554	288956.665749941042	2239.1414186452
0	3559	289479.386991122758	1910.3594148997
0	3570	290424.995210347718	2210.4913372546
0	3579	291223.370528267717	2266.7047783267
0	3586	291721.744244545718	2052.0882118028
0	3597	292314.82291915456	1832.6403065119
0	3604	293179.956268239787	1926.9024044741
0	3615	293983.85318624789	2125.2874745987
0	3622	294305.685842363184	1782.4315961916
0	3631	295229.890484455993	1842.0350183733
0	3640	296120.171293476617	1949.6883866843
0	3653	297119.432825222632	2329.7570678405
0	3658	297445.37616907621	1871.3513195515
0	3669	298457.883630786112	2022.4202607293
0	3680	299539.28302852439	2419.8502033018
0	3685	299874.804780632278	1919.2013656721
0	3698	300767.399445315844	1991.5301996749
0	3703	301222.210573218784	1682.9275446944
0	3714	302227.299392782173	2194.7621210944
0	3725	303057.913046842463	2290.5136015266
0	3730	303435.283956583611	1852.6372358669
0	3741	304455.534867569826	2169.2943334579
0	3748	305081.577400490663	2023.6643536482
0	3757	305923.825740208872	2034.2201918364
0	3768	306644.581101229437	2070.7570635248
0	3775	307030.25781484323	1645.4507885501
0	3784	307864.251569984503	1607.891117502
0	3795	308876.167020946763	1960.2520908695
0	3806	309623.669210867978	1916.547088651
0	3811	309960.665545240066	1642.7899902686
0	3820	311050.39340062069	2128.0204388313
0	3833	312017.91494311767	2394.2457322497
0	3842	312881.060688570163	2388.2136602886
0	3851	313296.922698011643	2030.5248487741
0	3858	313659.983203327304	1642.0682602096
0	3861	314036.368735134622	1155.3080465645
0	3874	315559.064491046614	2262.141793035
0	3883	316169.945434061832	2072.6248946507
0	3892	316978.412333875917	2026.6439387575
0	3905	317704.556302819423	2063.388228463
0	3914	318157.904578512557	1767.1058228239
0	3921	318629.96743465776	1583.6783654988
0	3930	319385.096910875313	1680.5406080559
0	3937	319862.424016557656	1704.5194380451
0	3950	320651.491488469787	1945.1356992591
0	3959	321354.295666934945	1926.5405976679
0	3966	322168.164318474032	2155.486788461
0	3977	322968.095131265022	2316.6036427952
0	3982	323504.068577243038	2149.7729103081
0	3993	324058.869814965897	1889.9809265044
0	4002	324724.653524206974	1756.558392942
0	4011	325533.604549616598	1983.6449991446
0	4020	326289.514530217298	2133.9815410785
0	4031	327156.537726614648	2201.0165106039
0	4040	328012.385459058011	2384.9751830567
0	4045	328381.121981889034	1980.8034491725
0	4058	329468.76281574371	2312.2250891291
0	4067	330103.671969054292	2091.2865099963
0	4074	330813.672502990837	2223.009366123
0	4083	331707.251413632209	2238.4885978885
0	4094	332494.359427364568	2390.6874583103
0	4099	332877.960995212222	1892.6269655116
0	4112	334017.204856826017	2224.896218162
0	4121	334821.613859804372	2327.2544324398
0	4128	335427.39218291829	2275.5426113494
0	4137	336217.789070773894	2200.5842139479
0	4144	336706.770562799672	1885.1567029953
0	4157	337439.887051004942	1898.2450192329
0	4166	338244.149542367111	1913.6469011195
0	4175	338918.2736668736	2042.6832540426
0	4180	339316.376607120063	1876.4895561151
0	4189	339880.109642911728	1635.9601005446
0	4198	340830.275634303714	1912.0019674301
0	4209	341868.372420547555	2165.8510643989
0	4218	342604.225388495277	2019.311354449
0	4229	343221.897028153788	2086.9842903223
0	4236	343812.145412201088	1799.5153137948
0	4247	344731.426064344149	1999.6725157835
0	4252	345192.678793519761	1970.781765366
0	4261	345829.358042730045	1909.0524498839
0	4266	346222.239733301129	1490.813668957
0	4279	347152.404068782952	1662.3646352906
0	4290	347946.353512303931	1673.3594516292
0	4301	348828.512567421449	2008.7130901404
0	4308	349528.975622355966	2151.8879143987
0	4319	350484.178141225157	2360.2561564185
0	4328	351270.677519263727	2442.1649518423
0	4335	352025.933700939668	2319.9338315986
0	4344	352580.682004988221	2096.5038637631
0	4355	353460.726464353529	2190.0489450898
0	4360	353843.405503034619	1713.6306989472
0	4371	354464.241523062838	1847.2745851614
0	4378	354853.729477850748	1393.0030134972
0	4389	355692.754789162455	1616.8340234086
0	4396	356558.069032710073	1798.3789904974
0	4409	357971.812265273211	2674.7174091171
0	4416	358862.264715414522	2670.5164456274
0	4427	359753.806410776479	2675.6196877453
0	4432	360095.658763172133	2123.8464978989
0	4441	360599.755951529397	1736.980703054
0	4452	361857.536168396501	2103.72975762
0	4461	362697.34854432757	2157.4730764143
0	4468	363003.961770795314	1836.5735352505
0	4479	363746.403817506535	1734.486960154
0	4488	364925.344729051022	2092.4651714042
0	4495	365521.04648100215	2178.3586302772
0	4504	366083.717411477146	1955.6906679645
0	4513	366640.870013739942	1693.7036865391
0	4522	367528.183051245314	1782.1195991244
0	4533	368411.997741367695	1808.3969696425
0	4542	369434.601648431299	2220.5872904509
0	4553	370045.50442965704	2197.6667028386
0	4562	370736.416655033855	2086.8976257741
0	4571	371466.312533151387	1973.0891557876
0	4578	371884.021213324769	1838.5167836677
0	4585	372264.821178093581	1528.4045230597
0	4594	373446.108376979857	1979.7958438285
0	4603	373905.70147410038	1843.5591378249
0	4614	374783.284556865721	1884.4481002539
0	4621	375209.3985941727	1515.1996406727
0	4630	376189.921068074211	1952.8208342381
0	4639	376865.846031624853	1751.9340596627
0	4652	378064.460192341386	2266.8059131131
0	4661	378522.191829560353	2045.4828736838
0	4670	379317.64398710805	2132.182796672
0	4675	379859.451979491888	1794.9917871505
0	4684	380316.489327326445	1794.2974977661
0	4695	381126.802598219394	1809.1586111113
0	4706	381807.798261847376	1768.214800721
0	4711	382325.535441096901	1842.7278761286
0	4724	383332.729459740251	2044.2896906286
0	4729	383641.230190219387	1833.431928372
0	4738	384234.44829583171	1662.8706146032
0	4749	385384.90951610732	2052.1800563671
0	4758	385829.869236191764	1919.2690861411
0	4769	386460.750098386809	1879.2121516541
0	4774	387104.521052073717	1699.6470596641
0	4783	387550.574992876529	1679.5716822613
0	4794	388709.762140223786	2249.012041837
0	4801	389581.607991457015	2339.669435285
0	4810	390094.389702659131	2033.8520015124
0	4819	390997.029592841894	2093.5448620934
0	4828	391797.509994311288	2076.9749080762
0	4841	392862.809243844852	2319.4707123097
0	4848	393386.973360786244	2009.7831822932
0	4857	394228.748160833523	2133.2686509937
0	4868	394878.928290260986	2016.1190464161
0	4875	395549.887838121534	1982.112531038
0	4882	395881.162170879573	1631.5636622719
0	4891	396424.643579637662	1545.7152893767
0	4904	397419.260134035752	1749.1126670502
0	4909	397820.930088451163	1771.4096108917
0	4920	398545.096706645593	1775.6700833794
0	4927	398927.614050731093	1508.3539166953
0	4936	399795.035567041517	1636.9521756191
0	4947	400961.314303614229	2359.2458170373
0	4954	401428.238489851386	2164.1408171039
0	4967	402515.312668355212	2365.7184655778
0	4974	403278.713763831214	2304.0920150466
0	4981	403776.050627371327	2126.6624989919
0	4990	404568.71539768766	2053.4027293324
0	5001	405659.274942660735	2309.7254878376
0	5012	406404.099946003438	2173.5778241884
0	5021	407162.619986711101	2257.2016155347
0	5026	407469.163202354716	1771.1947832722
0	5039	408753.989952709557	2349.8900067061
0	5046	409449.774345941873	2287.1543592308
0	5053	409880.049283616276	1837.1126804966
0	5062	410368.261311203273	1614.2713584937
0	5075	411488.682276103677	1965.3819838073
0	5080	411977.842067554625	1923.7377419136
0	5089	412759.80416997339	2117.3198469915
0	5100	413381.775470590251	1893.0931944866
0	5111	414548.994415998492	2167.5756719895
0	5116	415053.651106311042	2017.8918211721
0	5125	415676.663843169842	2002.1010740194
0	5134	416486.676847748491	1937.68243175
0	5145	417295.03737073395	1960.1707449183
0	5156	418135.006367135826	2217.208979046
0	5165	418965.973015688393	2310.2719377726
0	5174	419406.548738339949	1993.5393420048
0	5179	419714.239291939918	1579.2329248041
0	5192	420945.150039531324	1979.1770238429
0	5199	421638.765091449056	2232.2163531091
0	5208	422423.458371218327	2191.9852416962
0	5217	423227.632814599235	2282.4827750679
0	5228	424238.838194590096	2447.8123116307
0	5237	425071.671839291264	2595.5618540291
0	5246	425750.032360525836	2402.4044143036
0	5251	426163.801727397402	1924.9635328073
0	5262	427203.769812779536	2132.0979734883
0	5271	427684.494875371491	1934.4625148457
0	5278	428110.476738726754	1718.7937157694
0	5287	429218.524577328969	1966.6416623164
0	5300	430083.07485119443	2324.5028888807
0	5309	430672.70563161004	2063.1736226846
0	5316	431017.361469380591	1591.2717278581
0	5323	431392.716300487552	1309.6414492931
0	5336	432447.0251027495	1774.3194711395
0	5341	433115.36570945758	1984.737509815
0	5352	434125.353621644933	2416.2568978965
0	5361	434937.823024950955	2490.7979222015
0	5372	435727.077416377176	2382.718509296
0	5379	436266.107930056785	2076.5078562777
0	5390	437138.392664864694	2177.3874860723
0	5395	437763.708772044664	2036.6313556675
0	5408	438516.313878167456	2060.2456617169
0	5413	438833.495051879471	1695.1023870148
0	5426	440061.377125326579	2267.8801211994
0	5435	440935.03828849647	2418.724410329
0	5444	441707.513933675399	2486.2869415898
0	5449	442030.419028876385	1969.0419035498
0	5460	443014.516318263521	2079.4780297671
0	5469	443807.541451184114	2100.0275175087
0	5480	444710.336021566798	2412.2621060349
0	5487	445336.29076131623	2206.8469813094
0	5494	445897.379792248864	1949.7004781384
0	5505	447019.57617499869	2309.2401534319
0	5514	447675.0618705992	2290.7142230775
0	5521	448199.253527820145	1936.4402296487
0	5532	448980.715657956932	1916.8653049506
0	5539	449763.093559909646	1956.9586811587
0	5548	450182.224927470122	1764.0661802609
0	5559	450881.443013576825	1732.1964901406
0	5568	451855.841035628725	1853.9851643611
0	5575	452305.92583897527	1850.3174399491
0	5584	452944.691581092809	1611.8587633129
0	5595	454127.898970758576	2161.8550557643
0	5602	454506.931073684279	1697.0249470789
0	5615	455763.949681352859	2252.6765468996
0	5620	456178.175408905407	2011.5638229065
0	5629	456768.771772971412	1835.5997102335
0	5638	457427.30495575819	1663.3552744053
0	5649	458834.455147851294	2376.6923581716
0	5660	459561.801999388298	2438.3644144982
0	5667	460176.897182688152	2196.4764998294
0	5678	460953.528621001204	2090.2204792947
0	5683	461336.722559435328	1774.920560047
0	5692	462016.397247137537	1703.6322542466
0	5705	463188.8837849256	2235.3551639244
0	5710	463687.581890635227	1989.4020062406
0	5721	464650.641769822722	2188.8288404793
0	5728	464998.383047897404	1809.4992629718
0	5737	466299.752625077999	2383.8823350146
0	5750	467246.318982588163	2442.1338235494
0	5755	467560.132972989267	1906.9896541536
0	5766	468411.656259745395	1979.4133393094
0	5777	469706.427523680068	2460.1085410919
0	5782	470170.183364488221	2142.5789921545
0	5791	470584.336527669839	1760.028283624
0	5804	472247.870251815802	2541.4427281357
0	5813	473117.397992452643	2533.172793081
0	5818	473537.862316612191	2150.0412257854
0	5827	474656.221883883736	2408.3516320679
0	5840	475570.812682807482	2453.4146903548
0	5845	475999.285607412494	2006.0875024181
0	5856	476919.882915169037	2113.9066978823
0	5867	477844.849519478194	2274.0368366707
0	5876	478495.263374783136	2071.9837113284
0	5885	479374.375627795272	2307.2367479559
0	5890	479853.945183008947	2009.0956635308
0	5903	480584.356687730216	2089.0933129471
0	5912	481270.712498808317	1896.336871013
0	5921	482169.770169211589	2160.9168686438
0	5926	482610.868724389039	2026.5120366588
0	5937	483456.061784829982	2185.3492860217
0	5946	484036.459672870152	1866.6895036586
0	5955	484862.751811975651	1824.8915466014
0	5962	485236.616494646334	1729.3195084669
0	5971	485981.518866587469	1853.6704050377
0	5982	487166.556209977755	2244.2842388526
0	5989	487589.370155101681	1914.6325530019
0	6000	488533.20989795033	2102.9885364231
0	6007	488870.149053493553	1635.0910122972
0	6020	489998.055786034131	1984.9565894343
0	6029	490787.499614059964	2195.6408814993
0	6036	491194.255741126874	2025.6552473176
0	6045	491850.780175114089	1852.72438908
0	6052	492334.328492498064	1546.8288784381
0	6063	493196.812586858908	1992.2970749438
0	6072	493806.910441350232	1853.5106699914
0	6083	494802.750605391379	2328.5395910963
0	6090	495521.899225143756	2231.0557876714
0	6099	496054.02855835859	2034.3061724212
0	6106	496764.606219576712	1961.8556141853
0	6115	497167.380768572952	1583.5796265397
0	6124	498292.673113010865	2155.0208722707
0	6137	499189.580060821068	2234.3005870935
0	6146	499967.151756444987	2424.2198214401
0	6151	500283.245768677484	1924.4455823209
0	6160	501081.340171722736	1891.7601109017
0	6169	501612.445923406672	1645.2941669617
0	6180	502624.544393504079	2158.1076719798
0	6191	503799.046657886397	2497.3399108741
0	6200	504554.337387392338	2410.9524993226
0	6207	505021.443450171541	2087.6776983496
0	6216	505731.603566603776	1932.5569087174
0	6223	506118.747767200734	1564.4103798084
0	6236	507276.426082709845	2036.2220780924
0	6241	507685.092374682467	1687.9808189347
0	6250	508269.511565007311	1439.0271751676
0	6259	509232.616214314517	1956.1901316047
0	6270	510365.158727858257	2414.7224196699
0	6277	510880.88958291341	2053.4293466248
0	6290	511966.068427311298	2293.3128886856
0	6297	512666.534903738689	2219.534092024
0	6308	513486.710413126316	2172.224374814
0	6315	514103.570650331717	2137.5022230204
0	6324	514715.741977142211	2024.8807744123
0	6331	515586.258047539781	2099.5476344135
0	6340	516108.732625236775	1772.8517957032
0	6351	517277.882204856764	2341.9052689802
0	6358	517617.834743298631	1840.3733471408
0	6369	518556.66423230436	2111.1164219677
0	6378	519376.066488493274	2066.3033462595
0	6387	520235.881160851608	2523.9799078088
0	6394	520788.884921511675	2229.0231408086
0	6403	521517.291010636876	2064.8188979365
0	6414	522355.080740153829	2109.8329673521
0	6423	523000.839674659113	1919.0341440495
0	6430	523957.814112072851	2211.7059845477
0	6441	524931.896409345831	2377.6206427719
0	6448	525347.342425072605	1966.8613215443
0	6459	526247.816808661486	2013.2952599321
0	6468	527082.126053748692	2121.7478839215
0	6479	528141.72983346511	2385.3810322937
0	6488	528677.771264640655	2043.1637826841
0	6493	529270.093701733317	1982.2113626171
0	6502	530082.109882263507	1940.3800487984
0	6511	530930.203418573406	2252.4321539328
0	6524	531801.78091255952	2307.155301841
0	6531	532395.772390114184	2040.0112205185
0	6542	533407.482546614523	2274.7292978223
0	6549	534002.914560539688	2201.1336479802
0	6556	534460.809255391399	1795.94237376
0	6565	535420.329229719978	2012.8466831055
0	6574	535937.617632933001	1798.4212232754
0	6587	537408.049325505312	2391.9137507211
0	6592	537860.020587639924	2183.246265538
0	6603	538573.328914074267	1998.860263126
0	6612	539137.875887006561	1729.8265615012
0	6619	539767.801311006809	1802.7467880864
0	6628	540417.445461871142	1828.4879801329
0	6637	541367.295635165687	1916.231202241
0	6646	542014.955664658959	2003.4781107679
0	6659	543287.095634965266	2390.4305244796
0	6664	543931.649263389449	2278.2305118162
0	6673	544488.389185862656	2024.5481517166
0	6682	545081.38627926823	1794.290644303
0	6693	546216.341934492852	2163.0984746385
0	6704	547064.217944070737	2370.6854134798
0	6709	547649.776590708683	2088.9929980505
0	6720	548526.70308239762	2229.9444064032
0	6727	548890.89322714139	1826.6752830707
0	6740	549829.831174621399	1977.2351135965
0	6749	550668.014745321165	2100.1571398694
0	6756	551183.223587740253	1836.1935057677
0	6765	552195.492018945556	2365.6608443242
0	6774	552927.393892547157	2259.379147226
0	6783	553605.968963820529	2188.8519078959
0	6792	554105.593338562217	1800.8921046741
0	6799	554592.392310826149	1508.4410246462
0	6810	555720.427927700844	2086.2319503911
0	6821	556303.798726340797	2169.2446470726
0	6828	557025.824189186137	2059.4105914235
0	6837	557793.353961501312	2066.0886922851
0	6844	558400.211415812414	2096.4126894716
0	6853	558919.60581354801	1835.3498037904
0	6866	559919.043100671884	2097.6092141122
0	6873	560516.742215585005	2011.9592609815
0	6880	561334.516306780321	2280.5791268125
0	6891	561937.699524220121	2018.6564235482
0	6900	562684.781743772369	1921.413910808
0	6911	563498.40309941214	1932.6591184828
0	6918	563963.552610296798	1748.6346849706
0	6927	564710.353605961469	2002.3099161219
0	6934	565408.419227460441	1910.0161280483
0	6947	566432.831781869795	2172.6928470656
0	6952	566790.583994938101	1915.4873964842
0	6965	567959.683309821453	2421.4396999218
0	6974	568674.721553782042	2241.8897719122
0	6983	569321.193173155229	2171.8064809218
0	6992	570176.458463771309	2216.7751539499
0	6999	570705.207653576548	2030.4860997945
0	7008	571282.043047249357	1960.8498740941
0	7015	572154.133671009954	1977.6752072386
0	7028	573090.336618712213	2255.7190826163
0	7033	573418.620648840483	1714.6223968361
0	7042	574133.803255436983	1749.7413368896
0	7051	574770.963102299761	1680.6264835875
0	7062	575435.705029545393	1482.5814544223
0	7073	576322.340724896681	1744.4595190231
0	7078	576695.288971345913	1723.4098801855
0	7087	577396.947890566703	1925.4025059287
0	7096	578135.07776814517	1812.7370432485
0	7105	579044.333183812018	2016.1907107104
0	7118	580084.679931448813	2194.9067135341
0	7125	580669.862339599099	1979.686657805
0	7132	581239.018155075651	2048.1823462062
0	7141	582074.453107640188	1989.7731761914
0	7150	583163.443239172961	2305.6720944587
0	7161	583822.339788358699	2119.2342918366
0	7168	584304.844286665361	1741.062066704
0	7179	585939.848696580197	2529.682519706
0	7190	586806.2030999456	2537.4779731035
0	7199	587357.739325705956	2217.8027611692
0	7206	588131.619616504799	2180.8612719644
0	7213	588621.926998207386	1815.7238982618
0	7222	589828.540600603487	2470.8012748975
0	7233	590507.91303687733	2304.3279893696
0	7244	591368.180240923578	2277.2365432698
0	7251	591954.627665458286	1967.8800600115
0	7262	592853.016916662494	2323.3472676482
0	7269	593452.440852485637	2084.2606115621
0	7280	594501.843472430522	2393.6722856015
0	7285	594894.39215529714	2041.3752386346
0	7294	595429.285028670022	1772.8831997607
0	7303	596265.357983764301	1763.5145113338
0	7312	597129.652638081502	1811.5920944139
0	7325	598081.568162189837	1907.1648478042
0	7330	598529.926110059063	1569.8828418273
0	7339	598908.822169527452	1512.046752451
0	7348	600019.46906154048	1937.9008993506
0	7361	601043.670190824237	2185.5759671889
0	7366	601571.062368108001	1958.9532196987
0	7377	602464.44360902537	2294.0245280508
0	7384	603101.593727432232	2057.923536608
0	7393	603610.393020557281	1954.6518362593
0	7402	604584.410454612266	2029.9938064534
1	3201	260667.3156256322	354
1	3210	261221.212657867018	355
1	3217	261989.554399391654	356
1	3226	262555.446424707788	357
1	3235	263236.320673953759	358
1	3244	263703.089229064079	359
1	3253	264423.26969685966	360
1	3262	265026.614591712149	361
1	3271	265647.136095073091	362
1	3280	266539.159511541965	363
1	3289	267165.62018464321	364
1	3302	268230.679124873148	365
1	3307	268674.954167800041	366
1	3318	269760.592341469617	367
1	3325	270501.245975168439	368
1	3334	270918.424908863398	369
1	3347	272277.102597942593	370
1	3352	272735.049317870306	371
1	3361	273395.158881275	372
1	3372	274328.274476062524	373
1	3379	274837.785164359975	374
1	3390	275665.627144044283	375
1	3399	276271.688444959017	376
1	3406	276930.588401947189	377
1	3415	277449.23665341923	378
1	3426	278539.801716059465	379
1	3435	279477.874658815582	380
1	3446	280298.454727465306	381
1	3453	280750.100175663848	382
1	3464	281726.525739301015	383
1	3469	282070.292122894917	384
1	3480	283124.947852967326	385
1	3489	283773.371812189017	386
1	3496	284296.417287457754	387
1	3509	285502.268728707005	388
1	3516	286001.881615771	389
1	3525	286708.449642034267	390
1	3534	287484.76874534974	391
1	3543	288156.045026611557	392
1	3554	288956.665749941042	393
1	3559	289479.386991122758	394
1	3570	290424.995210347718	395
1	3579	291223.370528267717	396
1	3586	291721.744244545718	397
1	3597	292314.82291915456	398
1	3604	293179.956268239787	399
1	3615	293983.85318624789	400
1	3622	294305.685842363184	401
1	3631	295229.890484455993	402
1	3640	296120.171293476617	403
1	3653	297119.432825222632	404
1	3658	297445.37616907621	405
1	3669	298457.883630786112	406
1	3680	299539.28302852439	407
1	3685	299874.804780632278	408
1	3698	300767.399445315844	409
1	3703	301222.210573218784	410
1	3714	302227.299392782173	411
1	3725	303057.913046842463	412
1	3730	303435.283956583611	413
1	3741	304455.534867569826	414
1	3748	305081.577400490663	415
1	3757	305923.825740208872	416
1	3768	306644.581101229437	417
1	3775	307030.25781484323	418
1	3784	307864.251569984503	419
1	3795	308876.167020946763	420
1	3806	309623.669210867978	421
1	3811	309960.665545240066	422
1	3820	311050.39340062069	423
1	3833	312017.91494311767	424
1	3842	312881.060688570163	425
1	3851	313296.922698011643	426
1	3858	313659.983203327304	427
1	3861	314036.368735134622	428
1	3874	315559.064491046614	429
1	3883	316169.945434061832	430
1	3892	316978.412333875917	431
1	3905	317704.556302819423	432
1	3914	318157.904578512557	433
1	3921	318629.96743465776	434
1	3930	319385.096910875313	435
1	3937	319862.424016557656	436
1	3950	320651.491488469787	437
1	3959	321354.295666934945	438
1	3966	322168.164318474032	439
1	3977	322968.095131265022	440
1	3982	323504.068577243038	441
1	3993	324058.869814965897	442
1	4002	324724.653524206974	443
1	4011	325533.604549616598	444
1	4020	326289.514530217298	445
1	4031	327156.537726614648	446
1	4040	328012.385459058011	447
1	4045	328381.121981889034	448
1	4058	329468.76281574371	449
1	4067	330103.671969054292	450
1	4074	330813.672502990837	451
1	4083	331707.251413632209	452
1	4094	332494.359427364568	453
1	4099	332877.960995212222	454
1	4112	334017.204856826017	455
1	4121	334821.613859804372	456
1	4128	335427.39218291829	457
1	4137	336217.789070773894	458
1	4144	336706.770562799672	459
1	4157	337439.887051004942	460
1	4166	338244.149542367111	461
1	4175	338918.2736668736	462
1	4180	339316.376607120063	463
1	4189	339880.109642911728	464
1	4198	340830.275634303714	465
1	4209	341868.372420547555	466
1	4218	342604.225388495277	467
1	4229	343221.897028153788	468
1	4236	343812.145412201088	469
1	4247	344731.426064344149	470
1	4252	345192.678793519761	471
1	4261	345829.358042730045	472
1	4266	346222.239733301129	473
1	4279	347152.404068782952	474
1	4290	347946.353512303931	475
1	4301	348828.512567421449	476
1	4308	349528.975622355966	477
1	4319	350484.178141225157	478
1	4328	351270.677519263727	479
1	4335	352025.933700939668	480
1	4344	352580.682004988221	481
1	4355	353460.726464353529	482
1	4360	353843.405503034619	483
1	4371	354464.241523062838	484
1	4378	354853.729477850748	485
1	4389	355692.754789162455	486
1	4396	356558.069032710073	487
1	4409	357971.812265273211	488
1	4416	358862.264715414522	489
1	4427	359753.806410776479	490
1	4432	360095.658763172133	491
1	4441	360599.755951529397	492
1	4452	361857.536168396501	493
1	4461	362697.34854432757	494
1	4468	363003.961770795314	495
1	4479	363746.403817506535	496
1	4488	364925.344729051022	497
1	4495	365521.04648100215	498
1	4504	366083.717411477146	499
1	4513	366640.870013739942	500
1	4522	367528.183051245314	501
1	4533	368411.997741367695	502
1	4542	369434.601648431299	503
1	4553	370045.50442965704	504
1	4562	370736.416655033855	505
1	4571	371466.312533151387	506
1	4578	371884.021213324769	507
1	4585	372264.821178093581	508
1	4594	373446.108376979857	509
1	4603	373905.70147410038	510
1	4614	374783.284556865721	511
1	4621	375209.3985941727	512
1	4630	376189.921068074211	513
1	4639	376865.846031624853	514
1	4652	378064.460192341386	515
1	4661	378522.191829560353	516
1	4670	379317.64398710805	517
1	4675	379859.451979491888	518
1	4684	380316.489327326445	519
1	4695	381126.802598219394	520
1	4706	381807.798261847376	521
1	4711	382325.535441096901	522
1	4724	383332.729459740251	523
1	4729	383641.230190219387	524
1	4738	384234.44829583171	525
1	4749	385384.90951610732	526
1	4758	385829.869236191764	527
1	4769	386460.750098386809	528
1	4774	387104.521052073717	529
1	4783	387550.574992876529	530
1	4794	388709.762140223786	531
1	4801	389581.607991457015	532
1	4810	390094.389702659131	533
1	4819	390997.029592841894	534
1	4828	391797.509994311288	535
1	4841	392862.809243844852	536
1	4848	393386.973360786244	537
1	4857	394228.748160833523	538
1	4868	394878.928290260986	539
1	4875	395549.887838121534	540
1	4882	395881.162170879573	541
1	4891	396424.643579637662	542
1	4904	397419.260134035752	543
1	4909	397820.930088451163	544
1	4920	398545.096706645593	545
1	4927	398927.614050731093	546
1	4936	399795.035567041517	547
1	4947	400961.314303614229	548
1	4954	401428.238489851386	549
1	4967	402515.312668355212	550
1	4974	403278.713763831214	551
1	4981	403776.050627371327	552
1	4990	404568.71539768766	553
1	5001	405659.274942660735	554
1	5012	406404.099946003438	555
1	5021	407162.619986711101	556
1	5026	407469.163202354716	557
1	5039	408753.989952709557	558
1	5046	409449.774345941873	559
1	5053	409880.049283616276	560
1	5062	410368.261311203273	561
1	5075	411488.682276103677	562
1	5080	411977.842067554625	563
1	5089	412759.80416997339	564
1	5100	413381.775470590251	565
1	5111	414548.994415998492	566
1	5116	415053.651106311042	567
1	5125	415676.663843169842	568
1	5134	416486.676847748491	569
1	5145	417295.03737073395	570
1	5156	418135.006367135826	571
1	5165	418965.973015688393	572
1	5174	419406.548738339949	573
1	5179	419714.239291939918	574
1	5192	420945.150039531324	575
1	5199	421638.765091449056	576
1	5208	422423.458371218327	577
1	5217	423227.632814599235	578
1	5228	424238.838194590096	579
1	5237	425071.671839291264	580
1	5246	425750.032360525836	581
1	5251	426163.801727397402	582
1	5262	427203.769812779536	583
1	5271	427684.494875371491	584
1	5278	428110.476738726754	585
1	5287	429218.524577328969	586
1	5300	430083.07485119443	587
1	5309	430672.70563161004	588
1	5316	431017.361469380591	589
1	5323	431392.716300487552	590
1	5336	432447.0251027495	591
1	5341	433115.36570945758	592
1	5352	434125.353621644933	593
1	5361	434937.823024950955	594
1	5372	435727.077416377176	595
1	5379	436266.107930056785	596
1	5390	437138.392664864694	597
1	5395	437763.708772044664	598
1	5408	438516.313878167456	599
1	5413	438833.495051879471	600
1	5426	440061.377125326579	601
1	5435	440935.03828849647	602
1	5444	441707.513933675399	603
1	5449	442030.419028876385	604
1	5460	443014.516318263521	605
1	5469	443807.541451184114	606
1	5480	444710.336021566798	607
1	5487	445336.29076131623	608
1	5494	445897.379792248864	609
1	5505	447019.57617499869	610
1	5514	447675.0618705992	611
1	5521	448199.253527820145	612
1	5532	448980.715657956932	613
1	5539	449763.093559909646	614
1	5548	450182.224927470122	615
1	5559	450881.443013576825	616
1	5568	451855.841035628725	617
1	5575	452305.92583897527	618
1	5584	452944.691581092809	619
1	5595	454127.898970758576	620
1	5602	454506.931073684279	621
1	5615	455763.949681352859	622
1	5620	456178.175408905407	623
1	5629	456768.771772971412	624
1	5638	457427.30495575819	625
1	5649	458834.455147851294	626
1	5660	459561.801999388298	627
1	5667	460176.897182688152	628
1	5678	460953.528621001204	629
1	5683	461336.722559435328	630
1	5692	462016.397247137537	631
1	5705	463188.8837849256	632
1	5710	463687.581890635227	633
1	5721	464650.641769822722	634
1	5728	464998.383047897404	635
1	5737	466299.752625077999	636
1	5750	467246.318982588163	637
1	5755	467560.132972989267	638
1	5766	468411.656259745395	639
1	5777	469706.427523680068	640
1	5782	470170.183364488221	641
1	5791	470584.336527669839	642
1	5804	472247.870251815802	643
1	5813	473117.397992452643	644
1	5818	473537.862316612191	645
1	5827	474656.221883883736	646
1	5840	475570.812682807482	647
1	5845	475999.285607412494	648
1	5856	476919.882915169037	649
1	5867	477844.849519478194	650
1	5876	478495.263374783136	651
1	5885	479374.375627795272	652
1	5890	479853.945183008947	653
1	5903	480584.356687730216	654
1	5912	481270.712498808317	655
1	5921	482169.770169211589	656
1	5926	482610.868724389039	657
1	5937	483456.061784829982	658
1	5946	484036.459672870152	659
1	5955	484862.751811975651	660
1	5962	485236.616494646334	661
1	5971	485981.518866587469	662
1	5982	487166.556209977755	663
1	5989	487589.370155101681	664
1	6000	488533.20989795033	665
1	6007	488870.149053493553	666
1	6020	489998.055786034131	667
1	6029	490787.499614059964	668
1	6036	491194.255741126874	669
1	6045	491850.780175114089	670
1	6052	492334.328492498064	671
1	6063	493196.812586858908	672
1	6072	493806.910441350232	673
1	6083	494802.750605391379	674
1	6090	495521.899225143756	675
1	6099	496054.02855835859	676
1	6106	496764.606219576712	677
1	6115	497167.380768572952	678
1	6124	498292.673113010865	679
1	6137	499189.580060821068	680
1	6146	499967.151756444987	681
1	6151	500283.245768677484	682
1	6160	501081.340171722736	683
1	6169	501612.445923406672	684
1	6180	502624.544393504079	685
1	6191	503799.046657886397	686
1	6200	504554.337387392338	687
1	6207	505021.443450171541	688
1	6216	505731.603566603776	689
1	6223	506118.747767200734	690
1	6236	507276.426082709845	691
1	6241	507685.092374682467	692
1	6250	508269.511565007311	693
1	6259	509232.616214314517	694
1	6270	510365.158727858257	695
1	6277	510880.88958291341	696
1	6290	511966.068427311298	697
1	6297	512666.534903738689	698
1	6308	513486.710413126316	699
1	6315	514103.570650331717	700
1	6324	514715.741977142211	701
1	6331	515586.258047539781	702
1	6340	516108.732625236775	703
1	6351	517277.882204856764	704
1	6358	517617.834743298631	705
1	6369	518556.66423230436	706
1	6378	519376.066488493274	707
1	6387	520235.881160851608	708
1	6394	520788.884921511675	709
1	6403	521517.291010636876	710
1	6414	522355.080740153829	711
1	6423	523000.839674659113	712
1	6430	523957.814112072851	713
1	6441	524931.896409345831	714
1	6448	525347.342425072605	715
1	6459	526247.816808661486	716
1	6468	527082.126053748692	717
1	6479	528141.72983346511	718
1	6488	528677.771264640655	719
1	6493	529270.093701733317	720
1	6502	530082.109882263507	721
1	6511	530930.203418573406	722
1	6524	531801.78091255952	723
1	6531	532395.772390114184	724
1	6542	533407.482546614523	725
1	6549	534002.914560539688	726
1	6556	534460.809255391399	727
1	6565	535420.329229719978	728
1	6574	535937.617632933001	729
1	6587	537408.049325505312	730
1	6592	537860.020587639924	731
1	6603	538573.328914074267	732
1	6612	539137.875887006561	733
1	6619	539767.801311006809	734
1	6628	540417.445461871142	735
1	6637	541367.295635165687	736
1	6646	542014.955664658959	737
1	6659	543287.095634965266	738
1	6664	543931.649263389449	739
1	6673	544488.389185862656	740
1	6682	545081.38627926823	741
1	6693	546216.341934492852	742
1	6704	547064.217944070737	743
1	6709	547649.776590708683	744
1	6720	548526.70308239762	745
1	6727	548890.89322714139	746
1	6740	549829.831174621399	747
1	6749	550668.014745321165	748
1	6756	551183.223587740253	749
1	6765	552195.492018945556	750
1	6774	552927.393892547157	751
1	6783	553605.968963820529	752
1	6792	554105.593338562217	753
1	6799	554592.392310826149	754
1	6810	555720.427927700844	755
1	6821	556303.798726340797	756
1	6828	557025.824189186137	757
1	6837	557793.353961501312	758
1	6844	558400.211415812414	759
1	6853	558919.60581354801	760
1	6866	559919.043100671884	761
1	6873	560516.742215585005	762
1	6880	561334.516306780321	763
1	6891	561937.699524220121	764
1	6900	562684.781743772369	765
1	6911	563498.40309941214	766
1	6918	563963.552610296798	767
1	6927	564710.353605961469	768
1	6934	565408.419227460441	769
1	6947	566432.831781869795	770
1	6952	566790.583994938101	771
1	6965	567959.683309821453	772
1	6974	568674.721553782042	773
1	6983	569321.193173155229	774
1	6992	570176.458463771309	775
1	6999	570705.207653576548	776
1	7008	571282.043047249357	777
1	7015	572154.133671009954	778
1	7028	573090.336618712213	779
1	7033	573418.620648840483	780
1	7042	574133.803255436983	781
1	7051	574770.963102299761	782
1	7062	575435.705029545393	783
1	7073	576322.340724896681	784
1	7078	576695.288971345913	785
1	7087	577396.947890566703	786
1	7096	578135.07776814517	787
1	7105	579044.333183812018	788
1	7118	580084.679931448813	789
1	7125	580669.862339599099	790
1	7132	581239.018155075651	791
1	7141	582074.453107640188	792
1	7150	583163.443239172961	793
1	7161	583822.339788358699	794
1	7168	584304.844286665361	795
1	7179	585939.848696580197	796
1	7190	586806.2030999456	797
1	7199	587357.739325705956	798
1	7206	588131.619616504799	799
1	7213	588621.926998207386	800
1	7222	589828.540600603487	801
1	7233	590507.91303687733	802
1	7244	591368.180240923578	803
1	7251	591954.627665458286	804
1	7262	592853.016916662494	805
1	7269	593452.440852485637	806
1	7280	594501.843472430522	807
1	7285	594894.39215529714	808
1	7294	595429.285028670022	809
1	7303	596265.357983764301	810
1	7312	597129.652638081502	811
1	7325	598081.568162189837	812
1	7330	598529.926110059063	813
1	7339	598908.822169527452	814
1	7348	600019.46906154048	815
1	7361	601043.670190824237	816
1	7366	601571.062368108001	817
1	7377	602464.44360902537	818
1	7384	603101.593727432232	819
1	7393	603610.393020557281	820
1	7402	604584.410454612266	821

