version 2
run Pipelined_3Teachers-5-20190105-10:57:18-11540
attr configname Pipelined_3Teachers
attr datetime 20190105-10:57:18
attr experiment Pipelined_3Teachers
attr inifile ../simulations/omnetpp.ini
attr iterationvars "$0=\"uniform\""
attr iterationvarsf uniform-
attr measurement "$0=\"uniform\""
attr network PipelinedExamSession
attr processid 11540
attr repetition 5
attr replication #5
attr resultdir results
attr runnumber 5
attr seedset 5
param **.teachersNumber 3
param **.answerTimeDistribution "\"uniform\""
param **.minUniform 300
param **.maxUniform 900
param **.scaleLognormal 6.2854
param **.shapeLognormal 0.4724

vector 0 PipelinedExamSession examinationTime:vector ETV
attr source examFinished
vector 1 PipelinedExamSession studentID:vector ETV
attr source student
0	3158	260408.087244210791	2161.804912705
0	3165	261100.420594867345	2100.9998414665
0	3172	261521.052911505129	1633.0978353973
0	3181	262066.89132233153	1658.8040781207
0	3192	262895.889015309539	1703.3431548625
0	3199	263428.711963305276	1723.4187645838
0	3210	264410.573167679858	1975.1978949644
0	3219	265340.062506822897	2373.575674044
0	3228	266052.086663525579	2287.9431277514
0	3239	266793.638954311637	2265.1776320301
0	3244	267352.8223095462	1927.7743095998
0	3253	268180.87043543349	1894.5729325991
0	3264	268995.380696095554	2201.7417417839
0	3273	269887.617284478648	2425.2737713046
0	3280	270783.281699521495	2428.8741638884
0	3291	271484.875569306342	2317.6206364296
0	3298	272079.829752165852	2039.3045067787
0	3311	273309.686470124899	2398.8305145409
0	3318	273979.837361583515	2225.7854425348
0	3327	274422.138821706204	1806.7712532822
0	3334	275045.951166283368	1736.2646961585
0	3343	275747.934741759701	1680.557042174
0	3352	276358.039023634074	1661.3599106669
0	3361	277045.285392366377	1474.3756384123
0	3372	277751.561117218835	1750.8414785843
0	3381	278691.656207386432	2059.8323115148
0	3390	279429.684128193213	2114.083007304
0	3397	280012.118083052365	1976.7817534972
0	3406	280664.296165108708	1754.1946258396
0	3417	281459.058951772778	1783.6261220276
0	3426	282288.964902609615	2183.3656660281
0	3435	283036.800053436337	2135.3577103
0	3444	283804.208171507372	2318.6347602401
0	3455	284693.065316230087	2345.3116220422
0	3460	285013.657533936231	1903.0290879775
0	3473	286051.622773753508	2195.4960408155
0	3478	286401.807267218857	1708.7419509888
0	3491	287743.289967114135	2297.2998856567
0	3500	288619.520908780425	2567.8981350269
0	3505	289000.784624554246	2068.1537715252
0	3514	289734.574587643175	1991.284620529
0	3523	290347.896032827004	1728.3751240466
0	3532	291398.960439814284	1925.8232970256
0	3541	291936.39085041362	1952.1859455854
0	3550	292587.937488220662	1765.2685525361
0	3563	293631.300039868832	2067.8503865842
0	3568	293947.769149951667	1512.0688852854
0	3581	295013.278607837886	2090.3503580019
0	3588	295417.995835002542	1786.6957951337
0	3595	295922.211323585392	1775.1495931763
0	3604	296809.808890381859	1796.530282544
0	3613	297678.20501443933	1904.0630592965
0	3626	298585.627107974173	2130.4276282433
0	3635	299443.174649728493	2267.9749259725
0	3640	299914.171385904805	2167.3824568279
0	3649	300654.607924539627	2068.9808165655
0	3660	301883.922014851154	2440.7473651227
0	3669	302688.197013689236	2375.8757269476
0	3676	303360.123998299272	2181.9450994022
0	3687	303875.026128022032	1855.0638349727
0	3694	304448.686466971444	1718.6303429771
0	3703	305155.45310941528	1609.9979440682
0	3714	306155.388695932957	1934.1830930673
0	3721	306768.938756268503	1670.0971074868
0	3732	307734.484297642516	1949.6304681525
0	3739	308186.30324690606	2008.6018245667
0	3750	309165.334130823645	2129.9127224833
0	3757	309711.709853494573	1833.3718368318
0	3770	311175.741805834728	2438.0949472077
0	3779	311809.907675022292	2265.3122073971
0	3786	312328.261296730521	2036.3167055883
0	3795	313057.012251159209	1881.2704453245
0	3806	313865.427520126137	2055.5198451038
0	3813	314285.242513194713	1711.4889447112
0	3820	314758.792582992497	1599.9367353972
0	3831	315482.834301330182	1617.406781204
0	3840	316132.885422790456	1661.7895491421
0	3847	316692.477097408879	1675.5717690568
0	3852	317083.509045420247	1539.9083782453
0	3865	317947.416733950409	1698.6774292309
0	3874	318628.789763990823	1483.8839007542
0	3883	318941.946481866795	1452.49961433
0	3894	320125.701530976253	1790.236284351
0	3901	320484.037859458508	1811.0728207044
0	3914	321868.405864527481	2527.7091172524
0	3919	322326.101213833349	2120.0369347818
0	3928	323059.37384683642	1986.3544750493
0	3937	323855.669347196849	1987.2634826694
0	3948	324865.630421368437	2145.8833163604
0	3955	325263.409075420382	1649.1874197498
0	3968	326407.027013087677	1995.1774402522
0	3977	327026.460084132882	1922.6559906732
0	3986	327700.872477516564	2096.877001645
0	3993	328182.342220377209	1775.3152072895
0	4000	328700.668385485219	1674.2083013523
0	4013	329904.743565106796	2203.8710875902
0	4022	330719.11553903486	2273.4183439985
0	4029	331247.036259435149	2191.3013757672
0	4036	331944.14492743093	2039.4013623241
0	4045	332428.475280851157	1709.3597418163
0	4054	332996.909898659245	1456.3198699616
0	4065	333833.080557826937	1674.4061269797
0	4076	334603.842797409774	2051.2071163394
0	4085	335362.698057945849	2243.8626682386
0	4090	335688.189947884561	1702.8415419627
0	4099	336669.156447937744	2065.313650528
0	4110	337716.036557313087	2353.3384993672
0	4119	338211.900188773903	2058.3421516232
0	4126	338882.788311084764	1852.0850704517
0	4135	339356.97305146608	1610.302443523
0	4146	340335.956568550351	2067.5560323056
0	4155	340987.149836774948	1841.5304827038
0	4164	341716.558860568363	1899.3100202177
0	4173	342534.033340634812	2185.8011439443
0	4182	343280.002142814953	2126.2396836653
0	4191	344056.635823007707	2232.5515226461
0	4202	345119.464442040805	2484.4105448574
0	4209	345437.424126500298	1959.888380114
0	4216	345748.440536996384	1376.8415078055
0	4229	347036.76825743172	1917.3038153909
0	4236	347916.577666159753	2242.529741535
0	4245	348582.744970545207	2049.1662459914
0	4254	349298.058933718165	2261.2906762864
0	4263	350217.062903987279	2294.5529651362
0	4274	350777.750376937946	2089.9533508345
0	4283	351537.274757539889	1959.4032323454
0	4292	352206.702232779971	1808.7957564276
0	4297	352826.954343169964	2049.203966232
0	4306	353453.377301758191	1916.1025442183
0	4317	354093.255858589	1886.553625809
0	4326	354767.625501751936	1747.266237298
0	4333	355692.814534250683	2011.0828785226
0	4342	356582.346347579769	2308.4614809137
0	4355	357693.57565627437	2575.1689487603
0	4360	358037.050885381214	2032.9480599146
0	4369	358844.102404871992	1981.3055885956
0	4380	360085.505317803508	2391.9296615291
0	4387	360436.434367345682	1985.4154311586
0	4396	361338.836156576908	2033.0279145855
0	4405	362019.117328338361	1891.960022226
0	4418	362899.788597878105	2160.8019720297
0	4425	363330.224969051815	1697.793579055
0	4432	364114.130757423155	2017.5355559215
0	4441	364826.917991554401	1927.1293936763
0	4454	365560.371096991038	1857.811971847
0	4459	366055.628107348492	1650.0696534757
0	4472	367059.196996176651	2174.2796934675
0	4481	367830.205474421418	2269.8343774304
0	4486	368301.245186012274	1857.1498360019
0	4495	368783.476111153177	1724.2791149765
0	4508	369698.327575251497	1868.1221008301
0	4517	370404.994611628391	1728.758459352
0	4526	371217.338843084909	1985.4694142472
0	4535	371920.104585913979	2221.7770106625
0	4542	372637.482934445181	2232.4883228168
0	4551	373188.235084433147	1970.8962413482
0	4558	373511.01007000547	1590.9054840915
0	4567	374148.581823008172	1481.5583530348
0	4576	374755.124675575682	1545.7674186677
0	4589	375792.377264751159	1955.0755888224
0	4596	376324.707027711012	1844.9685580563
0	4603	376871.324272407257	1862.6272577327
0	4612	377632.214738382065	1839.8374736309
0	4625	378298.528735712209	1740.2208797168
0	4634	379155.598625773602	1828.4043072257
0	4643	379841.270847665184	2044.4337157533
0	4650	380510.533469729164	2212.004734017
0	4659	381330.341543862635	2174.742918089
0	4670	382000.000840472096	2158.7299928069
0	4677	382797.970115114042	2276.2448230293
0	4684	383508.99549932223	2117.9433695041
0	4695	384163.735857093745	2163.7350166216
0	4702	384694.020235491955	1851.2119531631
0	4715	385690.534587018231	1979.6474992298
0	4722	386153.626995720008	1979.0050654672
0	4729	386960.02134955492	2083.435788285
0	4740	387609.615486022124	1919.0808990039
0	4747	388416.085562249685	2203.1187563203
0	4756	389091.90848772418	1985.7592227403
0	4767	389794.016387639606	1842.1243198682
0	4774	390583.270739950279	1915.9343363252
0	4785	391485.170324379618	2078.7332079839
0	4792	392028.453781502361	1899.5408557355
0	4801	392798.794339550698	1822.305190796
0	4810	393469.012585049534	1824.9916370027
0	4819	394055.091089196542	1596.8930372503
0	4828	395173.164526233489	2011.1555925105
0	4837	396014.86339252446	2086.1212754622
0	4850	397052.587650949174	2295.5295374617
0	4857	397815.981130488256	2337.5304359011
0	4868	398539.157769782508	2333.0149202608
0	4873	399067.905886564443	2015.3182356153
0	4884	399901.493473257909	1985.1941128727
0	4891	400249.548509996424	1710.3907402139
0	4902	400720.298830792347	1355.3126910701
0	4911	401341.949729807714	1421.1751742754
0	4920	401965.245546866247	1604.8682358116
0	4927	402379.981249664018	1393.53100718
0	4940	403547.596334712619	2101.005987497
0	4945	404294.786676205734	2205.3002660628
0	4956	404965.193059528286	2019.2084355745
0	4963	405411.520570004398	1863.9242352918
0	4974	406604.493278777267	2229.9879777711
0	4981	407034.162332257296	1769.5922083687
0	4992	408217.644210252952	2254.3372294866
0	5001	408710.322182485874	1979.3668027036
0	5008	409374.71105013978	1777.9079487082
0	5021	410780.067799519787	2399.4366609491
0	5026	411183.724572463001	2112.0926890522
0	5037	412405.857583601067	2498.0510340538
0	5048	413291.914058290461	2511.8462587707
0	5055	414141.016364051068	2494.0670202021
0	5066	415040.570438141042	2609.2540652957
0	5075	415763.351156003812	2471.4370977134
0	5082	416323.966195760334	2155.5478257593
0	5091	416778.619542717973	1738.0491045769
0	5098	417451.087504718492	1687.7363487147
0	5107	418283.918017661238	1933.2917503081
0	5118	419502.072076918597	2445.0154866558
0	5127	420198.598492099012	2283.0234933179
0	5138	420975.010760966729	2303.3350379672
0	5145	421802.824913151603	2286.7430899758
0	5152	422262.166811479296	2000.2801488619
0	5161	422903.44474548478	1928.4339845181
0	5170	423952.596843475517	2111.4317993168
0	5179	424492.819385323715	1944.2688623909
0	5192	425272.126576770139	1901.2070920318
0	5197	425928.170704655391	1799.7404543683
0	5206	426834.026564983693	2129.4471080415
0	5215	427319.246590510053	2047.1200137399
0	5224	428121.802148642061	1963.6499470565
0	5235	429282.615256821779	2330.6570798624
0	5244	430001.978343213019	2220.4421741422
0	5251	430479.480812000153	1927.9573959298
0	5262	431340.544351888864	2053.6949402187
0	5271	431887.135259108661	1809.4478366431
0	5280	432866.299788840159	2122.3493691534
0	5287	433224.305209564089	1763.768216176
0	5296	434313.002151064618	2210.2514386643
0	5309	435208.836834412112	2277.7986011468
0	5314	435535.753326863094	1890.5708793551
0	5327	436966.76700082612	2425.5970421713
0	5334	437555.001949612096	2346.1651152
0	5345	438600.173908285841	2511.1061430071
0	5352	439028.578701848209	2061.8117010221
0	5361	439663.969905255407	1825.1793282107
0	5368	440052.957173623189	1452.7832653373
0	5377	441168.692164868161	1902.3163388483
0	5390	442368.107776204169	2324.7109092772
0	5399	443258.409874700055	2436.8411009666
0	5404	443566.822395008103	1878.7496854551
0	5415	444639.600937720434	2271.4931615163
0	5422	445415.295634511904	2156.8857598118
0	5431	446175.415303325327	2078.9631882682
0	5442	446881.40710671437	2132.1156817954
0	5449	447673.340557375969	2054.7936374322
0	5460	448539.336382644297	2273.7516848836
0	5467	448869.599360274197	1747.0131081529
0	5478	449960.19312785943	2122.7219905704
0	5485	450310.613217903347	1720.6761427224
0	5498	451603.03458580752	2116.5509618819
0	5507	452369.517198577571	2190.1656114031
0	5512	452968.925576889935	2170.8549038507
0	5523	453689.873729506555	2086.839143699
0	5530	454324.821824301082	1955.3046257235
0	5535	454677.007195679519	1518.7434948049
0	5552	456196.642920328352	2271.0810347926
0	5561	456818.669149512473	2070.7938660868
0	5568	457257.078735111329	1672.0219524577
0	5575	457868.968102522242	1672.3251821939
0	5586	458756.68788263579	1938.0187331233
0	5597	459531.609479058581	2208.2705644425
0	5602	460115.934597048956	2054.0592621546
0	5611	460646.36709806514	1839.8851067293
0	5624	461604.041540622758	2072.4320615642
0	5633	462250.466633867519	1987.4556400347
0	5638	462880.620142165618	1897.1984114964
0	5647	463325.545254070358	1721.5037134476
0	5658	463999.226891901391	1748.7602580339
0	5667	465043.658878421458	2020.0998903718
0	5678	465848.513359017718	2298.65546613
0	5685	466421.516092261347	1978.1106053386
0	5696	467086.111625377137	2013.6724212673
0	5705	467953.855835460175	2105.3424764425
0	5714	468753.377333516304	2273.3173551969
0	5723	469613.380806008403	2527.2691806313
0	5728	469943.956566788305	1990.1007313281
0	5737	470508.022121340085	1754.6447878238
0	5750	471610.048534674619	1996.6677286662
0	5755	472083.431310206701	1874.5783398394
0	5766	472837.968565011446	1848.7303686328
0	5773	473604.149589082275	1994.1010544077
0	5784	474862.148501817186	2392.4015151802
0	5791	475510.169610707138	2325.7797149476
0	5802	476542.299379594674	2557.4158766773
0	5809	477069.15379492571	2202.1248970181
0	5818	477654.61030723532	1893.9569437411
0	5829	478263.051825994675	1710.1293701213
0	5838	478790.540475491484	1495.2627225313
0	5845	479491.588232154076	1792.7742712665
0	5854	480027.0980381873	1666.1263008602
0	5863	480694.313577655754	1524.9781900551
0	5872	481454.87478277651	1499.9700693414
0	5883	482298.687977017885	1649.4467153214
0	5894	482939.067774312621	1819.6092379745
0	5903	483834.938763734004	2265.8021532465
0	5910	484418.941196752763	2081.8364928011
0	5919	485277.612366294539	2338.5445919819
0	5926	485918.889960832945	2083.9511970989
0	5935	486818.598015373624	2311.048720032
0	5948	487575.659882789529	2261.5880314261
0	5955	488170.394615409947	2004.3552829418
0	5966	488906.360989529691	1937.2836252674
0	5973	489318.24473552411	1742.5848527346
0	5982	490375.46391952788	2157.4516296387
0	5989	490855.167443957231	1948.8064544275
0	5998	491657.416462060116	1981.3864215743
0	6009	492497.187572484887	1999.3971187156
0	6016	492816.662693582526	1832.6360014267
0	6021	493249.84765565028	1404.4874254614
0	6036	494411.71009889809	1880.0639652181
0	6043	494964.287506789021	1689.8438618984
0	6052	495521.359583828649	1641.7375063989
0	6063	496794.87825650727	2269.5469984319
0	6070	497607.957870466687	2199.4545918424
0	6079	498276.649788720586	2111.2264105584
0	6088	499013.212058460392	1976.3053203933
0	6101	500172.573599126243	2343.8031060621
0	6108	500795.512829627895	2082.7796544414
0	6115	501156.414802931302	1698.8468548749
0	6124	501953.070061700472	1780.4964625742
0	6135	502824.073402723351	1881.3107253984
0	6142	503304.784174589494	1762.869664561
0	6151	504296.542662754708	1894.8168174829
0	6164	505333.25417521415	2420.1918294188
0	6173	506220.31395658856	2445.5661885906
0	6178	506605.85477468563	1953.4933295567
0	6191	507653.706407267654	2320.4522320535
0	6200	508368.888430064598	2148.574473476
0	6205	509036.863684281761	1973.1233626138
0	6216	509923.524890514145	2269.8184832465
0	6227	510628.770949132795	2259.8825190682
0	6234	511173.533518659005	2009.5432674978
0	6245	512049.768990604261	2095.5429753754
0	6250	512389.664802560637	1760.8938534278
0	6261	513234.854489425251	1965.299844509
0	6268	513575.122425053322	1525.3534344491
0	6279	514531.041636737118	1808.2420114428
0	6290	515145.478361751939	1851.999251917
0	6297	515875.144793791751	1903.7129024975
0	6308	516524.896619841511	1894.3143162411
0	6317	517004.870948614607	1859.3925868627
0	6326	517903.214752860422	1981.5727881622
0	6333	518305.467839352841	1780.5712195113
0	6340	518899.729534518028	1894.8585859034
0	6351	519867.786759696956	1964.5720068365
0	6358	520546.788685955163	1806.9209433161
0	6369	521360.908798920047	1881.877572136
0	6380	522399.363307049553	2408.7515907828
0	6389	522947.735200496446	2110.3902620729
0	6394	523274.216212425437	1680.6498005055
0	6403	524109.519113972838	1710.1558069233
0	6414	525060.229007760119	2112.4938072637
0	6423	525861.621560622063	2187.685597362
0	6430	526206.532935379129	1896.3336803019
0	6441	527323.870283179041	2215.955484286
0	6448	528117.623614473324	2189.7496991325
0	6457	528588.022427866291	2010.0118407514
0	6466	529604.203560249937	2211.9479589164
0	6477	530090.906302956921	1820.6697849557
0	6484	530397.780292527807	1380.7872681879
0	6493	531399.443887034488	1724.9834032729
0	6504	532279.164564376754	1980.9891732875
0	6511	532600.05679177126	1540.0978349615
0	6520	533353.796924511028	1548.4591282904
0	6529	534269.981643324775	1947.9204274714
0	6538	534995.729428483231	1948.0456973892
0	6547	535546.907226182578	1869.1090285778
0	6558	536458.573070867046	2059.2001169454
0	6569	537267.241738038197	2140.3248973656
0	6574	537624.04326936236	1888.1019235589
0	6587	538961.728191096395	2471.9537230209
0	6594	539657.063708547562	2389.8219705094
0	6605	540509.228619234696	2355.2463396918
0	6612	541235.922815138534	2274.1946240421
0	6621	542190.757191879734	2501.3534497004
0	6630	543000.97077274701	2491.7421535123
0	6637	543453.381226630941	2067.9077773355
0	6646	544329.885237291515	2105.7951802388
0	6655	544991.514671780229	1873.4045949765
0	6666	545792.228923877761	1892.2361575998
0	6673	546472.939267940879	1888.8496030122
0	6682	547077.074289601355	1683.7161820382
0	6691	547570.299269026206	1746.8188047409
0	6702	549040.363116329596	2374.9398625921
0	6713	549676.250990107716	2211.818958493
0	6722	550446.252594469176	2090.7755984925
0	6727	550832.822236698182	1671.234827349
0	6736	551548.522080620812	1872.2710905131
0	6745	552139.681284176247	1693.4286897071
0	6756	552776.371019426795	1696.5379108675
0	6765	553575.361412018599	1634.4041189644
0	6772	554259.359285328599	1897.17477425
0	6783	555098.83115035488	2238.868047623
0	6794	555961.390913045096	2306.9159051869
0	6803	556846.534220036181	2295.2809443232
0	6812	557706.040931213709	2459.9728660192
0	6821	558528.996728221016	2567.6058151759
0	6830	559408.667833171846	2562.1336131357
0	6837	560157.47775854549	2451.4368273318
0	6848	561013.233742816435	2484.2370145954
0	6853	561349.704879848348	1941.0370466765
0	6866	562457.17422491877	2237.9415490665
0	6871	562936.71339559375	1923.4796527773
0	6882	563918.381496565478	2050.4129164852
0	6893	564546.912744361969	2089.7385194432
0	6900	564975.990387518021	1700.8490282111
0	6907	565470.104569243329	1512.8134838305
0	6918	566503.4455016256	1956.5327572636
0	6925	566844.666283065515	1709.4828980975
0	6934	567449.550855858313	1440.5311510898
0	6943	568496.617683302673	1836.9980989024
0	6956	569618.8258646988	2412.9930063151
0	6965	570318.31219349994	2406.3739242498
0	6974	571107.038687635275	2319.2174283788
0	6981	571580.04969796172	1961.2238332629
0	6990	572378.701258264544	2060.3890647646
0	6997	572848.43103932223	1741.392351687
0	7010	573997.972370032284	2304.2928183451
0	7015	574351.924719521839	1880.4832580499
0	7024	575296.502481959824	2034.7370219417
0	7037	576462.514131143752	2464.5417611115
0	7044	577221.036830451402	2460.0895555224
0	7055	577860.169417318019	2289.9552717805
0	7064	578686.88533944084	2224.3712082971
0	7073	579526.347149536076	2252.7003948111
0	7078	580192.287797341186	2332.1183800232
0	7087	580635.769610479536	1948.8842710387
0	7096	581434.417442651528	1908.0702931155
0	7109	582888.456551777261	2463.3085346315
0	7114	583707.865679450395	2422.0807607286
0	7123	584176.309207873481	2093.8040140551
0	7134	585112.087191687959	2223.6306399107
0	7143	585700.724131241503	1923.7311176956
0	7154	586624.87392104237	2354.1638261173
0	7159	586941.16888465366	1784.2341313139
0	7172	587950.739678274902	2207.4188115075
0	7177	588530.98792685202	1906.1140058097
0	7186	589229.430521093371	2120.6152358092
0	7195	589715.451762965011	1764.7120846901
0	7208	590875.989900576012	2103.7556991912
0	7215	591453.886503260644	1934.9435328506
0	7222	592006.695856293725	1876.5472937375
0	7231	592513.051661895649	1637.0617613196
0	7242	593682.523348974125	1913.7992726639
0	7249	594462.478487519608	2326.6318514943
0	7262	595446.011883672388	2410.6158523355
0	7267	595999.388283630894	2181.4203134738
0	7278	596943.106918176698	2291.2473969162
0	7285	597285.908532701495	1839.8966490291
0	7298	598240.288720792222	1903.2136317808
0	7305	598674.193898309085	1722.2842572257
0	7314	599662.86768880679	2100.0067461748
0	7325	600455.790701787981	2215.5019809958
0	7330	600905.41613744578	1948.434509011
0	7339	601370.014426857295	1573.0843957979
0	7350	602317.665161378743	1861.8744595908
0	7357	602771.543466160136	1553.1513717491
0	7370	603962.372591067167	2356.0066140722
1	3158	260408.087244210791	349
1	3165	261100.420594867345	350
1	3172	261521.052911505129	351
1	3181	262066.89132233153	352
1	3192	262895.889015309539	353
1	3199	263428.711963305276	354
1	3210	264410.573167679858	355
1	3219	265340.062506822897	356
1	3228	266052.086663525579	357
1	3239	266793.638954311637	358
1	3244	267352.8223095462	359
1	3253	268180.87043543349	360
1	3264	268995.380696095554	361
1	3273	269887.617284478648	362
1	3280	270783.281699521495	363
1	3291	271484.875569306342	364
1	3298	272079.829752165852	365
1	3311	273309.686470124899	366
1	3318	273979.837361583515	367
1	3327	274422.138821706204	368
1	3334	275045.951166283368	369
1	3343	275747.934741759701	370
1	3352	276358.039023634074	371
1	3361	277045.285392366377	372
1	3372	277751.561117218835	373
1	3381	278691.656207386432	374
1	3390	279429.684128193213	375
1	3397	280012.118083052365	376
1	3406	280664.296165108708	377
1	3417	281459.058951772778	378
1	3426	282288.964902609615	379
1	3435	283036.800053436337	380
1	3444	283804.208171507372	381
1	3455	284693.065316230087	382
1	3460	285013.657533936231	383
1	3473	286051.622773753508	384
1	3478	286401.807267218857	385
1	3491	287743.289967114135	386
1	3500	288619.520908780425	387
1	3505	289000.784624554246	388
1	3514	289734.574587643175	389
1	3523	290347.896032827004	390
1	3532	291398.960439814284	391
1	3541	291936.39085041362	392
1	3550	292587.937488220662	393
1	3563	293631.300039868832	394
1	3568	293947.769149951667	395
1	3581	295013.278607837886	396
1	3588	295417.995835002542	397
1	3595	295922.211323585392	398
1	3604	296809.808890381859	399
1	3613	297678.20501443933	400
1	3626	298585.627107974173	401
1	3635	299443.174649728493	402
1	3640	299914.171385904805	403
1	3649	300654.607924539627	404
1	3660	301883.922014851154	405
1	3669	302688.197013689236	406
1	3676	303360.123998299272	407
1	3687	303875.026128022032	408
1	3694	304448.686466971444	409
1	3703	305155.45310941528	410
1	3714	306155.388695932957	411
1	3721	306768.938756268503	412
1	3732	307734.484297642516	413
1	3739	308186.30324690606	414
1	3750	309165.334130823645	415
1	3757	309711.709853494573	416
1	3770	311175.741805834728	417
1	3779	311809.907675022292	418
1	3786	312328.261296730521	419
1	3795	313057.012251159209	420
1	3806	313865.427520126137	421
1	3813	314285.242513194713	422
1	3820	314758.792582992497	423
1	3831	315482.834301330182	424
1	3840	316132.885422790456	425
1	3847	316692.477097408879	426
1	3852	317083.509045420247	427
1	3865	317947.416733950409	428
1	3874	318628.789763990823	429
1	3883	318941.946481866795	430
1	3894	320125.701530976253	431
1	3901	320484.037859458508	432
1	3914	321868.405864527481	433
1	3919	322326.101213833349	434
1	3928	323059.37384683642	435
1	3937	323855.669347196849	436
1	3948	324865.630421368437	437
1	3955	325263.409075420382	438
1	3968	326407.027013087677	439
1	3977	327026.460084132882	440
1	3986	327700.872477516564	441
1	3993	328182.342220377209	442
1	4000	328700.668385485219	443
1	4013	329904.743565106796	444
1	4022	330719.11553903486	445
1	4029	331247.036259435149	446
1	4036	331944.14492743093	447
1	4045	332428.475280851157	448
1	4054	332996.909898659245	449
1	4065	333833.080557826937	450
1	4076	334603.842797409774	451
1	4085	335362.698057945849	452
1	4090	335688.189947884561	453
1	4099	336669.156447937744	454
1	4110	337716.036557313087	455
1	4119	338211.900188773903	456
1	4126	338882.788311084764	457
1	4135	339356.97305146608	458
1	4146	340335.956568550351	459
1	4155	340987.149836774948	460
1	4164	341716.558860568363	461
1	4173	342534.033340634812	462
1	4182	343280.002142814953	463
1	4191	344056.635823007707	464
1	4202	345119.464442040805	465
1	4209	345437.424126500298	466
1	4216	345748.440536996384	467
1	4229	347036.76825743172	468
1	4236	347916.577666159753	469
1	4245	348582.744970545207	470
1	4254	349298.058933718165	471
1	4263	350217.062903987279	472
1	4274	350777.750376937946	473
1	4283	351537.274757539889	474
1	4292	352206.702232779971	475
1	4297	352826.954343169964	476
1	4306	353453.377301758191	477
1	4317	354093.255858589	478
1	4326	354767.625501751936	479
1	4333	355692.814534250683	480
1	4342	356582.346347579769	481
1	4355	357693.57565627437	482
1	4360	358037.050885381214	483
1	4369	358844.102404871992	484
1	4380	360085.505317803508	485
1	4387	360436.434367345682	486
1	4396	361338.836156576908	487
1	4405	362019.117328338361	488
1	4418	362899.788597878105	489
1	4425	363330.224969051815	490
1	4432	364114.130757423155	491
1	4441	364826.917991554401	492
1	4454	365560.371096991038	493
1	4459	366055.628107348492	494
1	4472	367059.196996176651	495
1	4481	367830.205474421418	496
1	4486	368301.245186012274	497
1	4495	368783.476111153177	498
1	4508	369698.327575251497	499
1	4517	370404.994611628391	500
1	4526	371217.338843084909	501
1	4535	371920.104585913979	502
1	4542	372637.482934445181	503
1	4551	373188.235084433147	504
1	4558	373511.01007000547	505
1	4567	374148.581823008172	506
1	4576	374755.124675575682	507
1	4589	375792.377264751159	508
1	4596	376324.707027711012	509
1	4603	376871.324272407257	510
1	4612	377632.214738382065	511
1	4625	378298.528735712209	512
1	4634	379155.598625773602	513
1	4643	379841.270847665184	514
1	4650	380510.533469729164	515
1	4659	381330.341543862635	516
1	4670	382000.000840472096	517
1	4677	382797.970115114042	518
1	4684	383508.99549932223	519
1	4695	384163.735857093745	520
1	4702	384694.020235491955	521
1	4715	385690.534587018231	522
1	4722	386153.626995720008	523
1	4729	386960.02134955492	524
1	4740	387609.615486022124	525
1	4747	388416.085562249685	526
1	4756	389091.90848772418	527
1	4767	389794.016387639606	528
1	4774	390583.270739950279	529
1	4785	391485.170324379618	530
1	4792	392028.453781502361	531
1	4801	392798.794339550698	532
1	4810	393469.012585049534	533
1	4819	394055.091089196542	534
1	4828	395173.164526233489	535
1	4837	396014.86339252446	536
1	4850	397052.587650949174	537
1	4857	397815.981130488256	538
1	4868	398539.157769782508	539
1	4873	399067.905886564443	540
1	4884	399901.493473257909	541
1	4891	400249.548509996424	542
1	4902	400720.298830792347	543
1	4911	401341.949729807714	544
1	4920	401965.245546866247	545
1	4927	402379.981249664018	546
1	4940	403547.596334712619	547
1	4945	404294.786676205734	548
1	4956	404965.193059528286	549
1	4963	405411.520570004398	550
1	4974	406604.493278777267	551
1	4981	407034.162332257296	552
1	4992	408217.644210252952	553
1	5001	408710.322182485874	554
1	5008	409374.71105013978	555
1	5021	410780.067799519787	556
1	5026	411183.724572463001	557
1	5037	412405.857583601067	558
1	5048	413291.914058290461	559
1	5055	414141.016364051068	560
1	5066	415040.570438141042	561
1	5075	415763.351156003812	562
1	5082	416323.966195760334	563
1	5091	416778.619542717973	564
1	5098	417451.087504718492	565
1	5107	418283.918017661238	566
1	5118	419502.072076918597	567
1	5127	420198.598492099012	568
1	5138	420975.010760966729	569
1	5145	421802.824913151603	570
1	5152	422262.166811479296	571
1	5161	422903.44474548478	572
1	5170	423952.596843475517	573
1	5179	424492.819385323715	574
1	5192	425272.126576770139	575
1	5197	425928.170704655391	576
1	5206	426834.026564983693	577
1	5215	427319.246590510053	578
1	5224	428121.802148642061	579
1	5235	429282.615256821779	580
1	5244	430001.978343213019	581
1	5251	430479.480812000153	582
1	5262	431340.544351888864	583
1	5271	431887.135259108661	584
1	5280	432866.299788840159	585
1	5287	433224.305209564089	586
1	5296	434313.002151064618	587
1	5309	435208.836834412112	588
1	5314	435535.753326863094	589
1	5327	436966.76700082612	590
1	5334	437555.001949612096	591
1	5345	438600.173908285841	592
1	5352	439028.578701848209	593
1	5361	439663.969905255407	594
1	5368	440052.957173623189	595
1	5377	441168.692164868161	596
1	5390	442368.107776204169	597
1	5399	443258.409874700055	598
1	5404	443566.822395008103	599
1	5415	444639.600937720434	600
1	5422	445415.295634511904	601
1	5431	446175.415303325327	602
1	5442	446881.40710671437	603
1	5449	447673.340557375969	604
1	5460	448539.336382644297	605
1	5467	448869.599360274197	606
1	5478	449960.19312785943	607
1	5485	450310.613217903347	608
1	5498	451603.03458580752	609
1	5507	452369.517198577571	610
1	5512	452968.925576889935	611
1	5523	453689.873729506555	612
1	5530	454324.821824301082	613
1	5535	454677.007195679519	614
1	5552	456196.642920328352	615
1	5561	456818.669149512473	616
1	5568	457257.078735111329	617
1	5575	457868.968102522242	618
1	5586	458756.68788263579	619
1	5597	459531.609479058581	620
1	5602	460115.934597048956	621
1	5611	460646.36709806514	622
1	5624	461604.041540622758	623
1	5633	462250.466633867519	624
1	5638	462880.620142165618	625
1	5647	463325.545254070358	626
1	5658	463999.226891901391	627
1	5667	465043.658878421458	628
1	5678	465848.513359017718	629
1	5685	466421.516092261347	630
1	5696	467086.111625377137	631
1	5705	467953.855835460175	632
1	5714	468753.377333516304	633
1	5723	469613.380806008403	634
1	5728	469943.956566788305	635
1	5737	470508.022121340085	636
1	5750	471610.048534674619	637
1	5755	472083.431310206701	638
1	5766	472837.968565011446	639
1	5773	473604.149589082275	640
1	5784	474862.148501817186	641
1	5791	475510.169610707138	642
1	5802	476542.299379594674	643
1	5809	477069.15379492571	644
1	5818	477654.61030723532	645
1	5829	478263.051825994675	646
1	5838	478790.540475491484	647
1	5845	479491.588232154076	648
1	5854	480027.0980381873	649
1	5863	480694.313577655754	650
1	5872	481454.87478277651	651
1	5883	482298.687977017885	652
1	5894	482939.067774312621	653
1	5903	483834.938763734004	654
1	5910	484418.941196752763	655
1	5919	485277.612366294539	656
1	5926	485918.889960832945	657
1	5935	486818.598015373624	658
1	5948	487575.659882789529	659
1	5955	488170.394615409947	660
1	5966	488906.360989529691	661
1	5973	489318.24473552411	662
1	5982	490375.46391952788	663
1	5989	490855.167443957231	664
1	5998	491657.416462060116	665
1	6009	492497.187572484887	666
1	6016	492816.662693582526	667
1	6021	493249.84765565028	668
1	6036	494411.71009889809	669
1	6043	494964.287506789021	670
1	6052	495521.359583828649	671
1	6063	496794.87825650727	672
1	6070	497607.957870466687	673
1	6079	498276.649788720586	674
1	6088	499013.212058460392	675
1	6101	500172.573599126243	676
1	6108	500795.512829627895	677
1	6115	501156.414802931302	678
1	6124	501953.070061700472	679
1	6135	502824.073402723351	680
1	6142	503304.784174589494	681
1	6151	504296.542662754708	682
1	6164	505333.25417521415	683
1	6173	506220.31395658856	684
1	6178	506605.85477468563	685
1	6191	507653.706407267654	686
1	6200	508368.888430064598	687
1	6205	509036.863684281761	688
1	6216	509923.524890514145	689
1	6227	510628.770949132795	690
1	6234	511173.533518659005	691
1	6245	512049.768990604261	692
1	6250	512389.664802560637	693
1	6261	513234.854489425251	694
1	6268	513575.122425053322	695
1	6279	514531.041636737118	696
1	6290	515145.478361751939	697
1	6297	515875.144793791751	698
1	6308	516524.896619841511	699
1	6317	517004.870948614607	700
1	6326	517903.214752860422	701
1	6333	518305.467839352841	702
1	6340	518899.729534518028	703
1	6351	519867.786759696956	704
1	6358	520546.788685955163	705
1	6369	521360.908798920047	706
1	6380	522399.363307049553	707
1	6389	522947.735200496446	708
1	6394	523274.216212425437	709
1	6403	524109.519113972838	710
1	6414	525060.229007760119	711
1	6423	525861.621560622063	712
1	6430	526206.532935379129	713
1	6441	527323.870283179041	714
1	6448	528117.623614473324	715
1	6457	528588.022427866291	716
1	6466	529604.203560249937	717
1	6477	530090.906302956921	718
1	6484	530397.780292527807	719
1	6493	531399.443887034488	720
1	6504	532279.164564376754	721
1	6511	532600.05679177126	722
1	6520	533353.796924511028	723
1	6529	534269.981643324775	724
1	6538	534995.729428483231	725
1	6547	535546.907226182578	726
1	6558	536458.573070867046	727
1	6569	537267.241738038197	728
1	6574	537624.04326936236	729
1	6587	538961.728191096395	730
1	6594	539657.063708547562	731
1	6605	540509.228619234696	732
1	6612	541235.922815138534	733
1	6621	542190.757191879734	734
1	6630	543000.97077274701	735
1	6637	543453.381226630941	736
1	6646	544329.885237291515	737
1	6655	544991.514671780229	738
1	6666	545792.228923877761	739
1	6673	546472.939267940879	740
1	6682	547077.074289601355	741
1	6691	547570.299269026206	742
1	6702	549040.363116329596	743
1	6713	549676.250990107716	744
1	6722	550446.252594469176	745
1	6727	550832.822236698182	746
1	6736	551548.522080620812	747
1	6745	552139.681284176247	748
1	6756	552776.371019426795	749
1	6765	553575.361412018599	750
1	6772	554259.359285328599	751
1	6783	555098.83115035488	752
1	6794	555961.390913045096	753
1	6803	556846.534220036181	754
1	6812	557706.040931213709	755
1	6821	558528.996728221016	756
1	6830	559408.667833171846	757
1	6837	560157.47775854549	758
1	6848	561013.233742816435	759
1	6853	561349.704879848348	760
1	6866	562457.17422491877	761
1	6871	562936.71339559375	762
1	6882	563918.381496565478	763
1	6893	564546.912744361969	764
1	6900	564975.990387518021	765
1	6907	565470.104569243329	766
1	6918	566503.4455016256	767
1	6925	566844.666283065515	768
1	6934	567449.550855858313	769
1	6943	568496.617683302673	770
1	6956	569618.8258646988	771
1	6965	570318.31219349994	772
1	6974	571107.038687635275	773
1	6981	571580.04969796172	774
1	6990	572378.701258264544	775
1	6997	572848.43103932223	776
1	7010	573997.972370032284	777
1	7015	574351.924719521839	778
1	7024	575296.502481959824	779
1	7037	576462.514131143752	780
1	7044	577221.036830451402	781
1	7055	577860.169417318019	782
1	7064	578686.88533944084	783
1	7073	579526.347149536076	784
1	7078	580192.287797341186	785
1	7087	580635.769610479536	786
1	7096	581434.417442651528	787
1	7109	582888.456551777261	788
1	7114	583707.865679450395	789
1	7123	584176.309207873481	790
1	7134	585112.087191687959	791
1	7143	585700.724131241503	792
1	7154	586624.87392104237	793
1	7159	586941.16888465366	794
1	7172	587950.739678274902	795
1	7177	588530.98792685202	796
1	7186	589229.430521093371	797
1	7195	589715.451762965011	798
1	7208	590875.989900576012	799
1	7215	591453.886503260644	800
1	7222	592006.695856293725	801
1	7231	592513.051661895649	802
1	7242	593682.523348974125	803
1	7249	594462.478487519608	804
1	7262	595446.011883672388	805
1	7267	595999.388283630894	806
1	7278	596943.106918176698	807
1	7285	597285.908532701495	808
1	7298	598240.288720792222	809
1	7305	598674.193898309085	810
1	7314	599662.86768880679	811
1	7325	600455.790701787981	812
1	7330	600905.41613744578	813
1	7339	601370.014426857295	814
1	7350	602317.665161378743	815
1	7357	602771.543466160136	816
1	7370	603962.372591067167	817

