version 2
run Pipelined_3Teachers-93-20190105-10:57:39-15052
attr configname Pipelined_3Teachers
attr datetime 20190105-10:57:39
attr experiment Pipelined_3Teachers
attr inifile ../simulations/omnetpp.ini
attr iterationvars "$0=\"uniform\""
attr iterationvarsf uniform-
attr measurement "$0=\"uniform\""
attr network PipelinedExamSession
attr processid 15052
attr repetition 93
attr replication #93
attr resultdir results
attr runnumber 93
attr seedset 93
param **.teachersNumber 3
param **.answerTimeDistribution "\"uniform\""
param **.minUniform 300
param **.maxUniform 900
param **.scaleLognormal 6.2854
param **.shapeLognormal 0.4724

vector 0 PipelinedExamSession examinationTime:vector ETV
attr source examFinished
vector 1 PipelinedExamSession studentID:vector ETV
attr source student
0	3156	260232.900602091129	2289.4436796661
0	3163	260655.941827967788	2049.402023619
0	3172	261676.356455683733	2173.1858816464
0	3181	262254.781694803412	1925.1356340945
0	3190	262725.57834531183	1522.7310335264
0	3203	264185.393697442511	2448.2928036712
0	3210	264730.584258539626	2098.2273488771
0	3219	265272.827551094839	1841.3532800507
0	3230	266125.380141707161	1939.9864442646
0	3235	266655.013699550205	1870.724346349
0	3248	267339.60066265429	1962.8048490733
0	3253	267999.434588151077	1874.0544464439
0	3264	268845.045148115629	2174.4706565514
0	3271	269858.568402472908	2518.9677398186
0	3282	270667.774969339395	2456.4894296229
0	3289	271107.5681797229	2061.5294432268
0	3302	272126.842738129224	2190.4013616499
0	3307	272512.451784778412	1716.4285324048
0	3316	272816.577640688073	1236.9780537207
0	3327	273749.817715818088	1622.9749776889
0	3338	274434.167500259381	1851.8605638295
0	3343	274735.63976436856	1472.8973010555
0	3354	275482.378441700738	1717.9282316007
0	3365	276689.877902017933	2255.7104017586
0	3372	277439.078440982875	2352.1514817607
0	3381	278139.707114081857	2268.7156008091
0	3388	278716.721799876568	2026.8438978586
0	3401	279786.756252497462	2335.3508002125
0	3406	280128.744597639916	1850.1260088757
0	3417	281088.983925757957	1932.9678721726
0	3424	281642.222134256763	1855.4658817593
0	3437	283101.808975450721	2502.6367917191
0	3444	283528.54311210106	2085.1023092866
0	3451	284064.056923007619	1744.3610639311
0	3462	285150.045925145995	2048.2369496953
0	3471	285794.596352102261	2160.1717272308
0	3482	286479.848224623155	1956.4413711894
0	3491	287226.093893917304	1899.2241192609
0	3498	287796.67713353413	1965.4526903294
0	3505	288264.702736353528	1784.8545117304
0	3516	289165.648200782042	1939.5543068647
0	3523	289804.7425312456	1697.8316059336
0	3534	290480.001049395677	1931.7213964183
0	3541	290992.600308358696	1753.5603774246
0	3550	291667.163542471853	1705.3060323
0	3563	293003.168439120081	2509.2667554505
0	3570	293426.848901063231	2138.8366187923
0	3579	294175.614333758158	2019.7022770531
0	3586	294924.290544167189	1921.1221050471
0	3599	295531.078539043693	2037.5858978368
0	3608	296332.395891286461	1947.1902295947
0	3613	296897.836747951834	1849.0455667488
0	3622	297443.956216983526	1912.8776779398
0	3631	298099.907811870827	1767.5119205844
0	3644	298976.098564965679	1933.6912488565
0	3653	299537.617836752935	1759.7713212948
0	3660	300184.114373987569	1964.1662428156
0	3671	301072.298231860651	2096.199666895
0	3678	301915.307811275153	2377.6899745222
0	3687	302663.851564703537	2409.1054037679
0	3696	303057.279193773894	1984.9809619132
0	3703	303668.217363394825	1751.6043561045
0	3714	304662.488140398665	1995.0294566341
0	3721	305235.051389643951	1874.0263019688
0	3730	305922.736806795029	2045.0614673551
0	3739	306723.407302564038	2032.3942948133
0	3748	307380.955316126374	1886.0337438527
0	3761	308524.483729479862	2261.8010218721
0	3770	309268.464816268561	2139.8554220796
0	3779	310069.424997177003	2255.1926534157
0	3784	310631.47776564586	2106.994036166
0	3797	311187.922534905402	1919.4577186368
0	3802	311698.092269338695	1628.6672721617
0	3815	312663.647563476143	1837.5454172026
0	3822	313066.515278304023	1878.5927433986
0	3831	314105.365822277991	2074.0277193021
0	3838	314533.794212155072	1870.1466486789
0	3847	315473.807219183101	2136.8923983537
0	3856	316115.608755731984	1963.869694015
0	3867	316898.731353879004	1889.9723606184
0	3874	317268.041834654316	1471.3196994737
0	3887	318497.525865398376	2230.0018134993
0	3894	319218.031021580129	2124.5093287434
0	3905	320117.509811930387	2283.2397059072
0	3912	320645.533549273415	2148.007683875
0	3921	321468.639312079205	2226.6555268317
0	3930	322437.788420543104	2320.2786086127
0	3937	322904.61959503594	1921.4090076741
0	3948	323825.115357013448	1948.2554374728
0	3959	324733.166798902706	2286.4941526204
0	3966	325429.428191296787	2379.1157694999
0	3975	325826.278558792577	1875.9720345028
0	3982	326352.149780793146	1618.9829818904
0	3993	327391.550591960581	1900.4258838482
0	4002	328351.94084099497	2201.5254864469
0	4011	329087.879204610394	2315.4438824393
0	4018	329453.539451910214	1936.910090223
0	4031	330238.579834252628	1882.3676444124
0	4038	331052.894272841545	1959.4695752487
0	4049	331835.372150503131	2244.0612845588
0	4054	332362.616770807686	2124.0369365551
0	4063	332685.254199011283	1605.442019552
0	4072	333368.247426766934	1532.8752762638
0	4085	334339.393156254696	1656.8239568733
0	4094	335127.305034035849	2050.0565973111
0	4101	335513.746526185455	1942.7574929316
0	4108	336139.040443254667	1799.647287
0	4119	337608.274113060939	2480.9690790251
0	4128	338021.851207735049	2096.0368454922
0	4137	338803.375505050676	2012.5032050069
0	4148	339691.386800911309	2055.8775260579
0	4157	340510.563728073643	2434.072906198
0	4164	341292.512529389964	2330.2492927294
0	4173	341965.955423517184	2274.5686226059
0	4184	342714.749530283765	2204.1858022101
0	4191	343110.778072150455	1761.4275356289
0	4200	343936.197885498435	1969.961493602
0	4209	344599.292461155013	1884.5429308712
0	4216	344908.706062054292	1316.4265939035
0	4225	345806.441204901816	1741.0687550437
0	4236	346698.370064981313	2064.3402742222
0	4243	347244.44520128894	1838.2368776947
0	4256	348278.00229820426	2243.9135813154
0	4265	349049.951516976612	2326.7937631812
0	4274	349925.357249937984	2337.8901364747
0	4281	350475.598158594253	2197.59586039
0	4290	351380.894943885538	2330.9434269089
0	4299	352172.040061606127	2246.6828116681
0	4306	352724.238311871919	2053.5899774171
0	4317	353698.63372575495	2212.0368093252
0	4326	354748.606998799402	2446.6767959297
0	4333	355418.694851081852	2236.7199080531
0	4342	355868.28669891696	1822.0897398423
0	4353	356749.374215444583	1991.4780501276
0	4362	357466.679628286544	1897.1603042912
0	4371	358369.585621124166	2217.6995567512
0	4378	358689.151756418901	1776.2358466163
0	4389	359958.818329498205	2301.7794518732
0	4396	360515.126337111029	1996.3190187234
0	4409	361475.459833396632	2301.9899379462
0	4418	362326.458581630174	2294.8208742309
0	4427	363131.849405961145	2421.8340132851
0	4434	363858.982214564491	2383.5223811679
0	4443	364700.215922249515	2373.7573406193
0	4454	365346.025470597703	2214.1760646366
0	4459	365729.646888887543	1802.5085366797
0	4468	366401.475043036077	1660.5168571696
0	4477	367106.115738954429	1760.0902683567
0	4490	368287.798753380808	2269.5894892327
0	4499	369042.977588390964	2186.1939932685
0	4506	369722.424469096619	2100.2596972045
0	4515	370329.363152291659	2041.5643989109
0	4522	370846.306356322054	1803.3287679311
0	4533	371815.35693733025	2055.5942108855
0	4542	372385.278629930724	1726.685992023
0	4549	372736.698417272453	1396.4225579984
0	4560	373496.404635440592	1542.5892490894
0	4569	374287.151037203182	1866.8178413529
0	4578	374974.385145865415	2107.5957207475
0	4589	375757.612488186021	2212.5166327693
0	4598	376618.411756306921	2305.737117352
0	4607	377179.659582395141	2107.9466523137
0	4612	377648.170840647106	1890.5583524611
0	4625	378739.133022213389	2120.7212659065
0	4630	379093.213664274697	1913.5540818796
0	4641	379777.128016110544	1758.717007935
0	4652	380688.032665103707	1948.8996428903
0	4659	381360.749399475786	2042.2876595054
0	4668	382171.164666954461	2355.0273324363
0	4675	382846.209255885366	2158.1765907817
0	4688	383717.764831194688	2151.1433250736
0	4697	384290.835440950502	1945.8363544196
0	4704	384875.645948527415	1780.0581127871
0	4711	385204.708549613167	1486.9437184185
0	4720	385790.507789701258	1499.6723487508
0	4729	386870.14128766026	1955.911132833
0	4740	387542.706789588589	1808.7470592465
0	4747	388042.113130493123	1452.1968700457
0	4756	388643.156757764552	1468.2258211076
0	4765	389177.03791726384	1366.8327856343
0	4776	390273.98441950794	1950.6959863007
0	4783	390883.73681888919	1904.8544344492
0	4788	391257.719346368719	1468.9944184385
0	4801	392427.759261662174	2031.0274085496
0	4814	393705.002671480212	2438.4179343469
0	4821	394389.398798765648	2435.6425515376
0	4830	395123.49122562449	2299.5321133174
0	4841	396066.935699991916	2361.9330285117
0	4850	396800.912154978175	2202.0783071872
0	4855	397209.241275955025	1895.4727831297
0	4864	397910.979343391988	1844.0436434001
0	4875	398931.337652402032	2130.4254974239
0	4886	399978.391103725914	2410.7940707356
0	4891	400636.377444863353	2224.4710634463
0	4900	401153.478793194551	1926.4119205065
0	4913	401998.624466266517	2020.2333625406
0	4922	402678.229963453521	1882.363878563
0	4929	403215.161994053085	1688.562620664
0	4936	404048.463244317134	2049.8387780506
0	4947	404481.65720882829	1803.4272453748
0	4954	404795.869356952642	1383.361377893
0	4963	405445.056291762774	1348.1817845721
0	4972	406233.646899182383	1650.019203499
0	4981	407015.809888998081	1683.3113711793
0	4994	407884.936943370883	2025.4040208645
0	5001	408687.083879532327	1988.8353525661
0	5010	409132.593491161276	1786.4143812563
0	5017	409589.520005369593	1704.5830619987
0	5028	410235.189941106398	1528.9455429185
0	5037	411134.421207988668	1910.8575554565
0	5048	412025.685640610788	2179.0071493015
0	5057	412853.896497376297	2339.309468586
0	5066	413467.051297472824	2175.3946649842
0	5073	414057.205427996848	2031.5197873861
0	5084	414789.316152641584	1935.4196552653
0	5091	415475.548849208315	2008.4975517355
0	5100	416240.420856652816	2167.6810577977
0	5107	416795.208242163097	2005.8920895215
0	5118	417697.407763497938	2123.8667298574
0	5125	418364.320520823856	1935.4995732196
0	5134	418798.903349787031	1596.3066029828
0	5145	419974.546409351786	1979.2060002219
0	5152	420314.203085890075	1876.2620762922
0	5165	421269.640798447688	2102.3296341766
0	5170	421636.766832601313	1649.8894629534
0	5181	422282.192788738792	1837.5418824144
0	5192	423357.30472770523	2087.6639292575
0	5197	423662.864571344142	1743.954692781
0	5206	424634.800682030653	2146.4053207543
0	5217	425626.798151526635	2269.4934238214
0	5224	426103.975314321032	1899.9524602667
0	5233	426575.867506116664	1656.5411866643
0	5242	427310.825318098105	1566.8972748332
0	5255	428634.354363335333	2237.8677556291
0	5260	429291.204431466795	2248.6212441232
0	5269	429895.375217590518	1961.7881897371
0	5282	430706.941105658225	2072.5867423229
0	5289	431343.916326155923	1847.4824618083
0	5298	432008.419276820532	2019.345909683
0	5307	432644.858464971221	1937.917359313
0	5314	433052.861383650488	1465.0008950382
0	5327	434554.287275997959	2489.1030589119
0	5334	435219.247275358103	2394.278055802
0	5341	435616.315258573778	1960.6677778065
0	5354	436749.610439781136	2195.3231637832
0	5361	437156.816237932108	1918.8575771637
0	5370	438127.55685006272	1989.9465269409
0	5379	438623.606230085752	1873.9957903046
0	5390	439276.933611882887	1845.8816402592
0	5395	439583.399775624312	1431.2489091419
0	5404	440482.970599271394	1851.8120692112
0	5415	441618.926600972227	2341.9929890893
0	5424	442256.535571720488	2100.0737372786
0	5431	442943.200382078103	1916.2387358956
0	5444	444058.483028411902	2151.9463320728
0	5451	444630.583522422276	2217.36274492
0	5458	445264.143808884583	2033.9688710868
0	5469	445995.876237144731	1937.3932087328
0	5478	446650.585402781181	2000.6216647569
0	5487	447494.465170986988	2187.1131414548
0	5498	448277.626627776809	2155.442702584
0	5505	448778.830686304756	1917.2042685561
0	5512	449085.591078735926	1534.8468563519
0	5521	449860.696269990913	1583.0696422141
0	5530	450695.676033664532	1888.9570641797
0	5543	451931.527564488388	2259.8534884863
0	5548	452490.424187528006	2095.0577504933
0	5561	453580.044035939537	2451.8236606847
0	5568	454389.652229938693	2458.1246654503
0	5575	454806.682472443246	2070.4989724327
0	5584	455453.725312510543	1873.681276571
0	5595	455930.243202718013	1505.09241689
0	5602	456588.912355899849	1443.8991027419
0	5611	457608.257362665647	2044.7123021353
0	5620	458506.682094326282	2075.9947860148
0	5631	459211.923778289968	1983.8740779553
0	5638	459741.063459590116	1784.6992987208
0	5647	460205.058123311066	1570.9678335115
0	5656	461055.198957631403	1640.240361169
0	5665	461855.767202982717	1662.9921414424
0	5676	462888.40007255789	2306.0406013392
0	5683	463378.749751439356	1909.6121972892
0	5694	464333.561012707688	2110.3542623576
0	5703	465059.825226478317	2140.3234633617
0	5710	465672.562486538702	2017.5629707519
0	5719	466187.426481815094	1702.3036954924
0	5728	467106.866157520602	1957.6681505889
0	5737	467792.510303109924	1965.5741284601
0	5748	468576.768217608372	1909.1898752376
0	5757	469434.254741203079	2121.6969809029
0	5766	470196.107131987849	2067.1550943051
0	5775	470926.161610381718	2041.5922125801
0	5786	472156.824016431387	2562.4472436961
0	5793	472726.212740968953	2272.3218091764
0	5802	473438.613871391903	2174.7518705204
0	5811	474000.847143866162	1844.0231274348
0	5822	474535.370367066975	1711.3946441095
0	5827	475058.223388530354	1510.7190515846
0	5836	475623.353542713489	1541.3078367244
0	5849	476873.106289515312	2337.7359224483
0	5858	477770.890166703652	2497.2759076394
0	5867	478610.81952941608	2460.939747747
0	5872	479128.583688894327	2255.477399379
0	5881	479808.165508881252	2037.2753421776
0	5890	480558.50218590353	1947.6826564875
0	5901	481622.426121169741	2195.598026365
0	5908	482104.272230761166	1853.411707934
0	5919	482894.011321244802	1866.8213525321
0	5928	483709.435273474123	2012.5969445799
0	5935	484180.012985039543	1688.4438553825
0	5948	485341.050000535365	2406.843232736
0	5957	485953.218538966071	2175.6303339265
0	5964	486408.353007864248	1771.9900779426
0	5973	487186.66174169634	1845.611741161
0	5980	487577.724705822807	1624.5061668567
0	5989	488088.494663313073	1562.534545362
0	5998	489020.156369917135	1769.7578353342
0	6011	490038.249059720006	2064.2062698025
0	6018	490398.967280611437	1784.7018653993
0	6029	491705.74038270865	2311.2846309319
0	6038	492506.739393482026	2468.490333762
0	6047	493175.445885770064	2299.074367946
0	6054	493713.370465301018	2007.6300825924
0	6063	494498.218436306383	1991.4790428244
0	6074	495389.390040608164	2213.9441548381
0	6081	496026.720362389501	2023.3404526021
0	6090	496837.857484258753	2214.9972118903
0	6097	497345.902682561469	1956.5126419533
0	6106	497786.243936838624	1675.4216466565
0	6119	499026.021053921474	2177.0978256594
0	6124	499546.234151534779	2058.5802531336
0	6133	500282.705723634032	1945.3690994997
0	6146	501230.362836364699	2204.3417824432
0	6155	501956.620014645202	2205.5198335089
0	6160	502460.918221855579	2049.5903198607
0	6169	503239.595979591875	2009.2331432272
0	6182	504168.743109935938	2212.1230952907
0	6187	504601.270865136801	1782.8941100277
0	6196	505351.089533139064	1803.6702720914
0	6209	506514.62625372228	2345.8831437863
0	6216	506987.883906159594	1958.2044310402
0	6223	507481.329151941507	1726.4421371743
0	6232	508153.156865341633	1638.5306116194
0	6245	509139.876712951853	1983.3770125173
0	6254	510019.173331093087	2217.5625097007
0	6261	510734.381292667284	2103.7852937356
0	6272	511602.967766113624	2463.0910531618
0	6281	512478.243608912498	2459.0702778194
0	6286	512992.643884336621	2168.6152181122
0	6299	513830.104466155216	2227.1367000416
0	6308	514610.954210674435	2132.7106017619
0	6313	515120.195531426042	1998.8607290201
0	6326	516301.998204086021	2471.8937379308
0	6331	516770.6257085782	2159.6714979038
0	6340	517434.163770871282	1924.5252692141
0	6349	518159.405217273206	1857.4070131872
0	6358	519303.797191148669	2108.3615065087
0	6367	519951.432488998444	1858.0578178167
0	6376	520558.378433715598	1999.6593803633
0	6387	521570.963985426397	2123.7864011899
0	6394	521967.586902715311	1726.2303686701
0	6407	523177.240162622229	2274.37710003
0	6416	523817.17719957237	2119.0202708356
0	6425	524694.169563241348	2355.0831779838
0	6432	525381.469629518733	2204.2294668965
0	6441	526356.888395268515	2539.7111956961
0	6452	527200.626311916903	2506.4567486756
0	6459	527586.983415903569	2015.2361331973
0	6466	528311.806125752673	1944.9409270193
0	6475	528905.724743334621	1705.0984314177
0	6486	529930.994775099724	2049.0957321133
0	6493	530295.426357630685	1709.1788356192
0	6502	530939.366417611063	1545.9582001437
0	6511	531842.581385839775	1873.320957832
0	6524	533055.901820585176	2317.8780877031
0	6531	533489.945781882897	2010.4540160391
0	6540	534302.199435979173	2074.8894223943
0	6551	535208.591032214507	2152.6892116293
0	6556	535907.499970262914	2153.8971233647
0	6565	536382.353814225688	1906.2367571052
0	6576	536962.109645549252	1753.5186133347
0	6587	537814.612378086939	1743.6121147592
0	6594	538556.997904367789	2047.6549868938
0	6603	539431.523059029176	2424.4741401169
0	6612	539999.717292515605	2185.1049144287
0	6623	540635.960639175072	1987.4449746218
0	6632	541497.31255397205	1986.3146135118
0	6639	542073.229041416242	2031.8741633557
0	6648	542446.226603491276	1810.2659643162
0	6657	543428.669475344985	1931.3569213729
0	6664	544270.007572649091	2172.2753349692
0	6675	544932.421883102551	2057.2405661456
0	6684	545826.943190116481	2230.4186470807
0	6691	546212.962785735772	1846.8787038233
0	6702	547247.612769110173	2127.1204048768
0	6713	548128.865557210565	2220.5616749357
0	6718	548439.368346054152	1843.3484484907
0	6727	549059.186577424452	1753.5322638229
0	6740	550185.265314811886	2056.3997576013
0	6747	550649.46834496227	1922.3818126135
0	6756	551531.25797566031	2245.1746049803
0	6765	552325.319403223739	2140.0540884119
0	6776	553057.3529188056	2200.2111181151
0	6781	553623.499932372988	1892.7995188627
0	6792	554554.841460334183	2103.6990067922
0	6803	555401.808273280085	2344.4553544745
0	6808	555716.746713593648	1975.6007926539
0	6819	556597.155427001462	2024.9331952538
0	6828	557348.839610628829	1947.0313373487
0	6835	557890.434301458344	1928.8598409388
0	6844	558532.286946941213	1934.1117988341
0	6853	559109.142946824477	1726.7764383461
0	6862	559741.55042096977	1638.5260918178
0	6873	561110.651735169859	2386.2853683997
0	6882	561647.760170744778	2069.8751744349
0	6889	562021.718804910825	1685.0088941865
0	6902	563027.482395619201	1878.3405904658
0	6907	563425.043360609608	1613.1692284718
0	6916	563914.641185570556	1669.032100495
0	6927	564955.572585482197	1928.090189863
0	6936	565859.103372646543	2355.6372469291
0	6943	566448.26939650816	2197.3797967192
0	6954	567301.804272970233	2233.2139895763
0	6961	568025.337004987571	2076.2313419022
0	6972	568563.42930109245	2011.2167750951
0	6979	569454.78591271681	2015.5752425082
0	6990	570399.610656313647	2317.2083522659
0	6997	570706.670965673451	1869.501991896
0	7008	571839.193852152725	2199.8301877175
0	7015	572192.922921013137	1736.0492067877
0	7028	573135.66245357511	1982.1687790565
0	7033	573508.742070011845	1499.0085133351
0	7042	573913.101141387647	1337.3582188971
0	7051	574662.952857697433	1527.2904041223
0	7060	575767.804863536781	2021.4062732644
0	7069	576508.719772752425	2016.1804514006
0	7082	577383.332244493118	1997.1819195896
0	7087	577874.348585447347	1877.2001121193
0	7096	578405.461004655859	1672.9134575464
0	7105	578962.42705830378	1579.0948138107
0	7116	580215.781534463218	2124.1504987702
0	7123	580630.790662765554	1917.7438226994
0	7132	581169.608970964379	1684.1981863137
0	7145	582118.957586400262	1845.412656432
0	7150	582686.551529076002	1856.4327873755
0	7163	583840.154980123094	2274.9806600623
0	7172	584704.014507634616	2585.0569212344
0	7177	585139.536629570699	2130.7125594467
0	7186	585550.675500417179	1710.5205202941
0	7195	586227.079240093059	1523.0647324584
0	7204	587160.119950678251	1726.5408057254
0	7213	588076.411098567821	1882.1017796639
0	7222	588506.783272605441	1567.1839884482
0	7233	589311.417536437563	1475.2484751865
0	7240	589806.736521050386	1490.4992876574
0	7251	590728.225749777681	1881.1806607526
0	7258	591469.211290916479	1772.5735065993
0	7267	592013.09248181065	1789.1810692381
0	7280	593170.579941244847	2143.7812361866
0	7285	593513.77922105608	1807.8915084712
0	7296	594410.625968081928	2118.8882082235
0	7305	594898.162351409025	1727.5824101642
0	7312	595483.777672424964	1644.6063203271
0	7323	596498.44308178877	2032.4128457811
0	7330	596918.142473325184	1595.4959203955
0	7339	597722.014356963387	1774.1072222125
0	7348	598645.221404079398	2094.2188267596
0	7359	599393.021743185869	2071.4815624058
0	7366	599736.272836988843	1584.1880455613
0	7375	600612.276101578079	1909.1054360848
0	7384	601691.249641310476	2263.9608650934
0	7393	602115.451293066196	1977.3873121943
0	7402	602777.570686396264	1755.889237253
0	7413	603815.571598894946	1923.6505704001
0	7424	604550.024432083644	2117.9961451795
1	3156	260232.900602091129	349
1	3163	260655.941827967788	350
1	3172	261676.356455683733	351
1	3181	262254.781694803412	352
1	3190	262725.57834531183	353
1	3203	264185.393697442511	354
1	3210	264730.584258539626	355
1	3219	265272.827551094839	356
1	3230	266125.380141707161	357
1	3235	266655.013699550205	358
1	3248	267339.60066265429	359
1	3253	267999.434588151077	360
1	3264	268845.045148115629	361
1	3271	269858.568402472908	362
1	3282	270667.774969339395	363
1	3289	271107.5681797229	364
1	3302	272126.842738129224	365
1	3307	272512.451784778412	366
1	3316	272816.577640688073	367
1	3327	273749.817715818088	368
1	3338	274434.167500259381	369
1	3343	274735.63976436856	370
1	3354	275482.378441700738	371
1	3365	276689.877902017933	372
1	3372	277439.078440982875	373
1	3381	278139.707114081857	374
1	3388	278716.721799876568	375
1	3401	279786.756252497462	376
1	3406	280128.744597639916	377
1	3417	281088.983925757957	378
1	3424	281642.222134256763	379
1	3437	283101.808975450721	380
1	3444	283528.54311210106	381
1	3451	284064.056923007619	382
1	3462	285150.045925145995	383
1	3471	285794.596352102261	384
1	3482	286479.848224623155	385
1	3491	287226.093893917304	386
1	3498	287796.67713353413	387
1	3505	288264.702736353528	388
1	3516	289165.648200782042	389
1	3523	289804.7425312456	390
1	3534	290480.001049395677	391
1	3541	290992.600308358696	392
1	3550	291667.163542471853	393
1	3563	293003.168439120081	394
1	3570	293426.848901063231	395
1	3579	294175.614333758158	396
1	3586	294924.290544167189	397
1	3599	295531.078539043693	398
1	3608	296332.395891286461	399
1	3613	296897.836747951834	400
1	3622	297443.956216983526	401
1	3631	298099.907811870827	402
1	3644	298976.098564965679	403
1	3653	299537.617836752935	404
1	3660	300184.114373987569	405
1	3671	301072.298231860651	406
1	3678	301915.307811275153	407
1	3687	302663.851564703537	408
1	3696	303057.279193773894	409
1	3703	303668.217363394825	410
1	3714	304662.488140398665	411
1	3721	305235.051389643951	412
1	3730	305922.736806795029	413
1	3739	306723.407302564038	414
1	3748	307380.955316126374	415
1	3761	308524.483729479862	416
1	3770	309268.464816268561	417
1	3779	310069.424997177003	418
1	3784	310631.47776564586	419
1	3797	311187.922534905402	420
1	3802	311698.092269338695	421
1	3815	312663.647563476143	422
1	3822	313066.515278304023	423
1	3831	314105.365822277991	424
1	3838	314533.794212155072	425
1	3847	315473.807219183101	426
1	3856	316115.608755731984	427
1	3867	316898.731353879004	428
1	3874	317268.041834654316	429
1	3887	318497.525865398376	430
1	3894	319218.031021580129	431
1	3905	320117.509811930387	432
1	3912	320645.533549273415	433
1	3921	321468.639312079205	434
1	3930	322437.788420543104	435
1	3937	322904.61959503594	436
1	3948	323825.115357013448	437
1	3959	324733.166798902706	438
1	3966	325429.428191296787	439
1	3975	325826.278558792577	440
1	3982	326352.149780793146	441
1	3993	327391.550591960581	442
1	4002	328351.94084099497	443
1	4011	329087.879204610394	444
1	4018	329453.539451910214	445
1	4031	330238.579834252628	446
1	4038	331052.894272841545	447
1	4049	331835.372150503131	448
1	4054	332362.616770807686	449
1	4063	332685.254199011283	450
1	4072	333368.247426766934	451
1	4085	334339.393156254696	452
1	4094	335127.305034035849	453
1	4101	335513.746526185455	454
1	4108	336139.040443254667	455
1	4119	337608.274113060939	456
1	4128	338021.851207735049	457
1	4137	338803.375505050676	458
1	4148	339691.386800911309	459
1	4157	340510.563728073643	460
1	4164	341292.512529389964	461
1	4173	341965.955423517184	462
1	4184	342714.749530283765	463
1	4191	343110.778072150455	464
1	4200	343936.197885498435	465
1	4209	344599.292461155013	466
1	4216	344908.706062054292	467
1	4225	345806.441204901816	468
1	4236	346698.370064981313	469
1	4243	347244.44520128894	470
1	4256	348278.00229820426	471
1	4265	349049.951516976612	472
1	4274	349925.357249937984	473
1	4281	350475.598158594253	474
1	4290	351380.894943885538	475
1	4299	352172.040061606127	476
1	4306	352724.238311871919	477
1	4317	353698.63372575495	478
1	4326	354748.606998799402	479
1	4333	355418.694851081852	480
1	4342	355868.28669891696	481
1	4353	356749.374215444583	482
1	4362	357466.679628286544	483
1	4371	358369.585621124166	484
1	4378	358689.151756418901	485
1	4389	359958.818329498205	486
1	4396	360515.126337111029	487
1	4409	361475.459833396632	488
1	4418	362326.458581630174	489
1	4427	363131.849405961145	490
1	4434	363858.982214564491	491
1	4443	364700.215922249515	492
1	4454	365346.025470597703	493
1	4459	365729.646888887543	494
1	4468	366401.475043036077	495
1	4477	367106.115738954429	496
1	4490	368287.798753380808	497
1	4499	369042.977588390964	498
1	4506	369722.424469096619	499
1	4515	370329.363152291659	500
1	4522	370846.306356322054	501
1	4533	371815.35693733025	502
1	4542	372385.278629930724	503
1	4549	372736.698417272453	504
1	4560	373496.404635440592	505
1	4569	374287.151037203182	506
1	4578	374974.385145865415	507
1	4589	375757.612488186021	508
1	4598	376618.411756306921	509
1	4607	377179.659582395141	510
1	4612	377648.170840647106	511
1	4625	378739.133022213389	512
1	4630	379093.213664274697	513
1	4641	379777.128016110544	514
1	4652	380688.032665103707	515
1	4659	381360.749399475786	516
1	4668	382171.164666954461	517
1	4675	382846.209255885366	518
1	4688	383717.764831194688	519
1	4697	384290.835440950502	520
1	4704	384875.645948527415	521
1	4711	385204.708549613167	522
1	4720	385790.507789701258	523
1	4729	386870.14128766026	524
1	4740	387542.706789588589	525
1	4747	388042.113130493123	526
1	4756	388643.156757764552	527
1	4765	389177.03791726384	528
1	4776	390273.98441950794	529
1	4783	390883.73681888919	530
1	4788	391257.719346368719	531
1	4801	392427.759261662174	532
1	4814	393705.002671480212	533
1	4821	394389.398798765648	534
1	4830	395123.49122562449	535
1	4841	396066.935699991916	536
1	4850	396800.912154978175	537
1	4855	397209.241275955025	538
1	4864	397910.979343391988	539
1	4875	398931.337652402032	540
1	4886	399978.391103725914	541
1	4891	400636.377444863353	542
1	4900	401153.478793194551	543
1	4913	401998.624466266517	544
1	4922	402678.229963453521	545
1	4929	403215.161994053085	546
1	4936	404048.463244317134	547
1	4947	404481.65720882829	548
1	4954	404795.869356952642	549
1	4963	405445.056291762774	550
1	4972	406233.646899182383	551
1	4981	407015.809888998081	552
1	4994	407884.936943370883	553
1	5001	408687.083879532327	554
1	5010	409132.593491161276	555
1	5017	409589.520005369593	556
1	5028	410235.189941106398	557
1	5037	411134.421207988668	558
1	5048	412025.685640610788	559
1	5057	412853.896497376297	560
1	5066	413467.051297472824	561
1	5073	414057.205427996848	562
1	5084	414789.316152641584	563
1	5091	415475.548849208315	564
1	5100	416240.420856652816	565
1	5107	416795.208242163097	566
1	5118	417697.407763497938	567
1	5125	418364.320520823856	568
1	5134	418798.903349787031	569
1	5145	419974.546409351786	570
1	5152	420314.203085890075	571
1	5165	421269.640798447688	572
1	5170	421636.766832601313	573
1	5181	422282.192788738792	574
1	5192	423357.30472770523	575
1	5197	423662.864571344142	576
1	5206	424634.800682030653	577
1	5217	425626.798151526635	578
1	5224	426103.975314321032	579
1	5233	426575.867506116664	580
1	5242	427310.825318098105	581
1	5255	428634.354363335333	582
1	5260	429291.204431466795	583
1	5269	429895.375217590518	584
1	5282	430706.941105658225	585
1	5289	431343.916326155923	586
1	5298	432008.419276820532	587
1	5307	432644.858464971221	588
1	5314	433052.861383650488	589
1	5327	434554.287275997959	590
1	5334	435219.247275358103	591
1	5341	435616.315258573778	592
1	5354	436749.610439781136	593
1	5361	437156.816237932108	594
1	5370	438127.55685006272	595
1	5379	438623.606230085752	596
1	5390	439276.933611882887	597
1	5395	439583.399775624312	598
1	5404	440482.970599271394	599
1	5415	441618.926600972227	600
1	5424	442256.535571720488	601
1	5431	442943.200382078103	602
1	5444	444058.483028411902	603
1	5451	444630.583522422276	604
1	5458	445264.143808884583	605
1	5469	445995.876237144731	606
1	5478	446650.585402781181	607
1	5487	447494.465170986988	608
1	5498	448277.626627776809	609
1	5505	448778.830686304756	610
1	5512	449085.591078735926	611
1	5521	449860.696269990913	612
1	5530	450695.676033664532	613
1	5543	451931.527564488388	614
1	5548	452490.424187528006	615
1	5561	453580.044035939537	616
1	5568	454389.652229938693	617
1	5575	454806.682472443246	618
1	5584	455453.725312510543	619
1	5595	455930.243202718013	620
1	5602	456588.912355899849	621
1	5611	457608.257362665647	622
1	5620	458506.682094326282	623
1	5631	459211.923778289968	624
1	5638	459741.063459590116	625
1	5647	460205.058123311066	626
1	5656	461055.198957631403	627
1	5665	461855.767202982717	628
1	5676	462888.40007255789	629
1	5683	463378.749751439356	630
1	5694	464333.561012707688	631
1	5703	465059.825226478317	632
1	5710	465672.562486538702	633
1	5719	466187.426481815094	634
1	5728	467106.866157520602	635
1	5737	467792.510303109924	636
1	5748	468576.768217608372	637
1	5757	469434.254741203079	638
1	5766	470196.107131987849	639
1	5775	470926.161610381718	640
1	5786	472156.824016431387	641
1	5793	472726.212740968953	642
1	5802	473438.613871391903	643
1	5811	474000.847143866162	644
1	5822	474535.370367066975	645
1	5827	475058.223388530354	646
1	5836	475623.353542713489	647
1	5849	476873.106289515312	648
1	5858	477770.890166703652	649
1	5867	478610.81952941608	650
1	5872	479128.583688894327	651
1	5881	479808.165508881252	652
1	5890	480558.50218590353	653
1	5901	481622.426121169741	654
1	5908	482104.272230761166	655
1	5919	482894.011321244802	656
1	5928	483709.435273474123	657
1	5935	484180.012985039543	658
1	5948	485341.050000535365	659
1	5957	485953.218538966071	660
1	5964	486408.353007864248	661
1	5973	487186.66174169634	662
1	5980	487577.724705822807	663
1	5989	488088.494663313073	664
1	5998	489020.156369917135	665
1	6011	490038.249059720006	666
1	6018	490398.967280611437	667
1	6029	491705.74038270865	668
1	6038	492506.739393482026	669
1	6047	493175.445885770064	670
1	6054	493713.370465301018	671
1	6063	494498.218436306383	672
1	6074	495389.390040608164	673
1	6081	496026.720362389501	674
1	6090	496837.857484258753	675
1	6097	497345.902682561469	676
1	6106	497786.243936838624	677
1	6119	499026.021053921474	678
1	6124	499546.234151534779	679
1	6133	500282.705723634032	680
1	6146	501230.362836364699	681
1	6155	501956.620014645202	682
1	6160	502460.918221855579	683
1	6169	503239.595979591875	684
1	6182	504168.743109935938	685
1	6187	504601.270865136801	686
1	6196	505351.089533139064	687
1	6209	506514.62625372228	688
1	6216	506987.883906159594	689
1	6223	507481.329151941507	690
1	6232	508153.156865341633	691
1	6245	509139.876712951853	692
1	6254	510019.173331093087	693
1	6261	510734.381292667284	694
1	6272	511602.967766113624	695
1	6281	512478.243608912498	696
1	6286	512992.643884336621	697
1	6299	513830.104466155216	698
1	6308	514610.954210674435	699
1	6313	515120.195531426042	700
1	6326	516301.998204086021	701
1	6331	516770.6257085782	702
1	6340	517434.163770871282	703
1	6349	518159.405217273206	704
1	6358	519303.797191148669	705
1	6367	519951.432488998444	706
1	6376	520558.378433715598	707
1	6387	521570.963985426397	708
1	6394	521967.586902715311	709
1	6407	523177.240162622229	710
1	6416	523817.17719957237	711
1	6425	524694.169563241348	712
1	6432	525381.469629518733	713
1	6441	526356.888395268515	714
1	6452	527200.626311916903	715
1	6459	527586.983415903569	716
1	6466	528311.806125752673	717
1	6475	528905.724743334621	718
1	6486	529930.994775099724	719
1	6493	530295.426357630685	720
1	6502	530939.366417611063	721
1	6511	531842.581385839775	722
1	6524	533055.901820585176	723
1	6531	533489.945781882897	724
1	6540	534302.199435979173	725
1	6551	535208.591032214507	726
1	6556	535907.499970262914	727
1	6565	536382.353814225688	728
1	6576	536962.109645549252	729
1	6587	537814.612378086939	730
1	6594	538556.997904367789	731
1	6603	539431.523059029176	732
1	6612	539999.717292515605	733
1	6623	540635.960639175072	734
1	6632	541497.31255397205	735
1	6639	542073.229041416242	736
1	6648	542446.226603491276	737
1	6657	543428.669475344985	738
1	6664	544270.007572649091	739
1	6675	544932.421883102551	740
1	6684	545826.943190116481	741
1	6691	546212.962785735772	742
1	6702	547247.612769110173	743
1	6713	548128.865557210565	744
1	6718	548439.368346054152	745
1	6727	549059.186577424452	746
1	6740	550185.265314811886	747
1	6747	550649.46834496227	748
1	6756	551531.25797566031	749
1	6765	552325.319403223739	750
1	6776	553057.3529188056	751
1	6781	553623.499932372988	752
1	6792	554554.841460334183	753
1	6803	555401.808273280085	754
1	6808	555716.746713593648	755
1	6819	556597.155427001462	756
1	6828	557348.839610628829	757
1	6835	557890.434301458344	758
1	6844	558532.286946941213	759
1	6853	559109.142946824477	760
1	6862	559741.55042096977	761
1	6873	561110.651735169859	762
1	6882	561647.760170744778	763
1	6889	562021.718804910825	764
1	6902	563027.482395619201	765
1	6907	563425.043360609608	766
1	6916	563914.641185570556	767
1	6927	564955.572585482197	768
1	6936	565859.103372646543	769
1	6943	566448.26939650816	770
1	6954	567301.804272970233	771
1	6961	568025.337004987571	772
1	6972	568563.42930109245	773
1	6979	569454.78591271681	774
1	6990	570399.610656313647	775
1	6997	570706.670965673451	776
1	7008	571839.193852152725	777
1	7015	572192.922921013137	778
1	7028	573135.66245357511	779
1	7033	573508.742070011845	780
1	7042	573913.101141387647	781
1	7051	574662.952857697433	782
1	7060	575767.804863536781	783
1	7069	576508.719772752425	784
1	7082	577383.332244493118	785
1	7087	577874.348585447347	786
1	7096	578405.461004655859	787
1	7105	578962.42705830378	788
1	7116	580215.781534463218	789
1	7123	580630.790662765554	790
1	7132	581169.608970964379	791
1	7145	582118.957586400262	792
1	7150	582686.551529076002	793
1	7163	583840.154980123094	794
1	7172	584704.014507634616	795
1	7177	585139.536629570699	796
1	7186	585550.675500417179	797
1	7195	586227.079240093059	798
1	7204	587160.119950678251	799
1	7213	588076.411098567821	800
1	7222	588506.783272605441	801
1	7233	589311.417536437563	802
1	7240	589806.736521050386	803
1	7251	590728.225749777681	804
1	7258	591469.211290916479	805
1	7267	592013.09248181065	806
1	7280	593170.579941244847	807
1	7285	593513.77922105608	808
1	7296	594410.625968081928	809
1	7305	594898.162351409025	810
1	7312	595483.777672424964	811
1	7323	596498.44308178877	812
1	7330	596918.142473325184	813
1	7339	597722.014356963387	814
1	7348	598645.221404079398	815
1	7359	599393.021743185869	816
1	7366	599736.272836988843	817
1	7375	600612.276101578079	818
1	7384	601691.249641310476	819
1	7393	602115.451293066196	820
1	7402	602777.570686396264	821
1	7413	603815.571598894946	822
1	7424	604550.024432083644	823

