version 2
run Pipelined_3Teachers-55-20190105-10:57:30-12444
attr configname Pipelined_3Teachers
attr datetime 20190105-10:57:30
attr experiment Pipelined_3Teachers
attr inifile ../simulations/omnetpp.ini
attr iterationvars "$0=\"uniform\""
attr iterationvarsf uniform-
attr measurement "$0=\"uniform\""
attr network PipelinedExamSession
attr processid 12444
attr repetition 55
attr replication #55
attr resultdir results
attr runnumber 55
attr seedset 55
param **.teachersNumber 3
param **.answerTimeDistribution "\"uniform\""
param **.minUniform 300
param **.maxUniform 900
param **.scaleLognormal 6.2854
param **.shapeLognormal 0.4724

vector 0 PipelinedExamSession examinationTime:vector ETV
attr source examFinished
vector 1 PipelinedExamSession studentID:vector ETV
attr source student
0	3181	260907.250013854377	1979.4389038347
0	3192	261764.366366760827	2065.1109948289
0	3199	262385.914877895288	1791.7751914356
0	3210	263344.693016633414	2090.7520514913
0	3217	263859.240499371685	2050.5500818603
0	3228	264648.28723096291	2098.9361561369
0	3237	265551.728519517952	2159.7990133334
0	3248	266431.821260461607	2399.0513804834
0	3253	266823.732803436019	1896.102457121
0	3262	267610.739477863559	1825.3667220008
0	3271	268363.204790744954	1931.3835302833
0	3284	269447.871514968598	2174.6097842697
0	3289	269892.994134128118	1859.9720461294
0	3298	270482.558205211559	1814.797678683
0	3307	271279.744921764383	1831.8734067958
0	3316	271879.629885870988	1861.9856325444
0	3325	272803.348938608566	2024.6278039645
0	3334	273820.1585212257	2297.7816229686
0	3347	274896.111028036127	2510.3561972268
0	3356	275766.568810539345	2518.8885105774
0	3361	276209.976436570312	2193.3256932534
0	3370	276848.799759568672	1952.6887315325
0	3383	277857.070772442992	2090.5019619036
0	3388	278562.362855672862	2021.2087009102
0	3399	279235.746335238244	2150.1616128255
0	3410	280220.555960247318	2363.4851878043
0	3417	280663.223351351942	1927.4303830694
0	3424	281105.951105430747	1729.9961876124
0	3433	281804.705174826111	1584.1492145788
0	3442	282566.352159809346	1807.2980503086
0	3455	283791.25772165137	2317.5304254983
0	3464	284573.351592477436	2393.694382254
0	3471	285325.453530158873	2341.1552622914
0	3482	286045.949047571074	2254.6913259197
0	3487	286600.606728019219	2027.2551355418
0	3498	287626.174569223102	2223.2312768698
0	3505	287971.436137938898	1925.4870903678
0	3518	289148.704323358861	2292.2503727954
0	3527	290021.081227250424	2265.3000431601
0	3534	290510.489824879941	2242.9421451408
0	3541	291295.770331705016	2147.0660083462
0	3554	292176.612780801979	2155.5315535516
0	3559	292537.821003701565	1709.8916213494
0	3568	293501.418899511946	2089.7240032442
0	3577	294222.394710313556	2045.7819295116
0	3588	295112.740917457294	2086.2568357028
0	3595	295519.205672107664	1689.4128492102
0	3604	296081.720505980802	1586.3606362604
0	3613	296929.718748992336	1775.0067644287
0	3626	297764.673846121905	2042.1834653243
0	3633	298431.266776844887	1980.6799627841
0	3642	299228.482694830773	1961.5022152662
0	3649	300034.573312941967	2269.8994668201
0	3660	300748.066472634701	2245.7212503534
0	3669	301330.130110820783	1952.7006960008
0	3680	302463.237788993894	2286.2500495277
0	3685	302842.906520934804	1972.6231813431
0	3698	303687.298304960161	2000.3107479773
0	3707	304273.314456269174	1810.0766672753
0	3714	304666.244316939294	1366.9944475405
0	3725	305389.77275979708	1702.4744548369
0	3732	306105.704939179151	1832.39048291
0	3741	306722.613347601174	2007.5501769315
0	3748	307135.37354338917	1745.6007835921
0	3757	307926.76229747015	1805.5037226062
0	3768	308832.798979198588	2003.5516510718
0	3775	309676.091039506746	2291.0333232488
0	3784	310120.84322576414	1901.068672305
0	3793	311380.11643742214	2401.4648398384
0	3806	312275.295149395271	2456.4763463102
0	3813	312959.820712683751	2302.4666233454
0	3824	313935.385608952522	2431.4834373537
0	3829	314262.488546222478	1987.1933968272
0	3838	314970.775254350185	1908.4412908182
0	3847	315470.848125172808	1535.4625162203
0	3858	316437.172742793366	1775.3108723089
0	3865	316916.294725751534	1581.8201750983
0	3878	318270.079753641069	2499.550517695
0	3887	319126.819095388085	2641.8600363191
0	3892	319496.166369365558	2120.953255333
0	3903	320828.692917292968	2558.6131636519
0	3914	321445.421605557234	2318.6025101691
0	3923	322184.746279148416	2218.4121195227
0	3930	322998.160863993721	2158.1472722814
0	3941	323791.264341166274	2345.842735609
0	3948	324385.501023195715	2200.7547440473
0	3959	325248.54355514984	2192.1335467603
0	3968	326083.541442174496	2292.2771010082
0	3975	326518.913468392597	2055.9656300582
0	3986	327586.966409627379	2338.4228544775
0	3995	328367.38723050806	2283.8457883336
0	4000	328686.446190392629	1911.176336417
0	4013	329678.732430702106	2091.7660210747
0	4018	330076.624703686715	1709.2374731787
0	4031	330883.263021474735	1868.3330157772
0	4038	331462.04512724656	1783.3126965445
0	4047	332269.676698045836	1953.9770259988
0	4056	332730.288617452637	1847.0255959779
0	4063	333239.281112747297	1595.9868223406
0	4074	334413.790896115855	2040.2982041705
0	4083	335266.694147978008	2206.0831288341
0	4090	335755.780518706918	1798.6908474471
0	4101	336726.275695720718	2061.4776257426
0	4110	337376.080943690644	2052.4104521144
0	4117	338097.284665843503	2038.3562858216
0	4128	338775.580275803835	1961.5545148496
0	4135	339119.555176002935	1438.6626351625
0	4148	340389.198894426257	2222.287126584
0	4153	340841.870210738883	1943.2769767474
0	4162	341677.737986343012	2079.9987198785
0	4171	342388.493199041144	1999.2943046149
0	4180	343074.522838136212	1813.4687388316
0	4189	343906.712828250632	1933.3884841762
0	4198	344415.62996073629	1649.7521000449
0	4209	345361.158002866462	1775.6138912402
0	4218	346134.499924443692	2154.5249504037
0	4227	346725.018652109459	2073.7071940675
0	4234	347146.420372417227	1675.6749361753
0	4243	347870.074734650583	1699.1002237424
0	4254	348843.58815397139	2022.780409595
0	4265	349598.15890188332	2225.1870108303
0	4272	350004.73542069088	1935.3837958071
0	4281	351083.602596726299	2208.7324749213
0	4290	351799.788347817988	2201.6294459347
0	4299	352414.181887730987	2182.6138009317
0	4306	353225.998668372662	2111.7395006586
0	4315	353763.051522010968	1754.1525861248
0	4326	354449.578964011775	1668.7458512373
0	4337	355177.959062950717	1699.1031509824
0	4344	355881.690853787618	1955.026571732
0	4353	356709.534077206659	2035.112790484
0	4362	357425.93445000242	2247.9753870517
0	4373	358403.189427265928	2507.1734917816
0	4382	359011.485265614496	2236.4999215119
0	4389	359652.19967714514	2147.9700209107
0	4396	360395.018141577052	1991.8287143111
0	4405	360933.536336012216	1922.0510703977
0	4418	362150.331628974559	2287.2992624994
0	4425	362957.97742106955	2234.860076895
0	4432	363509.132381435516	2163.1102605723
0	4443	364212.282784190061	2061.9511552155
0	4450	364722.396190557661	1758.6714715697
0	4463	365807.543542888048	1976.7967203632
0	4470	366561.548159876871	2302.0290047396
0	4477	366950.464071845668	1849.7944147792
0	4486	367878.207275178316	2070.6637322903
0	4495	368591.526798158917	2027.210226981
0	4506	369595.78627101149	2180.8568713255
0	4517	370380.357790086452	2191.219260497
0	4526	370929.851905675639	1926.8717051949
0	4533	371698.75170537274	1929.7394565772
0	4544	372557.563776103814	2177.2059860174
0	4551	373357.136598788236	2427.2846931126
0	4558	373775.680987117846	1993.9921120182
0	4571	374738.669020822306	2181.1052447185
0	4580	375285.563634848256	1862.0242735371
0	4589	375900.895628007163	1999.9503283761
0	4596	376380.298319784959	1641.6292989627
0	4607	377409.847538173233	2124.283903325
0	4616	378155.441719573025	2254.5460915659
0	4621	378551.78909003738	1980.2471661475
0	4630	379164.335319260169	1754.4877810869
0	4643	380176.419983245466	2020.9782636724
0	4648	380833.53763581257	2024.8043462634
0	4657	381447.628838103298	2133.9746816084
0	4670	382582.261298736591	2405.8413154911
0	4675	383304.800852900405	2263.4869798087
0	4686	384259.747538622503	2465.3619216755
0	4695	384642.459968011861	2060.1986692753
0	4702	385259.630980761757	1794.989312673
0	4711	386073.509153164958	1762.1868420392
0	4724	386836.585852922906	1777.3912645876
0	4729	387179.957534652238	1576.9661058672
0	4742	388378.426230512594	2159.142920142
0	4749	388794.150081044098	1957.5642281212
0	4756	389531.717809522559	1930.9794275556
0	4767	390482.992389192839	2104.5661586802
0	4774	391188.960871752386	2063.9067313168
0	4783	391588.496194034849	1761.5206489339
0	4792	392404.527475079556	1790.7595229801
0	4801	393078.383771935513	1769.9550318997
0	4812	393921.489538857748	2110.8206663746
0	4819	394302.368029626121	1639.7429864388
0	4828	395299.716841103544	2104.4609692879
0	4837	395794.321584468743	1817.990021361
0	4846	396757.350404234638	2127.9850905295
0	4857	397392.861725483125	1881.8554372061
0	4866	397999.205387290602	1871.1344262119
0	4877	399297.028119955247	2346.9835377764
0	4882	399646.55277463611	2062.487015035
0	4893	400401.706756604871	1925.9849515278
0	4904	401280.400562938338	1983.3724429831
0	4913	401841.553162643721	1906.4407023601
0	4920	402211.404265696218	1519.1206913441
0	4931	403295.752796810155	2015.3522338718
0	4940	403741.543117957224	1899.9899553135
0	4947	404231.68601864021	1807.7542937826
0	4956	405240.091983508353	1944.3391866982
0	4963	405871.393983671476	2129.8508657143
0	4976	406819.764682324638	2233.2484778948
0	4985	407394.385359389742	2046.8851396814
0	4992	408056.063401792233	1981.1044947244
0	4999	408601.577011356165	1781.8123290315
0	5008	409368.391683418338	1974.0063240286
0	5019	409757.60424099866	1630.2445988171
0	5028	410597.726957872545	1705.9800976887
0	5035	411273.594410251861	1858.4096684586
0	5044	412009.475674107705	1859.6191425808
0	5055	413102.384108444711	2189.8043128196
0	5064	413674.914592970198	2071.8952885363
0	5075	414654.225207818708	2214.6608687472
0	5082	415267.588347243181	2154.0321753826
0	5089	415591.336295614055	1810.4987011291
0	5102	416535.589370783454	1881.3641629647
0	5109	417205.171992816067	1718.5273539741
0	5120	418174.058466497844	2321.7634918168
0	5125	418564.492985699361	2028.9036149159
0	5136	419623.811126500403	2310.4782414157
0	5145	420079.383693728631	1905.3252272308
0	5156	420668.877107882909	1841.0291776992
0	5163	421434.437582502178	1709.0441996232
0	5172	422284.627993125506	2202.2080802824
0	5181	422985.948512563519	2317.0714046806
0	5188	423352.55244132135	1813.1349590141
0	5197	424180.13561395932	1868.5497527942
0	5208	424974.23303145919	1976.7747357488
0	5215	425448.040504613929	1660.6227204669
0	5224	425935.0172508974	1568.6317641288
0	5235	426846.25578895215	1848.3461875934
0	5242	427391.137986118012	1824.8942302074
0	5255	428584.53728444878	2425.5122328177
0	5260	429129.458019090854	2089.5943335257
0	5269	429487.367815431244	1777.8767261188
0	5282	430725.601602718272	2141.0643182695
0	5287	431089.069922547825	1746.6935898643
0	5296	431784.215417504348	1897.104859259
0	5305	432344.500518590249	1618.898915872
0	5314	433278.837595833504	1989.9201884866
0	5323	433760.935071576424	1933.2141940948
0	5334	434583.867325913198	1864.5461576991
0	5343	435359.470947319679	1751.0506482795
0	5354	436177.574314596169	2226.8762526568
0	5361	436745.54873909805	2126.6746967565
0	5370	437403.305632900484	1898.4090712387
0	5373	437781.986440205984	1604.4121256098
0	5386	438656.053774198555	1627.1892197896
0	5395	439670.98900331188	1801.2808214407
0	5404	440644.437929056622	2132.0130303036
0	5413	441320.623836340419	1923.0986641254
0	5424	442496.161621157117	2389.9562057108
0	5435	443414.835946122221	2475.9202410467
0	5440	444000.668617012016	2183.7620836683
0	5453	444956.975875748358	2428.0326673295
0	5458	445301.392965484447	1886.5570193622
0	5469	446471.990668913387	2273.4110046644
0	5476	447115.408154949583	2158.4322792012
0	5489	448214.772236812897	2431.1332033016
0	5498	448846.974462037943	2297.2797417082
0	5503	449373.101854976304	1962.2758632526
0	5516	450459.93668097075	2245.1644441579
0	5523	450954.675335856191	2107.7008738182
0	5532	451821.880666539109	2139.9558071047
0	5543	452450.8455589414	1990.9088779706
0	5552	453223.011431470549	2000.7329191547
0	5561	454039.442791510409	1993.83420269
0	5568	454624.331497075072	2173.4859381337
0	5575	455211.545610660723	1988.5341791902
0	5584	455999.615511624179	1960.1727201138
0	5597	456906.632020929864	2065.1755623054
0	5606	457638.259434700048	2213.7751123868
0	5613	458087.036192044652	1989.0341993887
0	5620	459020.998293114862	2114.366272185
0	5629	459377.857018215617	1739.5975835156
0	5640	460447.939272411204	2081.6786059644
0	5651	461194.113278947807	2148.0214102194
0	5660	462035.531776165626	2141.9446657877
0	5665	462584.39209735956	2054.1179975029
0	5674	463377.35536373224	2183.2420847844
0	5687	464604.730590339787	2569.1988141742
0	5696	465371.879482129626	2477.9736433178
0	5703	466038.3002368268	2277.1589440294
0	5712	466956.268670316823	2351.538079977
0	5723	467621.128753898703	2249.2492717691
0	5732	468465.34753879536	2193.6447368469
0	5741	469243.269582884424	2147.8308402468
0	5746	469641.73153247688	2020.6027785782
0	5755	470364.039037702643	1898.6914989073
0	5764	471464.206540910566	2220.9369580261
0	5775	472392.495702719355	2341.0594055895
0	5784	472890.0580725633	2085.3564797435
0	5791	473321.829739306161	1690.1077745017
0	5800	474350.872042262966	1874.7098041233
0	5809	475093.575028097296	1969.6039988659
0	5818	475858.947275904978	2000.5772617646
0	5831	476909.182889387051	2166.2761047017
0	5838	477722.312000161076	2450.5400641356
0	5849	478313.227410893926	2188.4217324201
0	5858	478851.090118708128	1941.9072293211
0	5867	479448.71979500171	1719.5397723466
0	5874	479958.78207986247	1645.5546689685
0	5885	480952.369741257319	2101.2796225492
0	5892	481345.266979839692	1896.547184838
0	5899	481753.614972531835	1547.0819315873
0	5910	482731.46871831272	1779.0989770554
0	5919	483415.094260219524	1821.671347646
0	5926	484189.164862968067	2175.7033577655
0	5935	484751.951414952094	1945.3214909881
0	5944	485369.542505499016	1691.333208885
0	5953	486583.788352506276	2054.3108435813
0	5966	487482.778021227608	2176.535363216
0	5975	488327.247102186123	2552.2245858796
0	5980	488979.705356201196	2311.8517623749
0	5993	489895.407700259278	2412.6296790317
0	6002	490776.556773204396	2449.3096710183
0	6009	491287.480540433938	2082.1706801187
0	6016	491878.286616504232	1982.878916245
0	6025	492643.730725301469	1867.1739520971
0	6036	493755.588642368133	2130.8992254082
0	6043	494577.149997744749	2120.3329647426
0	6054	495239.611805649513	2100.4488254897
0	6063	495982.89696802389	2086.4015945233
0	6072	496636.160430824423	2019.1208093427
0	6081	497656.232751254031	2263.2504207082
0	6092	498417.98495328989	2302.4765916634
0	6097	498993.820561096111	2018.9416048117
0	6106	499820.251009427049	2035.9144376591
0	6119	500383.50154752847	1965.5165942386
0	6128	500917.096011573488	1716.8956339359
0	6135	501406.690653925801	1466.5560829919
0	6142	502099.802952026988	1716.3014044985
0	6151	502689.360628277103	1772.2646167036
0	6162	503323.919070744927	1839.8532737978
0	6169	504102.604989521245	1792.4191456754
0	6178	504772.200802154879	1948.1890192721
0	6191	505679.54269121405	2086.772243958
0	6198	506249.45199508224	2006.5034714062
0	6205	506713.851330103393	1789.4836133346
0	6214	507807.519274111877	2127.9765828978
0	6225	508595.672349678392	2087.6261719968
0	6232	508959.472466865594	1617.0389359351
0	6241	509868.147616367826	1702.4037326686
0	6250	510563.935238448943	1929.7095700633
0	6259	511560.818271478677	2162.5020923093
0	6270	512596.597882825921	2376.8470509443
0	6277	513121.831021551082	2100.3973036073
0	6290	514287.928798841352	2374.4905733038
0	6297	515006.414979323784	2375.7576922886
0	6308	515905.940986331592	2455.8034907095
0	6315	516633.665681211318	2345.73688237
0	6326	517494.882235955487	2362.6682850067
0	6335	518106.759027438278	2200.8180411067
0	6344	518977.113118395249	2176.8917064182
0	6349	519375.373006844933	1880.4907708894
0	6358	520192.939410544972	2086.1803831067
0	6371	521182.596089271869	2205.4829708766
0	6378	521903.925062902312	2052.5929308962
0	6389	522793.688287027221	2446.1716696154
0	6394	523523.990113148507	2341.3940238766
0	6405	524300.111161591526	2320.1097034849
0	6414	525119.27468944345	2325.5864024162
0	6425	526136.443888116669	2570.659954939
0	6434	527016.648233961355	2560.4318424594
0	6443	527693.978499993723	2429.9199024215
0	6450	528217.2514631879	2080.8075750712
0	6457	528658.980330219534	1642.3320962582
0	6468	529585.056376503822	1891.0778765101
0	6475	529900.161280855578	1469.5706576575
0	6488	531342.676663119387	2279.5444835443
0	6497	532125.729015609291	2457.7651506756
0	6504	532656.199636962306	2137.5373820309
0	6513	533467.67237763856	2124.9957145192
0	6522	534319.879443291616	2194.1504276823
0	6529	534743.552381917876	1792.4223827664
0	6538	535243.307306198446	1425.9898229968
0	6547	535651.390046440108	1267.8679228295
0	6552	536393.357949145182	1621.1236515082
0	6565	537511.413918295918	1869.9718046933
0	6578	538756.3210761175	2305.2927615121
0	6583	539170.682521769821	2026.143604517
0	6596	540315.440289024307	2398.5583169851
0	6601	540685.597453219859	1929.2763771024
0	6614	541869.882192090198	2330.9222529642
0	6623	542583.077582996383	2267.6372939721
0	6630	543175.757216149986	2178.8547960576
0	6637	543910.855262959421	2040.9730708692
0	6648	544688.249061489522	2105.1714784931
0	6655	544996.117915492549	1649.8665909749
0	6664	545985.066099045842	1746.6166340746
0	6673	546935.129744047342	2012.6551869325
0	6682	547478.725029900714	1717.946927296
0	6693	548528.454881301194	2072.6531683467
0	6700	549141.553407115905	1903.3124432433
0	6709	550032.437744038223	2014.9321824778
0	6714	550432.235567411451	1632.6660920866
0	6727	551527.714321296706	1877.1809573751
0	6738	552408.312450768469	1975.7007714361
0	6747	553493.716189032464	2193.3507488575
0	6754	554036.662651738195	2039.6107861307
0	6763	554844.482859503521	2033.2727487199
0	6772	555347.459842264695	1687.0315699372
0	6781	556246.563342819034	1833.6676033214
0	6790	557194.14595481944	1968.9344353974
0	6803	558353.479652479335	2493.7688018661
0	6812	559060.20183116202	2417.7937095053
0	6821	559772.965742088899	2313.2099011447
0	6830	560434.131996100813	2080.6523436215
0	6839	561201.205793023154	2141.0039618611
0	6844	561670.188586134508	1897.2228440456
0	6855	562655.144753074318	2221.0127569735
0	6862	563089.977639773905	1888.7718467508
0	6871	563449.967484734996	1490.3743021656
0	6882	564790.546755027071	2015.9302453045
0	6891	565415.891327848703	1969.2568608094
0	6900	566370.272730058104	2168.9527211711
0	6909	567146.682485472456	2195.1814417262
0	6920	568206.864911830098	2413.3760300931
0	6925	568512.402897421316	1937.0669414755
0	6934	569446.295787999452	2037.0730164461
0	6943	570180.402611335785	1973.5376995057
0	6952	570723.339522583455	1765.0159925222
0	6965	571958.025955595122	2120.012580324
0	6974	572562.102755019487	2229.2857236229
0	6979	572910.299848252953	1841.1305199377
0	6990	573659.513218374969	1701.4872627798
0	6997	574023.029235703917	1460.9264806844
0	7008	575416.170992190064	2245.6251231954
0	7019	576207.41410888736	2245.8143271971
0	7024	576779.006787249864	2006.2883241568
0	7035	577740.968145523265	2145.8688255865
0	7042	578314.609642932236	2107.1955340449
0	7051	579044.474896648944	1948.4220958315
0	7060	579941.204248834447	1996.3132104836
0	7069	581056.355418171779	2224.7396958992
0	7082	581917.265563644514	2459.553239448
0	7089	582569.623444927902	2246.3814241346
0	7096	582973.15571699296	1845.241046045
0	7105	583718.165442952932	1800.8998793084
0	7116	584681.337603041948	2013.1215122994
0	7123	585180.786587158264	1855.227555614
0	7136	586191.391508560673	2214.7524284665
0	7143	586761.193333659366	1926.1250782292
0	7150	587253.96440410991	1726.1841547675
0	7155	587677.513312781274	1486.1218042206
0	7168	588910.403346503199	1885.2592307143
0	7179	589980.46880671759	2151.5139742289
0	7186	590848.461416037798	2238.6541477405
0	7195	591822.767421556682	2321.7326697428
0	7204	592707.032545656012	2373.1688976288
0	7215	593346.782546443911	2195.8915268071
0	7222	593721.109729679348	1687.2013680171
0	7235	594674.288396956445	1754.1826110799
0	7244	595482.660586293833	1962.1285281144
0	7249	596017.260447610216	1751.8001295626
0	7258	596659.489033743785	1985.2006367873
0	7269	597879.703008290427	2397.0424219966
0	7276	598278.317284444394	1932.1380986832
0	7285	599114.250402990775	1885.9045605641
0	7296	600329.82655051169	2267.7688585594
0	7305	600996.230366081046	2394.7652546223
0	7316	601942.150962073402	2441.036812216
0	7325	602792.093817377509	2443.3679643553
0	7334	603382.520866580354	2301.2834820896
0	7339	603734.053945262032	1791.9029831886
0	7348	604335.955645842524	1543.861828465
1	3181	260907.250013854377	352
1	3192	261764.366366760827	353
1	3199	262385.914877895288	354
1	3210	263344.693016633414	355
1	3217	263859.240499371685	356
1	3228	264648.28723096291	357
1	3237	265551.728519517952	358
1	3248	266431.821260461607	359
1	3253	266823.732803436019	360
1	3262	267610.739477863559	361
1	3271	268363.204790744954	362
1	3284	269447.871514968598	363
1	3289	269892.994134128118	364
1	3298	270482.558205211559	365
1	3307	271279.744921764383	366
1	3316	271879.629885870988	367
1	3325	272803.348938608566	368
1	3334	273820.1585212257	369
1	3347	274896.111028036127	370
1	3356	275766.568810539345	371
1	3361	276209.976436570312	372
1	3370	276848.799759568672	373
1	3383	277857.070772442992	374
1	3388	278562.362855672862	375
1	3399	279235.746335238244	376
1	3410	280220.555960247318	377
1	3417	280663.223351351942	378
1	3424	281105.951105430747	379
1	3433	281804.705174826111	380
1	3442	282566.352159809346	381
1	3455	283791.25772165137	382
1	3464	284573.351592477436	383
1	3471	285325.453530158873	384
1	3482	286045.949047571074	385
1	3487	286600.606728019219	386
1	3498	287626.174569223102	387
1	3505	287971.436137938898	388
1	3518	289148.704323358861	389
1	3527	290021.081227250424	390
1	3534	290510.489824879941	391
1	3541	291295.770331705016	392
1	3554	292176.612780801979	393
1	3559	292537.821003701565	394
1	3568	293501.418899511946	395
1	3577	294222.394710313556	396
1	3588	295112.740917457294	397
1	3595	295519.205672107664	398
1	3604	296081.720505980802	399
1	3613	296929.718748992336	400
1	3626	297764.673846121905	401
1	3633	298431.266776844887	402
1	3642	299228.482694830773	403
1	3649	300034.573312941967	404
1	3660	300748.066472634701	405
1	3669	301330.130110820783	406
1	3680	302463.237788993894	407
1	3685	302842.906520934804	408
1	3698	303687.298304960161	409
1	3707	304273.314456269174	410
1	3714	304666.244316939294	411
1	3725	305389.77275979708	412
1	3732	306105.704939179151	413
1	3741	306722.613347601174	414
1	3748	307135.37354338917	415
1	3757	307926.76229747015	416
1	3768	308832.798979198588	417
1	3775	309676.091039506746	418
1	3784	310120.84322576414	419
1	3793	311380.11643742214	420
1	3806	312275.295149395271	421
1	3813	312959.820712683751	422
1	3824	313935.385608952522	423
1	3829	314262.488546222478	424
1	3838	314970.775254350185	425
1	3847	315470.848125172808	426
1	3858	316437.172742793366	427
1	3865	316916.294725751534	428
1	3878	318270.079753641069	429
1	3887	319126.819095388085	430
1	3892	319496.166369365558	431
1	3903	320828.692917292968	432
1	3914	321445.421605557234	433
1	3923	322184.746279148416	434
1	3930	322998.160863993721	435
1	3941	323791.264341166274	436
1	3948	324385.501023195715	437
1	3959	325248.54355514984	438
1	3968	326083.541442174496	439
1	3975	326518.913468392597	440
1	3986	327586.966409627379	441
1	3995	328367.38723050806	442
1	4000	328686.446190392629	443
1	4013	329678.732430702106	444
1	4018	330076.624703686715	445
1	4031	330883.263021474735	446
1	4038	331462.04512724656	447
1	4047	332269.676698045836	448
1	4056	332730.288617452637	449
1	4063	333239.281112747297	450
1	4074	334413.790896115855	451
1	4083	335266.694147978008	452
1	4090	335755.780518706918	453
1	4101	336726.275695720718	454
1	4110	337376.080943690644	455
1	4117	338097.284665843503	456
1	4128	338775.580275803835	457
1	4135	339119.555176002935	458
1	4148	340389.198894426257	459
1	4153	340841.870210738883	460
1	4162	341677.737986343012	461
1	4171	342388.493199041144	462
1	4180	343074.522838136212	463
1	4189	343906.712828250632	464
1	4198	344415.62996073629	465
1	4209	345361.158002866462	466
1	4218	346134.499924443692	467
1	4227	346725.018652109459	468
1	4234	347146.420372417227	469
1	4243	347870.074734650583	470
1	4254	348843.58815397139	471
1	4265	349598.15890188332	472
1	4272	350004.73542069088	473
1	4281	351083.602596726299	474
1	4290	351799.788347817988	475
1	4299	352414.181887730987	476
1	4306	353225.998668372662	477
1	4315	353763.051522010968	478
1	4326	354449.578964011775	479
1	4337	355177.959062950717	480
1	4344	355881.690853787618	481
1	4353	356709.534077206659	482
1	4362	357425.93445000242	483
1	4373	358403.189427265928	484
1	4382	359011.485265614496	485
1	4389	359652.19967714514	486
1	4396	360395.018141577052	487
1	4405	360933.536336012216	488
1	4418	362150.331628974559	489
1	4425	362957.97742106955	490
1	4432	363509.132381435516	491
1	4443	364212.282784190061	492
1	4450	364722.396190557661	493
1	4463	365807.543542888048	494
1	4470	366561.548159876871	495
1	4477	366950.464071845668	496
1	4486	367878.207275178316	497
1	4495	368591.526798158917	498
1	4506	369595.78627101149	499
1	4517	370380.357790086452	500
1	4526	370929.851905675639	501
1	4533	371698.75170537274	502
1	4544	372557.563776103814	503
1	4551	373357.136598788236	504
1	4558	373775.680987117846	505
1	4571	374738.669020822306	506
1	4580	375285.563634848256	507
1	4589	375900.895628007163	508
1	4596	376380.298319784959	509
1	4607	377409.847538173233	510
1	4616	378155.441719573025	511
1	4621	378551.78909003738	512
1	4630	379164.335319260169	513
1	4643	380176.419983245466	514
1	4648	380833.53763581257	515
1	4657	381447.628838103298	516
1	4670	382582.261298736591	517
1	4675	383304.800852900405	518
1	4686	384259.747538622503	519
1	4695	384642.459968011861	520
1	4702	385259.630980761757	521
1	4711	386073.509153164958	522
1	4724	386836.585852922906	523
1	4729	387179.957534652238	524
1	4742	388378.426230512594	525
1	4749	388794.150081044098	526
1	4756	389531.717809522559	527
1	4767	390482.992389192839	528
1	4774	391188.960871752386	529
1	4783	391588.496194034849	530
1	4792	392404.527475079556	531
1	4801	393078.383771935513	532
1	4812	393921.489538857748	533
1	4819	394302.368029626121	534
1	4828	395299.716841103544	535
1	4837	395794.321584468743	536
1	4846	396757.350404234638	537
1	4857	397392.861725483125	538
1	4866	397999.205387290602	539
1	4877	399297.028119955247	540
1	4882	399646.55277463611	541
1	4893	400401.706756604871	542
1	4904	401280.400562938338	543
1	4913	401841.553162643721	544
1	4920	402211.404265696218	545
1	4931	403295.752796810155	546
1	4940	403741.543117957224	547
1	4947	404231.68601864021	548
1	4956	405240.091983508353	549
1	4963	405871.393983671476	550
1	4976	406819.764682324638	551
1	4985	407394.385359389742	552
1	4992	408056.063401792233	553
1	4999	408601.577011356165	554
1	5008	409368.391683418338	555
1	5019	409757.60424099866	556
1	5028	410597.726957872545	557
1	5035	411273.594410251861	558
1	5044	412009.475674107705	559
1	5055	413102.384108444711	560
1	5064	413674.914592970198	561
1	5075	414654.225207818708	562
1	5082	415267.588347243181	563
1	5089	415591.336295614055	564
1	5102	416535.589370783454	565
1	5109	417205.171992816067	566
1	5120	418174.058466497844	567
1	5125	418564.492985699361	568
1	5136	419623.811126500403	569
1	5145	420079.383693728631	570
1	5156	420668.877107882909	571
1	5163	421434.437582502178	572
1	5172	422284.627993125506	573
1	5181	422985.948512563519	574
1	5188	423352.55244132135	575
1	5197	424180.13561395932	576
1	5208	424974.23303145919	577
1	5215	425448.040504613929	578
1	5224	425935.0172508974	579
1	5235	426846.25578895215	580
1	5242	427391.137986118012	581
1	5255	428584.53728444878	582
1	5260	429129.458019090854	583
1	5269	429487.367815431244	584
1	5282	430725.601602718272	585
1	5287	431089.069922547825	586
1	5296	431784.215417504348	587
1	5305	432344.500518590249	588
1	5314	433278.837595833504	589
1	5323	433760.935071576424	590
1	5334	434583.867325913198	591
1	5343	435359.470947319679	592
1	5354	436177.574314596169	593
1	5361	436745.54873909805	594
1	5370	437403.305632900484	595
1	5373	437781.986440205984	596
1	5386	438656.053774198555	597
1	5395	439670.98900331188	598
1	5404	440644.437929056622	599
1	5413	441320.623836340419	600
1	5424	442496.161621157117	601
1	5435	443414.835946122221	602
1	5440	444000.668617012016	603
1	5453	444956.975875748358	604
1	5458	445301.392965484447	605
1	5469	446471.990668913387	606
1	5476	447115.408154949583	607
1	5489	448214.772236812897	608
1	5498	448846.974462037943	609
1	5503	449373.101854976304	610
1	5516	450459.93668097075	611
1	5523	450954.675335856191	612
1	5532	451821.880666539109	613
1	5543	452450.8455589414	614
1	5552	453223.011431470549	615
1	5561	454039.442791510409	616
1	5568	454624.331497075072	617
1	5575	455211.545610660723	618
1	5584	455999.615511624179	619
1	5597	456906.632020929864	620
1	5606	457638.259434700048	621
1	5613	458087.036192044652	622
1	5620	459020.998293114862	623
1	5629	459377.857018215617	624
1	5640	460447.939272411204	625
1	5651	461194.113278947807	626
1	5660	462035.531776165626	627
1	5665	462584.39209735956	628
1	5674	463377.35536373224	629
1	5687	464604.730590339787	630
1	5696	465371.879482129626	631
1	5703	466038.3002368268	632
1	5712	466956.268670316823	633
1	5723	467621.128753898703	634
1	5732	468465.34753879536	635
1	5741	469243.269582884424	636
1	5746	469641.73153247688	637
1	5755	470364.039037702643	638
1	5764	471464.206540910566	639
1	5775	472392.495702719355	640
1	5784	472890.0580725633	641
1	5791	473321.829739306161	642
1	5800	474350.872042262966	643
1	5809	475093.575028097296	644
1	5818	475858.947275904978	645
1	5831	476909.182889387051	646
1	5838	477722.312000161076	647
1	5849	478313.227410893926	648
1	5858	478851.090118708128	649
1	5867	479448.71979500171	650
1	5874	479958.78207986247	651
1	5885	480952.369741257319	652
1	5892	481345.266979839692	653
1	5899	481753.614972531835	654
1	5910	482731.46871831272	655
1	5919	483415.094260219524	656
1	5926	484189.164862968067	657
1	5935	484751.951414952094	658
1	5944	485369.542505499016	659
1	5953	486583.788352506276	660
1	5966	487482.778021227608	661
1	5975	488327.247102186123	662
1	5980	488979.705356201196	663
1	5993	489895.407700259278	664
1	6002	490776.556773204396	665
1	6009	491287.480540433938	666
1	6016	491878.286616504232	667
1	6025	492643.730725301469	668
1	6036	493755.588642368133	669
1	6043	494577.149997744749	670
1	6054	495239.611805649513	671
1	6063	495982.89696802389	672
1	6072	496636.160430824423	673
1	6081	497656.232751254031	674
1	6092	498417.98495328989	675
1	6097	498993.820561096111	676
1	6106	499820.251009427049	677
1	6119	500383.50154752847	678
1	6128	500917.096011573488	679
1	6135	501406.690653925801	680
1	6142	502099.802952026988	681
1	6151	502689.360628277103	682
1	6162	503323.919070744927	683
1	6169	504102.604989521245	684
1	6178	504772.200802154879	685
1	6191	505679.54269121405	686
1	6198	506249.45199508224	687
1	6205	506713.851330103393	688
1	6214	507807.519274111877	689
1	6225	508595.672349678392	690
1	6232	508959.472466865594	691
1	6241	509868.147616367826	692
1	6250	510563.935238448943	693
1	6259	511560.818271478677	694
1	6270	512596.597882825921	695
1	6277	513121.831021551082	696
1	6290	514287.928798841352	697
1	6297	515006.414979323784	698
1	6308	515905.940986331592	699
1	6315	516633.665681211318	700
1	6326	517494.882235955487	701
1	6335	518106.759027438278	702
1	6344	518977.113118395249	703
1	6349	519375.373006844933	704
1	6358	520192.939410544972	705
1	6371	521182.596089271869	706
1	6378	521903.925062902312	707
1	6389	522793.688287027221	708
1	6394	523523.990113148507	709
1	6405	524300.111161591526	710
1	6414	525119.27468944345	711
1	6425	526136.443888116669	712
1	6434	527016.648233961355	713
1	6443	527693.978499993723	714
1	6450	528217.2514631879	715
1	6457	528658.980330219534	716
1	6468	529585.056376503822	717
1	6475	529900.161280855578	718
1	6488	531342.676663119387	719
1	6497	532125.729015609291	720
1	6504	532656.199636962306	721
1	6513	533467.67237763856	722
1	6522	534319.879443291616	723
1	6529	534743.552381917876	724
1	6538	535243.307306198446	725
1	6547	535651.390046440108	726
1	6552	536393.357949145182	727
1	6565	537511.413918295918	728
1	6578	538756.3210761175	729
1	6583	539170.682521769821	730
1	6596	540315.440289024307	731
1	6601	540685.597453219859	732
1	6614	541869.882192090198	733
1	6623	542583.077582996383	734
1	6630	543175.757216149986	735
1	6637	543910.855262959421	736
1	6648	544688.249061489522	737
1	6655	544996.117915492549	738
1	6664	545985.066099045842	739
1	6673	546935.129744047342	740
1	6682	547478.725029900714	741
1	6693	548528.454881301194	742
1	6700	549141.553407115905	743
1	6709	550032.437744038223	744
1	6714	550432.235567411451	745
1	6727	551527.714321296706	746
1	6738	552408.312450768469	747
1	6747	553493.716189032464	748
1	6754	554036.662651738195	749
1	6763	554844.482859503521	750
1	6772	555347.459842264695	751
1	6781	556246.563342819034	752
1	6790	557194.14595481944	753
1	6803	558353.479652479335	754
1	6812	559060.20183116202	755
1	6821	559772.965742088899	756
1	6830	560434.131996100813	757
1	6839	561201.205793023154	758
1	6844	561670.188586134508	759
1	6855	562655.144753074318	760
1	6862	563089.977639773905	761
1	6871	563449.967484734996	762
1	6882	564790.546755027071	763
1	6891	565415.891327848703	764
1	6900	566370.272730058104	765
1	6909	567146.682485472456	766
1	6920	568206.864911830098	767
1	6925	568512.402897421316	768
1	6934	569446.295787999452	769
1	6943	570180.402611335785	770
1	6952	570723.339522583455	771
1	6965	571958.025955595122	772
1	6974	572562.102755019487	773
1	6979	572910.299848252953	774
1	6990	573659.513218374969	775
1	6997	574023.029235703917	776
1	7008	575416.170992190064	777
1	7019	576207.41410888736	778
1	7024	576779.006787249864	779
1	7035	577740.968145523265	780
1	7042	578314.609642932236	781
1	7051	579044.474896648944	782
1	7060	579941.204248834447	783
1	7069	581056.355418171779	784
1	7082	581917.265563644514	785
1	7089	582569.623444927902	786
1	7096	582973.15571699296	787
1	7105	583718.165442952932	788
1	7116	584681.337603041948	789
1	7123	585180.786587158264	790
1	7136	586191.391508560673	791
1	7143	586761.193333659366	792
1	7150	587253.96440410991	793
1	7155	587677.513312781274	794
1	7168	588910.403346503199	795
1	7179	589980.46880671759	796
1	7186	590848.461416037798	797
1	7195	591822.767421556682	798
1	7204	592707.032545656012	799
1	7215	593346.782546443911	800
1	7222	593721.109729679348	801
1	7235	594674.288396956445	802
1	7244	595482.660586293833	803
1	7249	596017.260447610216	804
1	7258	596659.489033743785	805
1	7269	597879.703008290427	806
1	7276	598278.317284444394	807
1	7285	599114.250402990775	808
1	7296	600329.82655051169	809
1	7305	600996.230366081046	810
1	7316	601942.150962073402	811
1	7325	602792.093817377509	812
1	7334	603382.520866580354	813
1	7339	603734.053945262032	814
1	7348	604335.955645842524	815

