version 2
run Pipelined_3Teachers-13-20190105-10:57:20-6264
attr configname Pipelined_3Teachers
attr datetime 20190105-10:57:20
attr experiment Pipelined_3Teachers
attr inifile ../simulations/omnetpp.ini
attr iterationvars "$0=\"uniform\""
attr iterationvarsf uniform-
attr measurement "$0=\"uniform\""
attr network PipelinedExamSession
attr processid 6264
attr repetition 13
attr replication #13
attr resultdir results
attr runnumber 13
attr seedset 13
param **.teachersNumber 3
param **.answerTimeDistribution "\"uniform\""
param **.minUniform 300
param **.maxUniform 900
param **.scaleLognormal 6.2854
param **.shapeLognormal 0.4724

vector 0 PipelinedExamSession examinationTime:vector ETV
attr source examFinished
vector 1 PipelinedExamSession studentID:vector ETV
attr source student
0	3176	260303.115642769281	2295.8949173335
0	3181	260728.783682081867	1861.0783697572
0	3192	261670.62085373329	1997.9478936642
0	3199	262149.049524357561	1845.9338815883
0	3208	262476.089527085442	1468.721546419
0	3217	263323.095255671087	1539.7685379256
0	3226	264159.894406283293	1758.473415859
0	3239	265122.821074118856	2112.215323979
0	3244	265669.018834317121	2120.0137117412
0	3253	266174.839291255939	1825.6644928828
0	3264	267192.496024025623	2069.6749499068
0	3273	268028.822311526184	2143.089379929
0	3284	268816.422007558887	2070.0286759995
0	3289	269324.582423223202	1913.7749323156
0	3300	269861.493774829452	1672.5146746729
0	3307	270684.396680351366	1867.9746727925
0	3318	271565.738520026227	2143.8699698076
0	3327	272394.762430200373	2213.2437931839
0	3336	273084.196397149955	2196.0882185027
0	3343	273504.104609275256	1797.828010004
0	3352	274061.737701483091	1628.8357850164
0	3365	275530.488007469122	2408.972904738
0	3370	276054.844630882163	2134.2372459825
0	3381	276975.756797846426	2260.6593113858
0	3388	277599.923549965043	2069.4355424959
0	3397	278116.318058548515	1888.5767485946
0	3406	279117.505294270833	1991.564934561
0	3417	279857.78583381327	1975.4803413525
0	3424	280555.819064984118	1932.2171384934
0	3437	281692.405490437543	2211.3007821143
0	3444	282137.732884241289	2112.2842848301
0	3451	282565.999803319594	1689.8244777694
0	3462	283778.39328898119	2085.9877985436
0	3471	284426.109476666918	2112.8079802729
0	3480	285263.028807006797	2225.3444060683
0	3489	285860.368159040829	1937.0803068392
0	3496	286364.707724237837	1688.3806231432
0	3505	287265.392785007156	1848.1263545807
0	3516	287859.496484650322	1924.74712478
0	3523	288786.687535140686	1975.7306958083
0	3532	289319.876655936264	1916.4287142456
0	3541	289924.780152412154	1642.6445171703
0	3550	290830.591128906258	1678.7958816625
0	3561	292091.975390212634	2282.882792037
0	3568	292611.806859914237	2066.1600823514
0	3577	293295.70351224395	1928.7824314088
0	3590	294491.071290615969	2228.4222337883
0	3599	295176.814905228116	2426.5125211794
0	3608	296036.808399902679	2410.5636217631
0	3617	296677.859545592241	2186.7882549763
0	3622	297334.497804846637	2157.6828996185
0	3635	298239.923331420891	2203.1149315182
0	3640	298605.451574642234	1927.59202905
0	3649	299485.84232227879	2045.2938952949
0	3658	300309.046803647675	2069.1234722268
0	3671	301349.159771623112	2391.4423014969
0	3676	301816.761358128883	2098.8343713339
0	3685	302265.103649720571	1798.1288710143
0	3694	303126.984363980613	1777.8245923575
0	3705	303937.293400196381	1732.8925830312
0	3714	304881.732957344525	2068.4087653644
0	3721	305234.176732040965	1690.6804789323
0	3732	306470.711094886087	2208.905465249
0	3741	307208.714345237263	2167.1038221102
0	3750	307714.384187338897	1881.7965704016
0	3757	308372.388081857958	1900.004937686
0	3770	309404.209425207251	2133.4946998861
0	3775	309828.73313496823	1677.9091626406
0	3784	310574.548098491529	1865.4534460511
0	3795	311873.609691392654	2469.4002661854
0	3806	312324.241132289195	2074.7425569221
0	3815	313048.067173222104	1980.6848920416
0	3820	313795.505905570487	1914.2164114863
0	3829	314471.197336865613	2146.9562045764
0	3838	315100.074199726829	2052.0070265047
0	3849	316177.672540163646	2266.7221678421
0	3856	316626.693340810041	1816.2737571169
0	3867	317414.568278007234	1807.2372217197
0	3874	318290.589880943323	2110.9960582573
0	3883	318815.425857715334	1940.0473872665
0	3892	319493.517229473244	1912.6727314666
0	3901	320032.954103266846	1567.8520950023
0	3910	320861.75737297165	1689.8127160035
0	3919	321763.969991309593	2089.9601806886
0	3930	322531.665292941058	2013.8450630475
0	3937	323277.021142188484	1886.5111498162
0	3946	323759.6021415666	1661.5251770709
0	3959	324926.349904574479	2093.1826977991
0	3966	325417.857914138611	1984.7215460613
0	3973	326172.0349011943	1881.9858730305
0	3982	326661.454825289573	1735.1049207151
0	3991	327142.049486562635	1435.458430415
0	4004	328440.450546517994	2193.1924814824
0	4013	328877.444899175342	1917.4189197365
0	4022	329550.825208146151	1950.5811195821
0	4029	330276.97021993811	1836.5196734201
0	4038	330901.835125777896	2024.3902266026
0	4049	331360.173758631598	1809.3485504854
0	4056	331796.60754804502	1488.2755518425
0	4063	332403.449028963249	1494.1363375168
0	4072	333257.391051203038	1897.2172925714
0	4085	334293.882418843011	2230.8508268092
0	4090	334746.310588577787	1965.8172170632
0	4103	335830.686245486165	2387.747303769
0	4112	336167.198454821507	1873.3160359785
0	4117	336585.402202326829	1654.3639502954
0	4130	337167.598160170043	1336.9119146839
0	4135	337617.370831640462	1450.172376819
0	4148	338453.50850662219	1735.2799681015
0	4157	339330.606146715606	2163.0079865456
0	4166	340200.134453689704	2431.7969541997
0	4173	340807.401900552238	2353.89339393
0	4184	341804.758465429793	2474.1523187142
0	4193	342619.676631968494	2419.5421782788
0	4200	343041.727157123412	2103.1194215175
0	4209	343509.413564018931	1704.6550985891
0	4216	343858.640413032871	1238.9637810644
0	4225	344771.777695370865	1692.6866906695
0	4236	345634.898029267814	2045.4886211548
0	4245	346271.059916680704	1871.2668889202
0	4256	347306.717394478645	2149.5895574335
0	4263	348121.733151795369	2223.9761514589
0	4272	348713.445504382279	2034.6233152784
0	4283	349793.375729396966	2486.6583349183
0	4290	350506.569787859943	2366.8934629764
0	4301	351421.73455241139	2495.8651489578
0	4306	351909.793954202933	2116.418224806
0	4317	352570.0828295667	1925.4860234912
0	4326	353288.02924454215	1866.2946921308
0	4333	353680.632427521078	1556.0660782736
0	4338	354194.475610507679	1583.3012647927
0	4351	355313.961532898275	1967.3509314191
0	4360	355883.934304257883	1640.6467316207
0	4371	357080.770383635563	2012.9780624527
0	4378	357587.556228926433	1825.4681741819
0	4389	358384.904652927098	1734.263396915
0	4396	358963.850972056417	1721.8620108906
0	4405	359467.296696407749	1564.724294655
0	4414	360072.028337605326	1555.0080437679
0	4427	361308.133337879581	2170.4864455853
0	4434	362187.697039358345	2300.8965649176
0	4441	362727.019242988927	2226.2512799352
0	4452	363418.338218936725	2110.2048810571
0	4459	364074.497690610616	1874.1492229979
0	4468	364706.559207430138	1852.9499254189
0	4477	365617.331913951813	1917.2354250681
0	4486	366554.511117283284	2128.1588047743
0	4497	367290.478680934786	2018.2684920263
0	4508	368355.032338388293	2280.3076231387
0	4515	368855.640246346622	1974.7497116681
0	4526	369865.22508021447	2294.6086394135
0	4535	370710.788881173387	2355.7565427851
0	4540	371095.222526276514	1976.2935724575
0	4549	372104.600690910623	2239.3756106962
0	4558	372539.928322797672	1829.1394416243
0	4571	373729.993374925137	2204.2640383355
0	4580	374306.240616319731	2037.5327762682
0	4589	374991.031501069695	2026.038448792
0	4596	375635.819363733784	1905.8259888086
0	4607	376206.728847138614	1900.4882308189
0	4612	376711.219653021575	1720.1881519519
0	4623	377310.778647288711	1642.4241908826
0	4630	378156.577216973559	1949.8483698349
0	4641	378977.38214749846	2135.3225355037
0	4648	379465.611481200935	1967.7875873633
0	4659	380157.232688739927	1766.9848897029
0	4670	380913.847199315236	1788.6598791461
0	4677	381517.750176088915	1753.4955707844
0	4684	382045.813601324365	1752.4706632365
0	4693	382713.623000588299	1799.7758012731
0	4706	384064.916080841826	2527.6546619833
0	4715	384924.40918441865	2560.8268643729
0	4720	385269.422288099335	2047.3204426467
0	4729	385977.636593207748	1912.7205123659
0	4740	386908.682490047099	1984.2733056284
0	4747	387485.22388385612	1816.2955270149
0	4760	388460.261279996516	2182.1904579643
0	4767	389219.450691109555	2117.9699003231
0	4776	389784.853390697421	1911.7777343374
0	4785	390926.419261051373	2466.1579810549
0	4794	391543.097402108864	2208.9062640443
0	4803	392193.240959616409	2001.261236798
0	4814	393188.333783531593	2254.8479143996
0	4821	393999.993445118921	2416.6893711314
0	4828	394432.180472742798	2020.9406209644
0	4841	395070.484851859542	1882.1510683279
0	4848	395579.683175403657	1528.3662978094
0	4855	396172.027065278995	1663.7421405874
0	4864	397266.144284466314	2195.6594326068
0	4873	397837.957878224584	1871.6174511239
0	4884	398939.794285688582	2100.5642558914
0	4891	399645.911104325238	2140.5529506505
0	4904	400677.176021598312	2319.2468224559
0	4909	401297.966912621665	2341.5295719635
0	4920	401897.660204395684	2054.3008051347
0	4929	402791.613114997777	2114.4370933995
0	4936	403349.42380897704	1845.0070898049
0	4945	403991.31473740566	1664.5488859154
0	4956	404784.417460765722	1613.5505028069
0	4965	405747.990244254502	2054.9533583689
0	4976	406659.094660822335	2474.0157126915
0	4983	407084.317529853466	2025.6994526368
0	4986	407495.816875482011	1710.0694086403
0	5003	408910.937899723682	2251.8432389013
0	5008	409457.005429593879	1928.3020097762
0	5019	410245.196338696438	2141.4043326862
0	5030	411059.433255298096	2148.4953555744
0	5039	411834.49076120745	2174.078037031
0	5048	412457.795826438848	2160.5039306916
0	5053	412848.117301287163	1788.6840459891
0	5062	413474.594909325276	1640.1041481178
0	5073	414824.066322064061	2366.2704956252
0	5080	415147.552024433423	1838.0321226083
0	5089	415883.862343663383	1865.0798795745
0	5098	416564.281374122981	1736.8922804017
0	5109	417062.754917331074	1802.7842016891
0	5116	417602.68122707497	1457.5307930354
0	5125	418769.054936058854	2074.865629524
0	5136	419657.463842444156	2111.0390874557
0	5145	420363.115167338435	1920.6468507182
0	5156	421029.343093000386	2032.6242878102
0	5161	421656.48502078842	1817.9891514592
0	5170	422191.411584522608	1820.787555445
0	5183	423310.531264822963	2281.1881718226
0	5192	423811.933561647344	1991.2332720123
0	5199	424456.554729910601	1973.6714812461
0	5206	425032.671538833562	1722.1402740106
0	5215	425462.951180152628	1651.0176185053
0	5226	426745.679321419481	2042.2763981391
0	5237	427630.634998669881	2314.7316103801
0	5242	428168.794532446224	2073.0349239428
0	5251	428869.290559552643	2121.0006273352
0	5262	429906.482780585099	2275.8477819152
0	5271	430435.498349089209	1909.9623842631
0	5280	431054.581245034967	1692.5009777304
0	5287	431938.235586974804	1950.0754491426
0	5296	432546.699490444769	2031.8055979908
0	5309	433567.677358165418	2319.4037632551
0	5318	434371.176388207858	2227.4688427337
0	5327	435257.920539379155	2572.0223858021
0	5332	435604.626425402274	2036.9490672369
0	5341	436210.430578608101	1839.2541904002
0	5350	437095.27541454885	1837.3548751697
0	5363	437625.919607654249	1646.0361173842
0	5370	438392.819692287629	1798.396188207
0	5381	439079.347566375544	1947.7738310583
0	5390	439851.757042715361	2225.8374350611
0	5397	440455.911724409124	2029.3505561538
0	5406	441408.319877134671	2328.9723107591
0	5415	442073.152953246644	2221.3959105313
0	5422	442381.223389226979	1755.3105037194
0	5433	443289.608807209915	1781.3682380598
0	5440	443766.176763502917	1537.3169283383
0	5451	445088.856891123613	2467.0412577689
0	5462	445892.797226691654	2465.5795118306
0	5471	446634.594790404698	2352.1092962008
0	5480	447534.405361628195	2400.404248992
0	5487	448356.363721098786	2463.5664944071
0	5494	448671.669303439593	2037.0745130349
0	5503	449371.192260598799	1836.7868989706
0	5514	450355.091875931283	1925.862473622
0	5521	451179.901486169582	1924.2363849655
0	5532	451886.920900829171	1911.0571284313
0	5539	452759.299047477578	2139.6676238626
0	5548	453172.17299630869	1757.8094394878
0	5559	454071.858602017199	1991.1971775815
0	5568	454698.122520698269	1833.6600804236
0	5575	455217.317194445094	1760.3656666819
0	5584	456083.952979976347	1740.49949334
0	5595	457205.360464705189	2477.4333662353
0	5602	457603.032910963555	2081.3832656946
0	5613	458631.395981926506	2234.2206906527
0	5622	459341.524831764436	2050.3970920108
0	5631	460129.239696962795	1967.4030391965
0	5640	460591.450731782279	1881.9698314648
0	5647	460942.174601974002	1414.9648245424
0	5658	461973.960431339255	1786.0433818772
0	5669	462820.857774512878	1999.2704230361
0	5674	463233.989410847461	1988.852993818
0	5683	463969.991904264352	1981.7313713953
0	5694	465214.455807488447	2393.5980329756
0	5701	466107.574283983594	2424.1627327166
0	5710	466598.222950939125	2079.3045076076
0	5719	467354.418333526736	1978.44448057
0	5730	468448.34150075916	2179.6065296978
0	5737	468930.142267327791	1814.2540563829
0	5746	470190.282557392529	2225.0381638762
0	5757	470942.23389853727	2145.5704443622
0	5764	471635.634482558853	2118.5252338182
0	5777	472563.482992770186	2245.34624191
0	5782	473036.810363642907	1870.159753086
0	5791	473732.487363461441	1787.9769778345
0	5800	474977.371276170051	2413.8882833999
0	5809	475573.083614325186	2121.3139458094
0	5818	476273.026214679739	1943.7979381531
0	5829	477107.805605325883	1896.7067878693
0	5836	478220.313933352044	2240.8661725
0	5849	478973.86559983719	2253.608277021
0	5858	479544.61436597634	2121.2684823666
0	5863	480016.004829760677	1784.2405947391
0	5874	480706.087463395706	1732.2218635585
0	5881	481193.216711143068	1648.6023451667
0	5892	482589.173067407719	2449.6861436404
0	5899	483016.895527951456	2027.0812630188
0	5910	484105.566685600244	2296.2382603437
0	5921	485003.974030260034	2304.43812171
0	5930	485671.760955126994	2164.6140038967
0	5937	486310.477833682709	2097.7341480553
0	5948	486931.980826193505	1928.0067959335
0	5955	487387.967371149027	1716.206416022
0	5964	488066.547523532101	1741.672392888
0	5973	488737.905240431466	1805.924414238
0	5982	489397.8358803783	1844.9651767965
0	5989	490087.732357671523	1850.29298421
0	5998	490764.040811453053	1778.3093811013
0	6007	491651.828102069014	1920.3375073615
0	6016	492336.572135472709	2081.4399592113
0	6029	493062.477676430755	1958.0413851421
0	6036	493798.086962755807	1960.670503322
0	6047	494534.15379161019	1895.062989369
0	6052	495162.570911692494	2100.0932352617
0	6063	495820.921997353473	2003.0005754437
0	6070	496492.658651853019	1958.5048602428
0	6081	497661.235724994952	2242.158735171
0	6092	498475.906405923927	2310.8625078108
0	6097	498950.775478687176	2063.9664578252
0	6106	499578.58191593554	1809.9724383093
0	6119	500805.838892329523	2329.9324864056
0	6126	501488.359562633598	2337.5021430664
0	6133	502008.412279654333	1968.2771226391
0	6146	503003.438461292574	2197.5995689631
0	6151	503327.263781335244	1740.0760951918
0	6164	504748.387548280919	2335.8572415076
0	6171	505110.136925429145	2106.6984641366
0	6180	506042.139483243266	2155.9381656814
0	6191	506893.552920129189	2145.1653718483
0	6200	507554.957185266578	2259.2813164461
0	6205	508168.961160862857	2038.7891144492
0	6214	508519.60969395008	1626.0567738209
0	6227	509791.987159755119	2237.0299744885
0	6236	510691.812115581744	2327.9302784242
0	6245	511311.474634660446	2326.7302810214
0	6254	511908.416858827733	2116.4296990726
0	6263	512731.827480811664	2040.0153652299
0	6270	513115.019559580871	1803.5449249204
0	6277	513808.342760475391	1899.9259016477
0	6286	514500.549853965679	1768.722373154
0	6295	515537.904334114902	2060.4854794219
0	6304	516296.3922823314	1962.4887560494
0	6315	517345.945627056101	2175.6705579814
0	6324	518182.330057863185	2255.5064426735
0	6333	518878.940266370812	2128.1294150278
0	6340	519398.652135953346	1783.3666688763
0	6345	519759.34058614079	1358.4565690253
0	6358	520891.138441488186	1857.815677207
0	6367	521399.335691565686	1520.7703464199
0	6380	522601.03794853207	2170.8293400239
0	6385	522971.229879464994	1925.1096669585
0	6398	523964.969906117807	2115.8388247713
0	6403	524635.508626140694	2034.4706776086
0	6412	525116.040203115011	1948.9413513802
0	6423	526089.007551642175	2124.0376455244
0	6430	526928.800021810498	2209.6589829773
0	6443	528100.718130497303	2541.8283533771
0	6448	528759.260789724108	2352.0224165171
0	6457	529283.510367572348	2004.9451195635
0	6470	530451.956699369517	2351.2385688722
0	6477	531064.255099324551	2109.0508817229
0	6488	531965.668986132411	2404.4277476147
0	6495	532703.219394246159	2251.2626948766
0	6504	533448.913463624237	2244.4265491795
0	6513	534108.388726366727	2142.7197402343
0	6520	534779.775560461028	1914.3632154912
0	6529	535419.948966521813	1679.3515497353
0	6542	536322.163681592836	1765.8084441908
0	6547	536789.664249122187	1714.6743238438
0	6558	537814.94577666749	2118.3525745757
0	6569	538838.703244831456	2516.5395632386
0	6576	539324.956322740806	2171.3534396142
0	6583	539728.587789041964	1707.3379890528
0	6588	540342.759033618538	1504.0557887871
0	6601	541266.679826471997	1682.1335673798
0	6612	542360.681491205512	1996.0295737255
0	6619	542813.059587031646	1977.252625348
0	6628	543805.759301036639	2075.8550362196
0	6637	544168.225254770411	1583.5096481256
0	6646	544916.60409998153	1507.0170077495
0	6657	546219.457622151865	2102.7273835614
0	6666	547109.236841322898	2472.6245689206
0	6677	547931.364065688147	2410.3116164915
0	6682	548341.100514214529	1925.3526073415
0	6693	548916.481448616876	1727.6426536962
0	6700	549510.701423836916	1579.3373581488
0	6709	550040.46117793773	1634.0735175647
0	6722	551516.079569282054	2481.5099776257
0	6727	551906.965694110884	2012.3108422849
0	6740	552989.194088894918	2232.6304398011
0	6749	553654.550096718639	2138.4705274366
0	6758	554354.64167897594	2144.4789463654
0	6767	554871.046356903434	1881.8522680085
0	6774	555571.171903191179	1916.6218064725
0	6785	556452.291971817657	2097.6502928417
0	6792	556837.583052506715	1966.5366956033
0	6799	557780.395794846162	2076.7112972215
0	6812	558611.900198366538	2159.6082265489
0	6819	559362.598780822054	2134.4251819421
0	6828	560228.264030395121	2279.3843398802
0	6839	561116.076014097824	2504.1758157313
0	6846	561528.194499900609	2033.1112872809
0	6853	562458.039991976737	2118.3930394705
0	6866	563070.09824411948	1954.0222300217
0	6873	563507.801856100604	1743.4646765236
0	6880	564172.120761405721	1630.4640927818
0	6891	564922.388105979234	1852.2898618598
0	6902	565806.182028679222	2055.8181546628
0	6911	566496.040494320959	2015.6822715886
0	6920	567066.159914480567	1768.8895640429
0	6927	567673.076440673366	1866.8944119941
0	6938	568566.208760719792	2070.1682663988
0	6943	568881.891102762939	1815.7311882824
0	6956	570304.920572647871	2362.6797341276
0	6963	570978.69630977516	2412.4875490554
0	6974	571653.333627060102	2189.7361622192
0	6983	572419.867219263734	2114.9466466159
0	6990	572969.043550919788	1933.2602826878
0	6999	573578.739780373918	1925.4061533138
0	7010	574515.728654013992	2095.8614347503
0	7015	574888.093618908942	1882.1757545695
0	7028	575572.684789169625	1714.6296213381
0	7037	576306.953452248172	1791.2247982342
0	7044	576849.739795317919	1910.4940450285
0	7053	577947.487891791435	2374.8031026218
0	7060	578301.578172901692	1994.6247206535
0	7069	578870.613800687762	1695.8710393868
0	7080	579857.164006959694	1824.6977782343
0	7083	580192.89568243553	1455.1045282278
0	7098	581366.658676927955	2035.9393257648
0	7107	582018.019442120613	1808.0308270175
0	7118	582441.938952729152	1517.0915231109
0	7123	582867.251810571225	1482.6046127826
0	7132	583705.965810455428	1682.3054870591
0	7141	584394.730103015946	1952.7911502868
0	7154	585376.024071872281	2099.1928528994
0	7159	585704.697780869948	1683.2480906043
0	7172	586743.924454087438	2161.5332230926
0	7181	587640.872046165215	2264.8479742929
0	7190	588506.375822564634	2507.1578627452
0	7199	589381.874816352549	2637.9503622651
0	7206	589840.659686923075	2199.7876407579
0	7217	590940.547937806743	2434.1721152421
0	7226	591577.768489904749	2195.8936735522
0	7233	592186.712334025699	2125.2793948632
0	7240	592901.016134396243	1960.4681965895
0	7251	593788.67021561605	2210.9017257113
0	7262	594686.869347374934	2333.354336489
0	7267	595016.587684862363	1772.7156930137
0	7278	595785.088809113997	1737.6780511346
0	7285	596149.679170316133	1462.8098229412
0	7296	596697.690050164286	1623.2426004019
0	7305	597687.497291900266	1882.6365830842
0	7312	598039.484010357458	1727.8248913586
0	7321	598863.180343480829	1674.5011055376
0	7332	599835.426740488085	1978.3853375819
0	7343	600803.244234854403	2347.4170928355
0	7348	601317.80025232588	2033.0718079582
0	7357	601938.45744919968	2024.7101300396
0	7370	603090.70560922851	2287.4613743741
0	7375	603397.318671830047	1795.6136856694
0	7386	604581.260758917827	2123.3730910812
1	3176	260303.115642769281	351
1	3181	260728.783682081867	352
1	3192	261670.62085373329	353
1	3199	262149.049524357561	354
1	3208	262476.089527085442	355
1	3217	263323.095255671087	356
1	3226	264159.894406283293	357
1	3239	265122.821074118856	358
1	3244	265669.018834317121	359
1	3253	266174.839291255939	360
1	3264	267192.496024025623	361
1	3273	268028.822311526184	362
1	3284	268816.422007558887	363
1	3289	269324.582423223202	364
1	3300	269861.493774829452	365
1	3307	270684.396680351366	366
1	3318	271565.738520026227	367
1	3327	272394.762430200373	368
1	3336	273084.196397149955	369
1	3343	273504.104609275256	370
1	3352	274061.737701483091	371
1	3365	275530.488007469122	372
1	3370	276054.844630882163	373
1	3381	276975.756797846426	374
1	3388	277599.923549965043	375
1	3397	278116.318058548515	376
1	3406	279117.505294270833	377
1	3417	279857.78583381327	378
1	3424	280555.819064984118	379
1	3437	281692.405490437543	380
1	3444	282137.732884241289	381
1	3451	282565.999803319594	382
1	3462	283778.39328898119	383
1	3471	284426.109476666918	384
1	3480	285263.028807006797	385
1	3489	285860.368159040829	386
1	3496	286364.707724237837	387
1	3505	287265.392785007156	388
1	3516	287859.496484650322	389
1	3523	288786.687535140686	390
1	3532	289319.876655936264	391
1	3541	289924.780152412154	392
1	3550	290830.591128906258	393
1	3561	292091.975390212634	394
1	3568	292611.806859914237	395
1	3577	293295.70351224395	396
1	3590	294491.071290615969	397
1	3599	295176.814905228116	398
1	3608	296036.808399902679	399
1	3617	296677.859545592241	400
1	3622	297334.497804846637	401
1	3635	298239.923331420891	402
1	3640	298605.451574642234	403
1	3649	299485.84232227879	404
1	3658	300309.046803647675	405
1	3671	301349.159771623112	406
1	3676	301816.761358128883	407
1	3685	302265.103649720571	408
1	3694	303126.984363980613	409
1	3705	303937.293400196381	410
1	3714	304881.732957344525	411
1	3721	305234.176732040965	412
1	3732	306470.711094886087	413
1	3741	307208.714345237263	414
1	3750	307714.384187338897	415
1	3757	308372.388081857958	416
1	3770	309404.209425207251	417
1	3775	309828.73313496823	418
1	3784	310574.548098491529	419
1	3795	311873.609691392654	420
1	3806	312324.241132289195	421
1	3815	313048.067173222104	422
1	3820	313795.505905570487	423
1	3829	314471.197336865613	424
1	3838	315100.074199726829	425
1	3849	316177.672540163646	426
1	3856	316626.693340810041	427
1	3867	317414.568278007234	428
1	3874	318290.589880943323	429
1	3883	318815.425857715334	430
1	3892	319493.517229473244	431
1	3901	320032.954103266846	432
1	3910	320861.75737297165	433
1	3919	321763.969991309593	434
1	3930	322531.665292941058	435
1	3937	323277.021142188484	436
1	3946	323759.6021415666	437
1	3959	324926.349904574479	438
1	3966	325417.857914138611	439
1	3973	326172.0349011943	440
1	3982	326661.454825289573	441
1	3991	327142.049486562635	442
1	4004	328440.450546517994	443
1	4013	328877.444899175342	444
1	4022	329550.825208146151	445
1	4029	330276.97021993811	446
1	4038	330901.835125777896	447
1	4049	331360.173758631598	448
1	4056	331796.60754804502	449
1	4063	332403.449028963249	450
1	4072	333257.391051203038	451
1	4085	334293.882418843011	452
1	4090	334746.310588577787	453
1	4103	335830.686245486165	454
1	4112	336167.198454821507	455
1	4117	336585.402202326829	456
1	4130	337167.598160170043	457
1	4135	337617.370831640462	458
1	4148	338453.50850662219	459
1	4157	339330.606146715606	460
1	4166	340200.134453689704	461
1	4173	340807.401900552238	462
1	4184	341804.758465429793	463
1	4193	342619.676631968494	464
1	4200	343041.727157123412	465
1	4209	343509.413564018931	466
1	4216	343858.640413032871	467
1	4225	344771.777695370865	468
1	4236	345634.898029267814	469
1	4245	346271.059916680704	470
1	4256	347306.717394478645	471
1	4263	348121.733151795369	472
1	4272	348713.445504382279	473
1	4283	349793.375729396966	474
1	4290	350506.569787859943	475
1	4301	351421.73455241139	476
1	4306	351909.793954202933	477
1	4317	352570.0828295667	478
1	4326	353288.02924454215	479
1	4333	353680.632427521078	480
1	4338	354194.475610507679	481
1	4351	355313.961532898275	482
1	4360	355883.934304257883	483
1	4371	357080.770383635563	484
1	4378	357587.556228926433	485
1	4389	358384.904652927098	486
1	4396	358963.850972056417	487
1	4405	359467.296696407749	488
1	4414	360072.028337605326	489
1	4427	361308.133337879581	490
1	4434	362187.697039358345	491
1	4441	362727.019242988927	492
1	4452	363418.338218936725	493
1	4459	364074.497690610616	494
1	4468	364706.559207430138	495
1	4477	365617.331913951813	496
1	4486	366554.511117283284	497
1	4497	367290.478680934786	498
1	4508	368355.032338388293	499
1	4515	368855.640246346622	500
1	4526	369865.22508021447	501
1	4535	370710.788881173387	502
1	4540	371095.222526276514	503
1	4549	372104.600690910623	504
1	4558	372539.928322797672	505
1	4571	373729.993374925137	506
1	4580	374306.240616319731	507
1	4589	374991.031501069695	508
1	4596	375635.819363733784	509
1	4607	376206.728847138614	510
1	4612	376711.219653021575	511
1	4623	377310.778647288711	512
1	4630	378156.577216973559	513
1	4641	378977.38214749846	514
1	4648	379465.611481200935	515
1	4659	380157.232688739927	516
1	4670	380913.847199315236	517
1	4677	381517.750176088915	518
1	4684	382045.813601324365	519
1	4693	382713.623000588299	520
1	4706	384064.916080841826	521
1	4715	384924.40918441865	522
1	4720	385269.422288099335	523
1	4729	385977.636593207748	524
1	4740	386908.682490047099	525
1	4747	387485.22388385612	526
1	4760	388460.261279996516	527
1	4767	389219.450691109555	528
1	4776	389784.853390697421	529
1	4785	390926.419261051373	530
1	4794	391543.097402108864	531
1	4803	392193.240959616409	532
1	4814	393188.333783531593	533
1	4821	393999.993445118921	534
1	4828	394432.180472742798	535
1	4841	395070.484851859542	536
1	4848	395579.683175403657	537
1	4855	396172.027065278995	538
1	4864	397266.144284466314	539
1	4873	397837.957878224584	540
1	4884	398939.794285688582	541
1	4891	399645.911104325238	542
1	4904	400677.176021598312	543
1	4909	401297.966912621665	544
1	4920	401897.660204395684	545
1	4929	402791.613114997777	546
1	4936	403349.42380897704	547
1	4945	403991.31473740566	548
1	4956	404784.417460765722	549
1	4965	405747.990244254502	550
1	4976	406659.094660822335	551
1	4983	407084.317529853466	552
1	4986	407495.816875482011	553
1	5003	408910.937899723682	554
1	5008	409457.005429593879	555
1	5019	410245.196338696438	556
1	5030	411059.433255298096	557
1	5039	411834.49076120745	558
1	5048	412457.795826438848	559
1	5053	412848.117301287163	560
1	5062	413474.594909325276	561
1	5073	414824.066322064061	562
1	5080	415147.552024433423	563
1	5089	415883.862343663383	564
1	5098	416564.281374122981	565
1	5109	417062.754917331074	566
1	5116	417602.68122707497	567
1	5125	418769.054936058854	568
1	5136	419657.463842444156	569
1	5145	420363.115167338435	570
1	5156	421029.343093000386	571
1	5161	421656.48502078842	572
1	5170	422191.411584522608	573
1	5183	423310.531264822963	574
1	5192	423811.933561647344	575
1	5199	424456.554729910601	576
1	5206	425032.671538833562	577
1	5215	425462.951180152628	578
1	5226	426745.679321419481	579
1	5237	427630.634998669881	580
1	5242	428168.794532446224	581
1	5251	428869.290559552643	582
1	5262	429906.482780585099	583
1	5271	430435.498349089209	584
1	5280	431054.581245034967	585
1	5287	431938.235586974804	586
1	5296	432546.699490444769	587
1	5309	433567.677358165418	588
1	5318	434371.176388207858	589
1	5327	435257.920539379155	590
1	5332	435604.626425402274	591
1	5341	436210.430578608101	592
1	5350	437095.27541454885	593
1	5363	437625.919607654249	594
1	5370	438392.819692287629	595
1	5381	439079.347566375544	596
1	5390	439851.757042715361	597
1	5397	440455.911724409124	598
1	5406	441408.319877134671	599
1	5415	442073.152953246644	600
1	5422	442381.223389226979	601
1	5433	443289.608807209915	602
1	5440	443766.176763502917	603
1	5451	445088.856891123613	604
1	5462	445892.797226691654	605
1	5471	446634.594790404698	606
1	5480	447534.405361628195	607
1	5487	448356.363721098786	608
1	5494	448671.669303439593	609
1	5503	449371.192260598799	610
1	5514	450355.091875931283	611
1	5521	451179.901486169582	612
1	5532	451886.920900829171	613
1	5539	452759.299047477578	614
1	5548	453172.17299630869	615
1	5559	454071.858602017199	616
1	5568	454698.122520698269	617
1	5575	455217.317194445094	618
1	5584	456083.952979976347	619
1	5595	457205.360464705189	620
1	5602	457603.032910963555	621
1	5613	458631.395981926506	622
1	5622	459341.524831764436	623
1	5631	460129.239696962795	624
1	5640	460591.450731782279	625
1	5647	460942.174601974002	626
1	5658	461973.960431339255	627
1	5669	462820.857774512878	628
1	5674	463233.989410847461	629
1	5683	463969.991904264352	630
1	5694	465214.455807488447	631
1	5701	466107.574283983594	632
1	5710	466598.222950939125	633
1	5719	467354.418333526736	634
1	5730	468448.34150075916	635
1	5737	468930.142267327791	636
1	5746	470190.282557392529	637
1	5757	470942.23389853727	638
1	5764	471635.634482558853	639
1	5777	472563.482992770186	640
1	5782	473036.810363642907	641
1	5791	473732.487363461441	642
1	5800	474977.371276170051	643
1	5809	475573.083614325186	644
1	5818	476273.026214679739	645
1	5829	477107.805605325883	646
1	5836	478220.313933352044	647
1	5849	478973.86559983719	648
1	5858	479544.61436597634	649
1	5863	480016.004829760677	650
1	5874	480706.087463395706	651
1	5881	481193.216711143068	652
1	5892	482589.173067407719	653
1	5899	483016.895527951456	654
1	5910	484105.566685600244	655
1	5921	485003.974030260034	656
1	5930	485671.760955126994	657
1	5937	486310.477833682709	658
1	5948	486931.980826193505	659
1	5955	487387.967371149027	660
1	5964	488066.547523532101	661
1	5973	488737.905240431466	662
1	5982	489397.8358803783	663
1	5989	490087.732357671523	664
1	5998	490764.040811453053	665
1	6007	491651.828102069014	666
1	6016	492336.572135472709	667
1	6029	493062.477676430755	668
1	6036	493798.086962755807	669
1	6047	494534.15379161019	670
1	6052	495162.570911692494	671
1	6063	495820.921997353473	672
1	6070	496492.658651853019	673
1	6081	497661.235724994952	674
1	6092	498475.906405923927	675
1	6097	498950.775478687176	676
1	6106	499578.58191593554	677
1	6119	500805.838892329523	678
1	6126	501488.359562633598	679
1	6133	502008.412279654333	680
1	6146	503003.438461292574	681
1	6151	503327.263781335244	682
1	6164	504748.387548280919	683
1	6171	505110.136925429145	684
1	6180	506042.139483243266	685
1	6191	506893.552920129189	686
1	6200	507554.957185266578	687
1	6205	508168.961160862857	688
1	6214	508519.60969395008	689
1	6227	509791.987159755119	690
1	6236	510691.812115581744	691
1	6245	511311.474634660446	692
1	6254	511908.416858827733	693
1	6263	512731.827480811664	694
1	6270	513115.019559580871	695
1	6277	513808.342760475391	696
1	6286	514500.549853965679	697
1	6295	515537.904334114902	698
1	6304	516296.3922823314	699
1	6315	517345.945627056101	700
1	6324	518182.330057863185	701
1	6333	518878.940266370812	702
1	6340	519398.652135953346	703
1	6345	519759.34058614079	704
1	6358	520891.138441488186	705
1	6367	521399.335691565686	706
1	6380	522601.03794853207	707
1	6385	522971.229879464994	708
1	6398	523964.969906117807	709
1	6403	524635.508626140694	710
1	6412	525116.040203115011	711
1	6423	526089.007551642175	712
1	6430	526928.800021810498	713
1	6443	528100.718130497303	714
1	6448	528759.260789724108	715
1	6457	529283.510367572348	716
1	6470	530451.956699369517	717
1	6477	531064.255099324551	718
1	6488	531965.668986132411	719
1	6495	532703.219394246159	720
1	6504	533448.913463624237	721
1	6513	534108.388726366727	722
1	6520	534779.775560461028	723
1	6529	535419.948966521813	724
1	6542	536322.163681592836	725
1	6547	536789.664249122187	726
1	6558	537814.94577666749	727
1	6569	538838.703244831456	728
1	6576	539324.956322740806	729
1	6583	539728.587789041964	730
1	6588	540342.759033618538	731
1	6601	541266.679826471997	732
1	6612	542360.681491205512	733
1	6619	542813.059587031646	734
1	6628	543805.759301036639	735
1	6637	544168.225254770411	736
1	6646	544916.60409998153	737
1	6657	546219.457622151865	738
1	6666	547109.236841322898	739
1	6677	547931.364065688147	740
1	6682	548341.100514214529	741
1	6693	548916.481448616876	742
1	6700	549510.701423836916	743
1	6709	550040.46117793773	744
1	6722	551516.079569282054	745
1	6727	551906.965694110884	746
1	6740	552989.194088894918	747
1	6749	553654.550096718639	748
1	6758	554354.64167897594	749
1	6767	554871.046356903434	750
1	6774	555571.171903191179	751
1	6785	556452.291971817657	752
1	6792	556837.583052506715	753
1	6799	557780.395794846162	754
1	6812	558611.900198366538	755
1	6819	559362.598780822054	756
1	6828	560228.264030395121	757
1	6839	561116.076014097824	758
1	6846	561528.194499900609	759
1	6853	562458.039991976737	760
1	6866	563070.09824411948	761
1	6873	563507.801856100604	762
1	6880	564172.120761405721	763
1	6891	564922.388105979234	764
1	6902	565806.182028679222	765
1	6911	566496.040494320959	766
1	6920	567066.159914480567	767
1	6927	567673.076440673366	768
1	6938	568566.208760719792	769
1	6943	568881.891102762939	770
1	6956	570304.920572647871	771
1	6963	570978.69630977516	772
1	6974	571653.333627060102	773
1	6983	572419.867219263734	774
1	6990	572969.043550919788	775
1	6999	573578.739780373918	776
1	7010	574515.728654013992	777
1	7015	574888.093618908942	778
1	7028	575572.684789169625	779
1	7037	576306.953452248172	780
1	7044	576849.739795317919	781
1	7053	577947.487891791435	782
1	7060	578301.578172901692	783
1	7069	578870.613800687762	784
1	7080	579857.164006959694	785
1	7083	580192.89568243553	786
1	7098	581366.658676927955	787
1	7107	582018.019442120613	788
1	7118	582441.938952729152	789
1	7123	582867.251810571225	790
1	7132	583705.965810455428	791
1	7141	584394.730103015946	792
1	7154	585376.024071872281	793
1	7159	585704.697780869948	794
1	7172	586743.924454087438	795
1	7181	587640.872046165215	796
1	7190	588506.375822564634	797
1	7199	589381.874816352549	798
1	7206	589840.659686923075	799
1	7217	590940.547937806743	800
1	7226	591577.768489904749	801
1	7233	592186.712334025699	802
1	7240	592901.016134396243	803
1	7251	593788.67021561605	804
1	7262	594686.869347374934	805
1	7267	595016.587684862363	806
1	7278	595785.088809113997	807
1	7285	596149.679170316133	808
1	7296	596697.690050164286	809
1	7305	597687.497291900266	810
1	7312	598039.484010357458	811
1	7321	598863.180343480829	812
1	7332	599835.426740488085	813
1	7343	600803.244234854403	814
1	7348	601317.80025232588	815
1	7357	601938.45744919968	816
1	7370	603090.70560922851	817
1	7375	603397.318671830047	818
1	7386	604581.260758917827	819

