version 2
run Pipelined_3Teachers-88-20190105-10:57:37-8744
attr configname Pipelined_3Teachers
attr datetime 20190105-10:57:37
attr experiment Pipelined_3Teachers
attr inifile ../simulations/omnetpp.ini
attr iterationvars "$0=\"uniform\""
attr iterationvarsf uniform-
attr measurement "$0=\"uniform\""
attr network PipelinedExamSession
attr processid 8744
attr repetition 88
attr replication #88
attr resultdir results
attr runnumber 88
attr seedset 88
param **.teachersNumber 3
param **.answerTimeDistribution "\"uniform\""
param **.minUniform 300
param **.maxUniform 900
param **.scaleLognormal 6.2854
param **.shapeLognormal 0.4724

vector 0 PipelinedExamSession examinationTime:vector ETV
attr source examFinished
vector 1 PipelinedExamSession studentID:vector ETV
attr source student
0	3190	260141.687088785715	2181.1048442032
0	3199	260775.612252485028	2011.4730075002
0	3210	261740.607224358267	2102.7559208684
0	3219	262310.468948073707	1863.4322410449
0	3230	263226.944491965718	1955.901355762
0	3237	263913.891038345195	2129.6914986335
0	3244	264752.86155366341	2291.9183228631
0	3257	265685.25949046018	2458.3149984945
0	3262	266501.986989984311	2486.2819285132
0	3273	267285.316359763988	2388.7123829685
0	3280	267978.340912889712	2293.0814224295
0	3291	268756.473495578416	2219.6929211263
0	3300	269671.917454199889	2238.3699614089
0	3309	270528.039898630255	2293.5160467401
0	3320	271379.964757896984	2258.0044611823
0	3329	272190.834529604787	2453.6915187724
0	3338	272924.963748268807	2302.3483298253
0	3343	273632.401874754602	2252.4371168576
0	3356	274626.664508320415	2435.8299787156
0	3361	274965.27717802676	2040.313429758
0	3370	275873.95345559346	2128.3990030177
0	3381	276917.158327158564	2290.4938188381
0	3388	277403.619203763106	1943.4483489487
0	3397	278329.473123606318	2079.1034895927
0	3406	278914.232138916874	1890.2977199759
0	3415	279547.797997389013	1727.3183061741
0	3424	280480.292234569812	1941.6205486748
0	3433	281075.613756012195	1926.8648898695
0	3444	282063.251759391302	2130.381065933
0	3455	282884.294412704208	2056.7553352565
0	3464	283647.855641786032	2387.1607229579
0	3473	284346.189626678847	2262.2291327454
0	3482	285033.378047263272	2149.0836345591
0	3491	285751.656962838046	2103.801321052
0	3498	286374.798036972083	2028.6084102932
0	3505	286691.89872373829	1658.520676475
0	3518	287338.567220047139	1586.9102572091
0	3527	288209.671776741766	1829.0062239859
0	3536	288990.20222090187	2204.6624373179
0	3543	289541.541116125905	2202.9738960788
0	3550	290239.812544221082	2030.1407674793
0	3563	291097.254219325283	2107.0519984234
0	3570	291841.798878321448	2084.0576423798
0	3577	292350.029882323021	1964.3349810038
0	3586	292775.025632511847	1677.7714131866
0	3595	293358.809602260613	1503.0064113904
0	3604	294380.6604345795	1906.4073999412
0	3613	295284.834700590023	2017.155778734
0	3622	295958.271037274995	2038.8238047715
0	3631	296784.443558380031	1967.9043088574
0	3642	298004.987628478581	2394.6669797413
0	3651	298843.303136061901	2479.2777239811
0	3658	299198.003131896282	1996.1535648443
0	3671	300164.828853635142	2139.2277570907
0	3678	300553.500001318777	1686.5100790747
0	3685	301368.757816962923	1805.2745351102
0	3696	302034.090486634547	1869.2616329994
0	3703	302570.232377573872	1642.5813026726
0	3712	303045.465219905626	1394.8758652434
0	3721	303785.735387541378	1686.7733726744
0	3734	304741.384292347382	1767.6008032635
0	3743	305564.785208646233	1990.7796826679
0	3750	306265.889897430341	2224.7147466056
0	3761	307164.158354233976	2422.7740618866
0	3768	307792.831093864541	2228.0458852183
0	3775	308321.987643465425	1959.3294326216
0	3784	309160.805915761766	1996.6475615278
0	3793	309893.674790533285	1991.4572733454
0	3802	310453.226619260411	1736.7627090309
0	3811	311198.619257798444	1727.1709857043
0	3820	312050.342282373484	1808.9167589787
0	3829	312635.316411126431	1917.0894725248
0	3842	313866.081431228694	2258.0918675289
0	3849	314409.065165184465	2128.3623951953
0	3858	315101.344929635551	1957.6229182072
0	3865	315901.437494717565	2035.3560634889
0	3876	316833.90175849202	2157.4306338094
0	3883	317211.564020672841	1806.1198714189
0	3892	317976.861913176281	1856.547713466
0	3903	318976.104825222893	2097.8467161767
0	3912	319344.689868204324	1718.4816061053
0	3919	320214.284193981467	2056.8956674542
0	3932	321460.722118383302	2449.5938148815
0	3939	322183.001257153257	2315.1791933924
0	3946	322833.952238364173	2140.5862892512
0	3957	323379.484203178464	1918.7620847952
0	3966	324166.257919371157	1933.702797303
0	3975	324868.610739056049	1947.3091161344
0	3984	325342.184403492166	1886.5881139878
0	3993	326100.330839306144	1873.5428392421
0	4000	326867.220681393547	1933.9350615162
0	4009	327374.555582413479	1671.0119739175
0	4018	327990.667039342254	1807.6359147672
0	4029	328915.143157728045	1941.8282441329
0	4038	329808.913230663195	2147.3488457501
0	4047	330288.965279236465	1818.675598735
0	4056	330930.488396901666	1943.0569496937
0	4063	331684.128807345435	1865.0406554807
0	4072	332130.745593784407	1758.9252247475
0	4083	333142.453993018746	1883.2786076702
0	4092	333974.942277325347	1937.8095655236
0	4101	334791.283800266713	2087.6985036302
0	4110	335328.983698273108	1769.0611737315
0	4121	336232.752013905003	2138.4672075044
0	4130	336692.805411759793	1858.0383856315
0	4135	337279.352459823742	1866.6409773286
0	4146	338165.734110306978	1932.982096402
0	4153	338749.927639402479	2057.1222276427
0	4164	339476.697967015237	2001.7829559278
0	4173	340324.517458397925	2080.188590521
0	4180	340768.140913266719	1743.269690685
0	4191	342156.423008535087	2308.5492589977
0	4198	342845.824097469479	2265.3863717336
0	4209	343579.332507401734	2128.6871584598
0	4216	344102.929150359734	1934.8523341119
0	4229	345108.401259826526	2177.2535380907
0	4234	345436.155358096614	1839.5137988962
0	4243	346244.263093499497	1853.2636018004
0	4256	347141.56925235878	2033.1679925323
0	4261	347695.196837140278	1969.538996648
0	4274	348683.831255184517	2363.7592589948
0	4279	349423.202471528233	2281.6332191695
0	4292	350336.141224298657	2331.275371369
0	4297	350688.629946252362	2004.7986910678
0	4310	351601.665345579416	2034.0036150534
0	4317	352294.439391838417	1958.2981675398
0	4324	352769.280254468352	1882.5283317827
0	4333	353397.889228211746	1796.2238826323
0	4342	354532.19738798219	2084.6942461096
0	4351	355093.170211231366	1842.4215293024
0	4362	356056.170531688289	2205.8724600356
0	4371	356893.877841252864	2150.6550501566
0	4382	357778.078706748814	2332.4523220304
0	4389	358364.838538784564	2068.9755859785
0	4396	358828.022415703193	1774.1940517444
0	4407	359872.897692862929	2094.8189861141
0	4418	360750.904973829196	2372.6788428146
0	4425	361543.140271492333	2338.3430491202
0	4436	362308.459466882081	2339.0397389419
0	4445	363134.536068979682	2383.6310951505
0	4452	363931.612606393205	2355.0251252018
0	4459	364233.308780472757	1924.8493135907
0	4470	365268.808410270171	2134.2723412905
0	4479	366111.198453465508	2076.871764008
0	4486	366919.656590418922	2097.2303856164
0	4499	367853.554458590256	2474.9858545605
0	4506	368495.167226297813	2265.0570348836
0	4513	369004.674971569362	1907.8802461736
0	4526	370072.590856673228	2219.036398083
0	4531	370512.072560470583	1994.9074590113
0	4540	370991.938381595569	1721.863518795
0	4551	372131.247086171093	2058.6562294979
0	4560	372888.276057830113	1972.0064220484
0	4567	373379.430456692386	1827.9927197378
0	4580	374567.280442826482	2314.1884662677
0	4585	374962.309612613203	1853.8648549933
0	4596	375546.306848851996	1560.3247012943
0	4607	376301.713788416269	1734.4333455898
0	4614	376975.23063970733	1907.810550509
0	4625	377771.388326073098	2171.1624846328
0	4632	378202.352702384847	1900.6389139686
0	4641	378691.280027898061	1603.0146490317
0	4648	379022.299782978404	1250.9114569053
0	4657	379527.5918784086	1286.6744066589
0	4666	380665.546008059788	1965.4968496878
0	4679	381463.715005992014	1995.4290711321
0	4684	381877.118229540099	1678.1161879655
0	4695	382940.517939487505	2205.2614536602
0	4704	383711.094276700203	2247.3792707082
0	4713	384309.965423215215	1973.2569989283
0	4720	384941.234584478696	1954.393366864
0	4729	385567.162257805501	1745.6494054757
0	4738	386418.57397067364	1804.0617188439
0	4751	387348.550492851099	2206.4957507886
0	4756	387829.051292175463	2122.859271476
0	4769	388820.737027376926	2325.0313938595
0	4776	389400.891332281789	2052.3408394307
0	4787	390335.393864102698	2259.4105512835
0	4792	390784.122555702961	1963.385528326
0	4801	391322.707663988731	1868.7187316827
0	4812	391896.954006375781	1561.5601422731
0	4821	392782.832740433551	1825.8072651923
0	4830	393297.536273254119	1864.0720544849
0	4839	394307.752553187348	2064.0811316203
0	4848	395032.665521884374	2124.0519032814
0	4857	395701.483358396255	1933.0524429213
0	4866	396373.054099408948	1879.3742828071
0	4877	396950.590432249048	1812.5137770083
0	4882	397338.082482526117	1459.8136821762
0	4895	398385.93526566405	1972.5199639332
0	4904	399203.4027165268	2252.8122842778
0	4913	399724.881699169093	2082.0793868043
0	4918	400058.213251736053	1672.277986072
0	4927	400913.489757198879	1710.0870406721
0	4938	401495.274844206909	1770.3931450378
0	4947	402222.596892155746	1790.9474107437
0	4956	402901.259529590646	1720.8447743207
0	4965	403369.971905322785	1808.0300607719
0	4972	404118.237058259587	1825.313884858
0	4985	405181.314228940796	2262.9140580073
0	4994	406030.749843176495	2440.7486338634
0	5001	406771.971260989126	2334.05217072
0	5008	407172.171188565012	1990.8569596242
0	5017	407621.243797754909	1590.4939545784
0	5026	408611.608377937267	1785.2823596913
0	5035	409569.382509822067	1957.4563654605
0	5048	410547.708156891208	2291.7183792684
0	5057	411415.52153849047	2312.4772102106
0	5064	412063.913955213543	2258.6899441201
0	5073	412770.858520316	2223.1503634248
0	5084	413743.541642138774	2328.0201036483
0	5093	414448.341904766897	2242.5442106556
0	5098	414877.020791592116	1925.7404054515
0	5107	415854.433849034871	2110.8922068961
0	5118	416525.380684202577	2077.0387794357
0	5129	417400.107769947539	2147.5122665986
0	5134	417818.027248140464	1809.8133471329
0	5143	418135.023867851163	1356.3046925236
0	5154	419422.794691845815	2022.6869218983
0	5165	420374.400363117496	2303.010409791
0	5174	421235.952213127206	2526.6935524531
0	5181	421794.483331823762	2241.7073839344
0	5188	422465.879272855859	2091.4789097384
0	5199	423299.960566917475	2064.0083537903
0	5206	423858.3419750445	1780.899423128
0	5215	424727.133356826421	1972.9910187889
0	5226	425389.059362327721	1777.2309485357
0	5237	426382.530927378726	2114.2102146987
0	5242	426728.088767733467	1750.2549652476
0	5251	427178.260414861184	1587.3283387162
0	5262	428507.271630736109	2124.7407033574
0	5271	428986.992388637778	1925.3061936703
0	5278	429470.264310110402	1531.532462826
0	5287	430329.208018351388	1780.945832748
0	5296	431177.730666054455	2025.4419792909
0	5307	432189.685056963977	2358.4562867414
0	5316	432619.426359934774	1888.8588640373
0	5327	433380.118651595009	1887.0985260699
0	5336	434227.823241474149	1952.0483446307
0	5343	434935.245792008979	2227.3075570352
0	5352	435332.678731950042	1952.560080355
0	5363	436355.238132085693	2127.4148906115
0	5370	437002.517002215651	2033.7410484441
0	5377	437370.995577005712	1762.7386494074
0	5386	437982.882397994442	1627.6442659087
0	5399	439672.762673953591	2615.3802028857
0	5406	440363.467774819626	2427.3794006556
0	5413	440837.634479720189	2031.3385989983
0	5426	441881.480243196754	2208.7175692432
0	5433	442643.205152079506	2199.3894391693
0	5440	443116.961432900323	1954.0678873658
0	5449	443679.804364219351	1798.3241210226
0	5460	445007.40065085706	2246.5986897703
0	5469	445827.438981458588	2389.1161537729
0	5478	446360.839269356845	2068.4228181839
0	5489	447164.857296925081	2128.9238777943
0	5498	447864.714239677457	1998.0930453166
0	5503	448339.669056516183	1974.7922151815
0	5512	449034.473377699075	1869.616080774
0	5521	449778.055656468539	1913.3414167911
0	5530	450366.162135545207	1876.1908967514
0	5541	451283.042876701845	2057.2608604096
0	5550	451707.260542362972	1655.1847476047
0	5559	452697.264164825945	2131.9261465687
0	5568	453393.622833117886	2045.4307605978
0	5575	454131.105540180622	2047.3829470575
0	5586	454671.510423347398	1900.1330770086
0	5593	455110.058322642043	1543.0073015392
0	5604	456525.275563867808	2297.3599651828
0	5615	457230.005845148161	2156.073755119
0	5624	457956.295858277053	2087.8740666434
0	5633	458750.868052337364	2196.60769701
0	5638	459063.303992897317	1833.2981477492
0	5649	460013.724163547203	2057.4283052701
0	5656	460666.550994431645	1915.6829420943
0	5667	461609.71716837962	2030.552067887
0	5678	462624.563501542479	2316.8758044485
0	5687	463433.643829543188	2367.822638154
0	5694	463779.747620131865	1921.7609408777
0	5701	464310.903949895918	1686.3404483534
0	5710	465077.096980903342	1643.4531513602
0	5723	466681.963743176356	2482.1359913796
0	5730	467520.731757022485	2491.1940607242
0	5737	467858.816245710522	1953.3845788334
0	5748	469115.529320295945	2433.5655771196
0	5755	469719.424566999123	2174.5500879362
0	5764	470639.761772984683	2223.7441209611
0	5775	471618.992376839787	2440.2149228845
0	5784	472164.515302050904	2177.527207369
0	5791	472664.402061514601	1785.1143336855
0	5800	473450.446853740185	1768.3515707497
0	5813	474260.676703322723	1960.3009351529
0	5822	475059.896433586299	1928.8050034549
0	5829	475762.885624542877	2117.2351725865
0	5840	476637.45474913162	2376.7780458089
0	5847	477428.994549019307	2369.098115433
0	5856	477900.64023113814	2096.7684235889
0	5865	478589.987511187837	1952.5327620562
0	5872	479185.435640160039	1717.8359391633
0	5883	480284.28801381965	2333.8259009644
0	5894	480988.657297706276	2205.5819911882
0	5903	481853.46312951301	2256.3176021911
0	5908	482177.399086067497	1807.3465636466
0	5917	482936.792472330898	1948.1351746246
0	5926	483801.772617967844	1948.3094884548
0	5935	484206.796616781547	1591.5016672108
0	5940	484749.324179906442	1389.1305057798
0	5957	486458.457299228801	2429.5425322372
0	5964	487172.723272070332	2304.2320368346
0	5971	487741.333777131556	2061.5486077499
0	5980	488501.019491627855	2042.5621923991
0	5993	489688.814422907351	2389.339570608
0	5998	490031.600313540591	1868.2544728741
0	6009	491056.206552917182	2002.6414790656
0	6016	491878.582465555563	2189.7680426482
0	6027	492574.825546704275	2015.8156998921
0	6034	493388.08158952747	1971.2735509034
0	6043	493976.93856940609	1845.0999913272
0	6054	495124.653068371159	2444.0620063338
0	6065	496007.879267586437	2507.1909109131
0	6072	496820.304744970095	2471.1648664903
0	6081	497375.798438396347	2177.7722226921
0	6088	497863.294578110842	1855.4153105244
0	6097	498269.197598425714	1444.5346759167
0	6108	499414.217090886129	1982.8516631853
0	6119	500270.286512235222	2056.8988590036
0	6126	501086.621119547678	2120.5368784256
0	6135	501602.133638737766	1968.0921091698
0	6144	502321.71282777567	2051.4263155404
0	6155	503443.528318824289	2310.9694519546
0	6162	504127.689635055182	2319.1172274761
0	6169	504568.007192574484	1992.2537903767
0	6178	505747.389805689497	2303.8614868652
0	6189	506375.817081285684	2123.3438550029
0	6200	507373.995337123095	2349.7377762571
0	6205	507745.351147139489	1830.3920286242
0	6214	508548.349805362567	1991.1309398711
0	6223	508895.911623397886	1521.9162862748
0	6234	510098.848575353666	1972.0416806638
0	6245	510774.319712072654	2086.9683338329
0	6254	511650.034023542	2174.6926321182
0	6261	512478.300729626833	2279.1561748367
0	6270	513140.293643251104	2365.9739311785
0	6281	513791.565386066256	2141.5313625243
0	6286	514144.242188567338	1597.4837036803
0	6297	515007.636831980241	1791.0255236551
0	6304	515600.595976738302	1809.030590672
0	6317	517036.075619794471	2363.7805546168
0	6326	517774.711985187648	2277.9775593895
0	6333	518250.951413624032	2000.7201634347
0	6340	519018.298972724048	1982.2233529296
0	6351	519908.426978811665	2133.714993624
0	6358	520554.931922536387	1957.7887508087
0	6369	521618.384935241236	2133.2466598134
0	6378	522534.501430951102	2452.1495658439
0	6389	523425.390594452662	2519.0876367968
0	6394	523892.356808669908	2137.6050825231
0	6403	524379.187662899537	1783.6355248466
0	6414	525325.954331830187	1900.5637373775
0	6423	525733.929225755898	1496.5448637027
0	6434	526618.278855783908	1684.862580942
0	6439	526925.328371068506	1559.4697010703
0	6448	527627.029617922424	1739.6163468249
0	6457	528523.545150691687	1905.2662949078
0	6466	529417.530899075834	2177.552469587
0	6479	530452.326542744457	2375.3211525735
0	6488	531282.545798365071	2478.6144892685
0	6495	531674.813974276229	2014.3224234693
0	6504	532454.813036229506	2002.486493485
0	6515	533303.74148623091	2021.1956878658
0	6520	533714.324387395799	1921.4591936208
0	6533	534877.272748947189	2219.1197065171
0	6540	535619.711709162266	2315.9702229314
0	6551	536648.650081269489	2551.4076605905
0	6556	536977.402738854335	2100.1299899071
0	6565	537328.88211747636	1560.6269260403
0	6574	537911.378074530559	1262.7279932611
0	6585	538908.396055502864	1778.2072050031
0	6592	539656.85047167358	2095.6861398183
0	6601	540255.186463706241	1809.6733812243
0	6610	540987.362794904084	1828.3468768001
0	6619	541700.581599818589	1819.2881473806
0	6630	542834.14608109747	2155.0861731637
0	6639	543308.410641364799	1949.1413922049
0	6650	544383.163275523157	2239.4156046677
0	6655	544765.030286181764	1924.4228370488
0	6668	545843.569357367278	2189.8970300797
0	6675	546439.113884093286	2055.9506085701
0	6682	547111.46811638032	1902.9230159707
0	6691	547893.835536763118	2050.2661793958
0	6704	548827.457193145575	2314.9356910028
0	6711	549543.143986025872	2182.4395739939
0	6718	550044.405825482728	1929.1638054885
0	6729	551205.073628202127	2377.6164350566
0	6736	551841.534208785789	2168.1366618723
0	6747	552668.793396838056	2122.7782141417
0	6758	553597.185450000735	2152.635937091
0	6765	554152.000269340398	1941.5897858329
0	6774	554930.717568006413	2098.4102253802
0	6781	555623.083917237865	2025.8984672371
0	6794	556586.954369768548	2229.5630799606
0	6801	557137.021360080737	1912.1783250477
0	6808	557579.748684447307	1746.5687465854
0	6819	558844.822734408128	2257.8683646396
0	6828	559806.448636762845	2339.4799616653
0	6839	560701.706498628529	2365.7553034835
0	6846	561305.491504166322	2098.0321100447
0	6853	561707.131734956103	1800.0977708492
0	6864	562490.802625659901	1789.0961270314
0	6873	563306.018252670813	1976.3891729526
0	6882	563941.184118809227	1979.5326068066
0	6889	564668.202275410343	1819.1698333249
0	6902	565528.430503187749	2101.9750467036
0	6911	566366.812156001154	2245.964281261
0	6916	566887.936636945281	1891.9983800501
0	6927	567633.086218172732	2104.655714985
0	6934	568072.975425934467	1706.1632699333
0	6945	569149.271130189348	1939.1244668048
0	6954	570002.167045511354	2083.9007481001
0	6963	570815.405708877418	2236.3246397115
0	6970	571130.136262625504	1801.2751552742
0	6979	572041.040267888505	1820.00926123
0	6988	573131.703948508996	2151.631216798
0	6997	573604.00729360995	1842.0781654771
0	7006	574521.994179161314	2110.9292751644
0	7017	575384.788283379797	2193.5642005876
0	7024	575790.454428456772	1729.5942830388
0	7037	577303.021153388594	2405.3733753506
0	7044	577722.7454848588	2041.644542478
0	7051	578078.993837814827	1673.5251040198
0	7064	579611.469042906587	2308.447889518
0	7071	580162.539955135484	2096.2575587444
0	7078	580659.544004593094	1770.2905481681
0	7087	581863.843706622769	2252.3746637162
0	7100	583016.609487030705	2574.9995003454
0	7109	583776.870350400036	2477.3653979413
0	7114	584250.273874495229	2081.1112975236
0	7123	585034.87441004259	2018.2649230119
0	7132	585718.605423811874	1941.7350734118
0	7141	586360.591628216258	1877.1455970593
0	7152	587220.212348364344	1895.4047755804
0	7163	587990.532830357602	1973.1761655305
0	7168	588433.636834798431	1979.2265038937
0	7179	589572.180247725969	2329.4469628483
0	7188	590010.181649867495	2019.6488195099
0	7199	591128.994859568825	2374.3691598997
0	7206	591907.250761706432	2268.2465006132
0	7215	592301.844136789492	1840.0839194655
0	7222	592900.525298807821	1771.530439239
0	7233	594079.535004263794	2098.4145951457
0	7242	594813.91861201269	2008.0411443952
0	7253	595697.848925879276	2162.4235044234
0	7258	596142.289688950455	1751.3456717134
0	7269	596827.691635396382	1918.6317890882
0	7276	597274.223968433267	1576.375042554
0	7289	598598.38459705939	2191.9728318695
0	7296	599045.558642456359	1793.7337002251
0	7303	599637.843976216442	1760.3638923727
0	7308	600226.067941635898	1627.6833445765
0	7325	601773.992278939165	2379.5338852331
0	7332	602581.837186915852	2310.735390801
0	7343	603350.812269095383	2362.1105072089
0	7352	604147.3408279941	2373.3485490549
0	7357	604734.945302875764	2079.1473203804
1	3190	260141.687088785715	353
1	3199	260775.612252485028	354
1	3210	261740.607224358267	355
1	3219	262310.468948073707	356
1	3230	263226.944491965718	357
1	3237	263913.891038345195	358
1	3244	264752.86155366341	359
1	3257	265685.25949046018	360
1	3262	266501.986989984311	361
1	3273	267285.316359763988	362
1	3280	267978.340912889712	363
1	3291	268756.473495578416	364
1	3300	269671.917454199889	365
1	3309	270528.039898630255	366
1	3320	271379.964757896984	367
1	3329	272190.834529604787	368
1	3338	272924.963748268807	369
1	3343	273632.401874754602	370
1	3356	274626.664508320415	371
1	3361	274965.27717802676	372
1	3370	275873.95345559346	373
1	3381	276917.158327158564	374
1	3388	277403.619203763106	375
1	3397	278329.473123606318	376
1	3406	278914.232138916874	377
1	3415	279547.797997389013	378
1	3424	280480.292234569812	379
1	3433	281075.613756012195	380
1	3444	282063.251759391302	381
1	3455	282884.294412704208	382
1	3464	283647.855641786032	383
1	3473	284346.189626678847	384
1	3482	285033.378047263272	385
1	3491	285751.656962838046	386
1	3498	286374.798036972083	387
1	3505	286691.89872373829	388
1	3518	287338.567220047139	389
1	3527	288209.671776741766	390
1	3536	288990.20222090187	391
1	3543	289541.541116125905	392
1	3550	290239.812544221082	393
1	3563	291097.254219325283	394
1	3570	291841.798878321448	395
1	3577	292350.029882323021	396
1	3586	292775.025632511847	397
1	3595	293358.809602260613	398
1	3604	294380.6604345795	399
1	3613	295284.834700590023	400
1	3622	295958.271037274995	401
1	3631	296784.443558380031	402
1	3642	298004.987628478581	403
1	3651	298843.303136061901	404
1	3658	299198.003131896282	405
1	3671	300164.828853635142	406
1	3678	300553.500001318777	407
1	3685	301368.757816962923	408
1	3696	302034.090486634547	409
1	3703	302570.232377573872	410
1	3712	303045.465219905626	411
1	3721	303785.735387541378	412
1	3734	304741.384292347382	413
1	3743	305564.785208646233	414
1	3750	306265.889897430341	415
1	3761	307164.158354233976	416
1	3768	307792.831093864541	417
1	3775	308321.987643465425	418
1	3784	309160.805915761766	419
1	3793	309893.674790533285	420
1	3802	310453.226619260411	421
1	3811	311198.619257798444	422
1	3820	312050.342282373484	423
1	3829	312635.316411126431	424
1	3842	313866.081431228694	425
1	3849	314409.065165184465	426
1	3858	315101.344929635551	427
1	3865	315901.437494717565	428
1	3876	316833.90175849202	429
1	3883	317211.564020672841	430
1	3892	317976.861913176281	431
1	3903	318976.104825222893	432
1	3912	319344.689868204324	433
1	3919	320214.284193981467	434
1	3932	321460.722118383302	435
1	3939	322183.001257153257	436
1	3946	322833.952238364173	437
1	3957	323379.484203178464	438
1	3966	324166.257919371157	439
1	3975	324868.610739056049	440
1	3984	325342.184403492166	441
1	3993	326100.330839306144	442
1	4000	326867.220681393547	443
1	4009	327374.555582413479	444
1	4018	327990.667039342254	445
1	4029	328915.143157728045	446
1	4038	329808.913230663195	447
1	4047	330288.965279236465	448
1	4056	330930.488396901666	449
1	4063	331684.128807345435	450
1	4072	332130.745593784407	451
1	4083	333142.453993018746	452
1	4092	333974.942277325347	453
1	4101	334791.283800266713	454
1	4110	335328.983698273108	455
1	4121	336232.752013905003	456
1	4130	336692.805411759793	457
1	4135	337279.352459823742	458
1	4146	338165.734110306978	459
1	4153	338749.927639402479	460
1	4164	339476.697967015237	461
1	4173	340324.517458397925	462
1	4180	340768.140913266719	463
1	4191	342156.423008535087	464
1	4198	342845.824097469479	465
1	4209	343579.332507401734	466
1	4216	344102.929150359734	467
1	4229	345108.401259826526	468
1	4234	345436.155358096614	469
1	4243	346244.263093499497	470
1	4256	347141.56925235878	471
1	4261	347695.196837140278	472
1	4274	348683.831255184517	473
1	4279	349423.202471528233	474
1	4292	350336.141224298657	475
1	4297	350688.629946252362	476
1	4310	351601.665345579416	477
1	4317	352294.439391838417	478
1	4324	352769.280254468352	479
1	4333	353397.889228211746	480
1	4342	354532.19738798219	481
1	4351	355093.170211231366	482
1	4362	356056.170531688289	483
1	4371	356893.877841252864	484
1	4382	357778.078706748814	485
1	4389	358364.838538784564	486
1	4396	358828.022415703193	487
1	4407	359872.897692862929	488
1	4418	360750.904973829196	489
1	4425	361543.140271492333	490
1	4436	362308.459466882081	491
1	4445	363134.536068979682	492
1	4452	363931.612606393205	493
1	4459	364233.308780472757	494
1	4470	365268.808410270171	495
1	4479	366111.198453465508	496
1	4486	366919.656590418922	497
1	4499	367853.554458590256	498
1	4506	368495.167226297813	499
1	4513	369004.674971569362	500
1	4526	370072.590856673228	501
1	4531	370512.072560470583	502
1	4540	370991.938381595569	503
1	4551	372131.247086171093	504
1	4560	372888.276057830113	505
1	4567	373379.430456692386	506
1	4580	374567.280442826482	507
1	4585	374962.309612613203	508
1	4596	375546.306848851996	509
1	4607	376301.713788416269	510
1	4614	376975.23063970733	511
1	4625	377771.388326073098	512
1	4632	378202.352702384847	513
1	4641	378691.280027898061	514
1	4648	379022.299782978404	515
1	4657	379527.5918784086	516
1	4666	380665.546008059788	517
1	4679	381463.715005992014	518
1	4684	381877.118229540099	519
1	4695	382940.517939487505	520
1	4704	383711.094276700203	521
1	4713	384309.965423215215	522
1	4720	384941.234584478696	523
1	4729	385567.162257805501	524
1	4738	386418.57397067364	525
1	4751	387348.550492851099	526
1	4756	387829.051292175463	527
1	4769	388820.737027376926	528
1	4776	389400.891332281789	529
1	4787	390335.393864102698	530
1	4792	390784.122555702961	531
1	4801	391322.707663988731	532
1	4812	391896.954006375781	533
1	4821	392782.832740433551	534
1	4830	393297.536273254119	535
1	4839	394307.752553187348	536
1	4848	395032.665521884374	537
1	4857	395701.483358396255	538
1	4866	396373.054099408948	539
1	4877	396950.590432249048	540
1	4882	397338.082482526117	541
1	4895	398385.93526566405	542
1	4904	399203.4027165268	543
1	4913	399724.881699169093	544
1	4918	400058.213251736053	545
1	4927	400913.489757198879	546
1	4938	401495.274844206909	547
1	4947	402222.596892155746	548
1	4956	402901.259529590646	549
1	4965	403369.971905322785	550
1	4972	404118.237058259587	551
1	4985	405181.314228940796	552
1	4994	406030.749843176495	553
1	5001	406771.971260989126	554
1	5008	407172.171188565012	555
1	5017	407621.243797754909	556
1	5026	408611.608377937267	557
1	5035	409569.382509822067	558
1	5048	410547.708156891208	559
1	5057	411415.52153849047	560
1	5064	412063.913955213543	561
1	5073	412770.858520316	562
1	5084	413743.541642138774	563
1	5093	414448.341904766897	564
1	5098	414877.020791592116	565
1	5107	415854.433849034871	566
1	5118	416525.380684202577	567
1	5129	417400.107769947539	568
1	5134	417818.027248140464	569
1	5143	418135.023867851163	570
1	5154	419422.794691845815	571
1	5165	420374.400363117496	572
1	5174	421235.952213127206	573
1	5181	421794.483331823762	574
1	5188	422465.879272855859	575
1	5199	423299.960566917475	576
1	5206	423858.3419750445	577
1	5215	424727.133356826421	578
1	5226	425389.059362327721	579
1	5237	426382.530927378726	580
1	5242	426728.088767733467	581
1	5251	427178.260414861184	582
1	5262	428507.271630736109	583
1	5271	428986.992388637778	584
1	5278	429470.264310110402	585
1	5287	430329.208018351388	586
1	5296	431177.730666054455	587
1	5307	432189.685056963977	588
1	5316	432619.426359934774	589
1	5327	433380.118651595009	590
1	5336	434227.823241474149	591
1	5343	434935.245792008979	592
1	5352	435332.678731950042	593
1	5363	436355.238132085693	594
1	5370	437002.517002215651	595
1	5377	437370.995577005712	596
1	5386	437982.882397994442	597
1	5399	439672.762673953591	598
1	5406	440363.467774819626	599
1	5413	440837.634479720189	600
1	5426	441881.480243196754	601
1	5433	442643.205152079506	602
1	5440	443116.961432900323	603
1	5449	443679.804364219351	604
1	5460	445007.40065085706	605
1	5469	445827.438981458588	606
1	5478	446360.839269356845	607
1	5489	447164.857296925081	608
1	5498	447864.714239677457	609
1	5503	448339.669056516183	610
1	5512	449034.473377699075	611
1	5521	449778.055656468539	612
1	5530	450366.162135545207	613
1	5541	451283.042876701845	614
1	5550	451707.260542362972	615
1	5559	452697.264164825945	616
1	5568	453393.622833117886	617
1	5575	454131.105540180622	618
1	5586	454671.510423347398	619
1	5593	455110.058322642043	620
1	5604	456525.275563867808	621
1	5615	457230.005845148161	622
1	5624	457956.295858277053	623
1	5633	458750.868052337364	624
1	5638	459063.303992897317	625
1	5649	460013.724163547203	626
1	5656	460666.550994431645	627
1	5667	461609.71716837962	628
1	5678	462624.563501542479	629
1	5687	463433.643829543188	630
1	5694	463779.747620131865	631
1	5701	464310.903949895918	632
1	5710	465077.096980903342	633
1	5723	466681.963743176356	634
1	5730	467520.731757022485	635
1	5737	467858.816245710522	636
1	5748	469115.529320295945	637
1	5755	469719.424566999123	638
1	5764	470639.761772984683	639
1	5775	471618.992376839787	640
1	5784	472164.515302050904	641
1	5791	472664.402061514601	642
1	5800	473450.446853740185	643
1	5813	474260.676703322723	644
1	5822	475059.896433586299	645
1	5829	475762.885624542877	646
1	5840	476637.45474913162	647
1	5847	477428.994549019307	648
1	5856	477900.64023113814	649
1	5865	478589.987511187837	650
1	5872	479185.435640160039	651
1	5883	480284.28801381965	652
1	5894	480988.657297706276	653
1	5903	481853.46312951301	654
1	5908	482177.399086067497	655
1	5917	482936.792472330898	656
1	5926	483801.772617967844	657
1	5935	484206.796616781547	658
1	5940	484749.324179906442	659
1	5957	486458.457299228801	660
1	5964	487172.723272070332	661
1	5971	487741.333777131556	662
1	5980	488501.019491627855	663
1	5993	489688.814422907351	664
1	5998	490031.600313540591	665
1	6009	491056.206552917182	666
1	6016	491878.582465555563	667
1	6027	492574.825546704275	668
1	6034	493388.08158952747	669
1	6043	493976.93856940609	670
1	6054	495124.653068371159	671
1	6065	496007.879267586437	672
1	6072	496820.304744970095	673
1	6081	497375.798438396347	674
1	6088	497863.294578110842	675
1	6097	498269.197598425714	676
1	6108	499414.217090886129	677
1	6119	500270.286512235222	678
1	6126	501086.621119547678	679
1	6135	501602.133638737766	680
1	6144	502321.71282777567	681
1	6155	503443.528318824289	682
1	6162	504127.689635055182	683
1	6169	504568.007192574484	684
1	6178	505747.389805689497	685
1	6189	506375.817081285684	686
1	6200	507373.995337123095	687
1	6205	507745.351147139489	688
1	6214	508548.349805362567	689
1	6223	508895.911623397886	690
1	6234	510098.848575353666	691
1	6245	510774.319712072654	692
1	6254	511650.034023542	693
1	6261	512478.300729626833	694
1	6270	513140.293643251104	695
1	6281	513791.565386066256	696
1	6286	514144.242188567338	697
1	6297	515007.636831980241	698
1	6304	515600.595976738302	699
1	6317	517036.075619794471	700
1	6326	517774.711985187648	701
1	6333	518250.951413624032	702
1	6340	519018.298972724048	703
1	6351	519908.426978811665	704
1	6358	520554.931922536387	705
1	6369	521618.384935241236	706
1	6378	522534.501430951102	707
1	6389	523425.390594452662	708
1	6394	523892.356808669908	709
1	6403	524379.187662899537	710
1	6414	525325.954331830187	711
1	6423	525733.929225755898	712
1	6434	526618.278855783908	713
1	6439	526925.328371068506	714
1	6448	527627.029617922424	715
1	6457	528523.545150691687	716
1	6466	529417.530899075834	717
1	6479	530452.326542744457	718
1	6488	531282.545798365071	719
1	6495	531674.813974276229	720
1	6504	532454.813036229506	721
1	6515	533303.74148623091	722
1	6520	533714.324387395799	723
1	6533	534877.272748947189	724
1	6540	535619.711709162266	725
1	6551	536648.650081269489	726
1	6556	536977.402738854335	727
1	6565	537328.88211747636	728
1	6574	537911.378074530559	729
1	6585	538908.396055502864	730
1	6592	539656.85047167358	731
1	6601	540255.186463706241	732
1	6610	540987.362794904084	733
1	6619	541700.581599818589	734
1	6630	542834.14608109747	735
1	6639	543308.410641364799	736
1	6650	544383.163275523157	737
1	6655	544765.030286181764	738
1	6668	545843.569357367278	739
1	6675	546439.113884093286	740
1	6682	547111.46811638032	741
1	6691	547893.835536763118	742
1	6704	548827.457193145575	743
1	6711	549543.143986025872	744
1	6718	550044.405825482728	745
1	6729	551205.073628202127	746
1	6736	551841.534208785789	747
1	6747	552668.793396838056	748
1	6758	553597.185450000735	749
1	6765	554152.000269340398	750
1	6774	554930.717568006413	751
1	6781	555623.083917237865	752
1	6794	556586.954369768548	753
1	6801	557137.021360080737	754
1	6808	557579.748684447307	755
1	6819	558844.822734408128	756
1	6828	559806.448636762845	757
1	6839	560701.706498628529	758
1	6846	561305.491504166322	759
1	6853	561707.131734956103	760
1	6864	562490.802625659901	761
1	6873	563306.018252670813	762
1	6882	563941.184118809227	763
1	6889	564668.202275410343	764
1	6902	565528.430503187749	765
1	6911	566366.812156001154	766
1	6916	566887.936636945281	767
1	6927	567633.086218172732	768
1	6934	568072.975425934467	769
1	6945	569149.271130189348	770
1	6954	570002.167045511354	771
1	6963	570815.405708877418	772
1	6970	571130.136262625504	773
1	6979	572041.040267888505	774
1	6988	573131.703948508996	775
1	6997	573604.00729360995	776
1	7006	574521.994179161314	777
1	7017	575384.788283379797	778
1	7024	575790.454428456772	779
1	7037	577303.021153388594	780
1	7044	577722.7454848588	781
1	7051	578078.993837814827	782
1	7064	579611.469042906587	783
1	7071	580162.539955135484	784
1	7078	580659.544004593094	785
1	7087	581863.843706622769	786
1	7100	583016.609487030705	787
1	7109	583776.870350400036	788
1	7114	584250.273874495229	789
1	7123	585034.87441004259	790
1	7132	585718.605423811874	791
1	7141	586360.591628216258	792
1	7152	587220.212348364344	793
1	7163	587990.532830357602	794
1	7168	588433.636834798431	795
1	7179	589572.180247725969	796
1	7188	590010.181649867495	797
1	7199	591128.994859568825	798
1	7206	591907.250761706432	799
1	7215	592301.844136789492	800
1	7222	592900.525298807821	801
1	7233	594079.535004263794	802
1	7242	594813.91861201269	803
1	7253	595697.848925879276	804
1	7258	596142.289688950455	805
1	7269	596827.691635396382	806
1	7276	597274.223968433267	807
1	7289	598598.38459705939	808
1	7296	599045.558642456359	809
1	7303	599637.843976216442	810
1	7308	600226.067941635898	811
1	7325	601773.992278939165	812
1	7332	602581.837186915852	813
1	7343	603350.812269095383	814
1	7352	604147.3408279941	815
1	7357	604734.945302875764	816

